0.0 0.2329466643536788 0.2188380467513561 0.17331973302707404 0.2521014298575622
0.5711986642890533 0.2967958826999568 0.2836141085897575 0.2556028386055839 0.30812396982590934
1.1423973285781066 0.2961779870385412 0.34138735293211553 0.2801126998417358 0.22233945549937778
1.7135959928671598 0.23212280347179134 0.23109297736943205 0.26435636047563815 0.17857184614910657
2.284794657156213 0.16230059373182928 0.16631691553103062 0.1803225505231174 0.13130282805081364
2.8559933214452666 0.10792577552725702 0.11204507993669433 0.13130282805081364 0.10154085369262923
3.4271919857343196 0.07002817496043395 0.07528028808246649 0.11379578431070517 0.04726901809829292
3.998390650023373 0.04541533111404614 0.024509861236151884 0.0717788793344448 0.036764791854227825
4.569589314312426 0.051388322507730205 0.01400563499208679 0.05252113122032546 0.11904789743273772
5.140787978601479 0.0848576708344082 0.0717788793344448 0.09979014931861838 0.1365549411728462
5.711986642890533 0.1707451677711757 0.2118352292553127 0.12780141930279196 0.21708734237734525
