0.0 0.13882055859803671 0.14880987179092214 0.12254930618075942 0.1803225505231174
0.5711986642890533 0.1452054804326645 0.1803225505231174 0.09628874057059668 0.1803225505231174
1.1423973285781066 0.1442786369405411 0.11904789743273772 0.09103662744856413 0.15581268928696554
1.7135959928671598 0.15828427193262792 0.1680676199050415 0.10679296681466177 0.19257748114119336
2.284794657156213 0.16446322854678386 0.17507043740108488 0.15056057616493299 0.16456621115701978
2.8559933214452666 0.15993199369640285 0.13830564554685706 0.19257748114119336 0.11029437556268347
3.4271919857343196 0.1739376286884896 0.208333820507291 0.21008452488130183 0.1260507149287811
3.998390650023373 0.1792927244207581 0.18907607239317167 0.21358593362932354 0.12254930618075942
4.569589314312426 0.17610026350344418 0.15406198491295467 0.23459438611745376 0.16281550678300893
5.140787978601479 0.1652870894286713 0.1400563499208679 0.20133100301124762 0.18382395927113912
5.711986642890533 0.1451024978224286 0.1295521236768028 0.13130282805081364 0.17156902865306317
