0.0 0.2054503074206849 0.19082677676718252 0.1803225505231174 0.2258408642473995
0.5711986642890533 0.15406198491295467 0.14880987179092214 0.1680676199050415 0.14530846304290046
1.1423973285781066 0.10566015810206651 0.08228310557850989 0.10329155806664007 0.1260507149287811
1.7135959928671598 0.08671135781865498 0.08753521870054244 0.10329155806664007 0.1365549411728462
2.284794657156213 0.07682502723600548 0.06127465309037971 0.07703099245647733 0.09103662744856413
2.8559933214452666 0.09659768840130448 0.11204507993669433 0.09979014931861838 0.11204507993669433
3.4271919857343196 0.13089089760986994 0.12430001055477025 0.1435577586688896 0.16456621115701978
3.998390650023373 0.1707451677711757 0.16281550678300893 0.18382395927113912 0.17682114177509572
4.569589314312426 0.2252229685859839 0.21358593362932354 0.2363450904914646 0.19257748114119336
5.140787978601479 0.24746721239694527 0.28886622171179005 0.23459438611745376 0.17682114177509572
5.711986642890533 0.2510716037552029 0.27836199546772494 0.22058875112536694 0.20308170738525846
