0.0 0.06467307922816547 0.0682774705864231 0.07528028808246649 0.07352958370845565
0.5711986642890533 0.09865734060602312 0.12079860180674858 0.054271835594336314 0.16456621115701978
1.1423973285781066 0.1362459933421384 0.1295521236768028 0.12430001055477025 0.15756339366097638
1.7135959928671598 0.2124531249167283 0.20308170738525846 0.23809579486547544 0.19082677676718252
2.284794657156213 0.3020479958219894 0.35189157917618064 0.31512678732195276 0.2258408642473995
2.8559933214452666 0.3480812225974511 0.3956591885264518 0.2871155173377792 0.2521014298575622
3.4271919857343196 0.2864976216763636 0.2696084735976707 0.27836199546772494 0.25035072548355136
3.998390650023373 0.15509181101531402 0.1400563499208679 0.15406198491295467 0.16981832427905233
4.569589314312426 0.07013115757066989 0.03851549622823867 0.09453803619658584 0.11729719305872688
5.140787978601479 0.03769163534635122 0.015756339366097636 0.0717788793344448 0.06127465309037971
5.711986642890533 0.03913339188965427 0.01750704374010849 0.05777324434235801 0.08753521870054244
