0.0 0.15529777623578586 0.16456621115701978 0.11554648868471602 0.19082677676718252
0.5711986642890533 0.1441756543303052 0.1330535324248245 0.11029437556268347 0.17331973302707404
1.1423973285781066 0.12687457581066858 0.1260507149287811 0.16981832427905233 0.14180705429487875
1.7135959928671598 0.13222967154293705 0.07528028808246649 0.18557466364514996 0.1365549411728462
2.284794657156213 0.16889148078692892 0.2118352292553127 0.15931409803498722 0.14180705429487875
2.8559933214452666 0.17723307221603946 0.21358593362932354 0.14880987179092214 0.16281550678300893
3.4271919857343196 0.1754823678420286 0.2363450904914646 0.14530846304290046 0.14880987179092214
3.998390650023373 0.17610026350344418 0.16981832427905233 0.19958029863723675 0.13830564554685706
4.569589314312426 0.1719809590940069 0.14180705429487875 0.1803225505231174 0.16456621115701978
5.140787978601479 0.16322743722395266 0.14530846304290046 0.1873253680191608 0.1610648024089981
5.711986642890533 0.1592111154247513 0.1330535324248245 0.14880987179092214 0.19082677676718252
