0.0 0.12687457581066858 0.11904789743273772 0.13130282805081364 0.1943281855152042
0.5711986642890533 0.15818128932239198 0.13830564554685706 0.11904789743273772 0.18557466364514996
1.1423973285781066 0.20369960304667406 0.17331973302707404 0.18557466364514996 0.17682114177509572
1.7135959928671598 0.24149422100326118 0.2941183348338226 0.2293422729954212 0.21358593362932354
2.284794657156213 0.24108229056231748 0.2696084735976707 0.2486000211095405 0.15406198491295467
2.8559933214452666 0.1897969506648232 0.19082677676718252 0.22409015987338865 0.15581268928696554
3.4271919857343196 0.14221898473582248 0.14880987179092214 0.15931409803498722 0.11554648868471602
3.998390650023373 0.11266297559810991 0.12254930618075942 0.11729719305872688 0.11204507993669433
4.569589314312426 0.09783347972413567 0.08403380995252074 0.11729719305872688 0.10329155806664007
5.140787978601479 0.1055571754918306 0.08578451432653159 0.09453803619658584 0.1470591674169113
5.711986642890533 0.13130282805081364 0.12430001055477025 0.12430001055477025 0.19257748114119336
