0.0 0.11266297559810991 0.10329155806664007 0.16281550678300893 0.10679296681466177
0.5711986642890533 0.16034392413734658 0.14880987179092214 0.21533663800333439 0.16981832427905233
1.1423973285781066 0.2172933075978171 0.22759156862141033 0.17682114177509572 0.19958029863723675
1.7135959928671598 0.23212280347179134 0.26085495172761647 0.15581268928696554 0.2801126998417358
2.284794657156213 0.23819877747571136 0.22233945549937778 0.15581268928696554 0.2713591779716816
2.8559933214452666 0.21368891623955946 0.22759156862141033 0.17507043740108488 0.17857184614910657
3.4271919857343196 0.15045759355469704 0.14530846304290046 0.17331973302707404 0.15231128053894383
3.998390650023373 0.1116331494957506 0.13130282805081364 0.11379578431070517 0.11729719305872688
4.569589314312426 0.10576314071230244 0.11554648868471602 0.12079860180674858 0.09803944494460753
5.140787978601479 0.10040804498003397 0.07352958370845565 0.15406198491295467 0.10854367118867263
5.711986642890533 0.1081317407477289 0.09453803619658584 0.1470591674169113 0.0682774705864231
