0.0 0.12007772353509703 0.11729719305872688 0.16631691553103062 0.08403380995252074
0.5711986642890533 0.16508112420819943 0.19082677676718252 0.15581268928696554 0.15406198491295467
1.1423973285781066 0.2086427683379988 0.22233945549937778 0.17331973302707404 0.21008452488130183
1.7135959928671598 0.2424210644953846 0.2521014298575622 0.18207325489712825 0.27661129109371413
2.284794657156213 0.23418245567651003 0.17857184614910657 0.1943281855152042 0.28536481296376837
2.8559933214452666 0.20246381172384284 0.15231128053894383 0.16631691553103062 0.2976197435818443
3.4271919857343196 0.17043621994046793 0.1803225505231174 0.1680676199050415 0.17857184614910657
3.998390650023373 0.13634897595237433 0.16981832427905233 0.13830564554685706 0.10854367118867263
4.569589314312426 0.10596910593277431 0.14880987179092214 0.12254930618075942 0.06652676621241226
5.140787978601479 0.07651607940529769 0.0717788793344448 0.13130282805081364 0.02626056561016273
5.711986642890533 0.08856504480290177 0.06652676621241226 0.15231128053894383 0.06302535746439054
