0.0 0.35907123549788167 0.43417468475469045 0.34043242327356416 0.3206972103301691
0.2026833970057931 0.3771618473626604 0.4292408815188417 0.3897704556320517 0.36016763621695913
0.4053667940115862 0.36181223729557543 0.3206972103301691 0.3700352426886567 0.28616058767922786
0.6080501910173793 0.3130224052966266 0.32563101356601787 0.3354986200377154 0.2713591779716816
0.8107335880231724 0.28835338911738284 0.25162396502828654 0.2713591779716816 0.30589580062262284
1.0134169850289656 0.2521721653878253 0.2466901617924378 0.2713591779716816 0.22695494884904274
1.2161003820347587 0.21270173950103527 0.20721973590564774 0.3108296038584716 0.28616058767922786
1.4187837790405518 0.18145431900732645 0.16281550678300893 0.1874845229622527 0.1233450808962189
1.6214671760463448 0.14472489491823015 0.1233450808962189 0.1677493100188577 0.11347747442452137
1.824150573052138 0.14253209348007514 0.13814649060376516 0.14801409707546268 0.19241832619810148
2.026833970057931 0.10086886615513012 0.12827888413206764 0.06907324530188258 0.0789408517735801
2.2295173670637243 0.09922426507651386 0.1578817035471602 0.06907324530188258 0.09867606471697511
2.4322007640695174 0.08935665860481636 0.11841127766037014 0.05920563883018507 0.11841127766037014
2.6348841610753104 0.08606745644758385 0.06907324530188258 0.09867606471697511 0.08387465500942885
2.8375675580811035 0.06742864422326633 0.05920563883018507 0.03453662265094129 0.06907324530188258
3.0402509550868966 0.05810923811110757 0.05427183559433631 0.06907324530188258 0.049338032358487556
3.2429343520926897 0.04988623271802631 0.049338032358487556 0.05920563883018507 0.06413944206603382
3.4456177490984827 0.03782582480817379 0.024669016179243778 0.029602819415092536 0.06413944206603382
3.648301146104276 0.028506418696015032 0.019735212943395024 0.029602819415092536 0.06907324530188258
3.850984543110069 0.019187012583856272 0.014801409707546268 0.024669016179243778 0.029602819415092536
4.053667940115862 0.03398842229140254 0.024669016179243778 0.019735212943395024 0.09867606471697511
4.2563513371216555 0.029602819415092536 0.03947042588679005 0.03947042588679005 0.029602819415092536
4.4590347341274486 0.05591643667295257 0.05427183559433631 0.07400704853773134 0.06413944206603382
4.661718131133242 0.06797684458280508 0.03947042588679005 0.08387465500942885 0.1233450808962189
4.864401528139035 0.09593506291928136 0.049338032358487556 0.12827888413206764 0.12827888413206764
5.067084925144828 0.11676667658175388 0.14308029383961393 0.15294790031131142 0.10360986795282387
5.269768322150621 0.18145431900732645 0.1776169164905552 0.1677493100188577 0.17268311325470645
5.472451719156414 0.206671535546109 0.21708734237734523 0.21708734237734523 0.1874845229622527
5.675135116162207 0.2532685661069028 0.2713591779716816 0.20721973590564774 0.26149157149998403
5.877818513168 0.28780518875784405 0.24175635855658903 0.24175635855658903 0.2664253747358328
6.080501910173793 0.3349504196781766 0.34043242327356416 0.2664253747358328 0.28616058767922786
