0.0 0.2165391420178065 0.22695494884904274 0.1874845229622527 0.21708734237734523
0.2026833970057931 0.24340095963520528 0.26149157149998403 0.2466901617924378 0.21215353914149648
0.4053667940115862 0.2664253747358328 0.35030002974526164 0.222021145613194 0.25162396502828654
0.6080501910173793 0.2691663765335266 0.29602819415092535 0.2762929812075303 0.25162396502828654
0.8107335880231724 0.2751965804884528 0.29109439091507655 0.24175635855658903 0.22695494884904274
1.0134169850289656 0.21708734237734523 0.222021145613194 0.22695494884904274 0.1776169164905552
1.2161003820347587 0.222021145613194 0.16281550678300893 0.3009619973867741 0.19241832619810148
1.4187837790405518 0.21215353914149648 0.1677493100188577 0.19735212943395022 0.222021145613194
1.6214671760463448 0.17706871613101643 0.19735212943395022 0.25162396502828654 0.10854367118867261
1.824150573052138 0.16939391109747395 0.1776169164905552 0.202285932669799 0.11841127766037014
2.026833970057931 0.16446010786162518 0.17268311325470645 0.1776169164905552 0.1874845229622527
2.2295173670637243 0.14636949599684643 0.14801409707546268 0.1677493100188577 0.1776169164905552
2.4322007640695174 0.15897810426623768 0.17268311325470645 0.16281550678300893 0.18255071972640394
2.6348841610753104 0.15459250138992767 0.17268311325470645 0.1874845229622527 0.08387465500942885
2.8375675580811035 0.13266448700837766 0.12827888413206764 0.11841127766037014 0.11841127766037014
3.0402509550868966 0.12444148161529639 0.13814649060376516 0.09374226148112635 0.1776169164905552
3.2429343520926897 0.13101988592976138 0.10854367118867261 0.14308029383961393 0.14801409707546268
3.4456177490984827 0.0942904618406651 0.08387465500942885 0.07400704853773134 0.09374226148112635
3.648301146104276 0.10196526687420762 0.10360986795282387 0.08387465500942885 0.11841127766037014
3.850984543110069 0.0964832632788201 0.07400704853773134 0.09374226148112635 0.0888084582452776
4.053667940115862 0.0877120575262001 0.11347747442452137 0.06907324530188258 0.11347747442452137
4.2563513371216555 0.08551925608804509 0.0789408517735801 0.09867606471697511 0.0888084582452776
4.4590347341274486 0.08716385716666135 0.10854367118867261 0.07400704853773134 0.06907324530188258
4.661718131133242 0.0899048589643551 0.08387465500942885 0.11841127766037014 0.09374226148112635
4.864401528139035 0.09374226148112635 0.0789408517735801 0.11347747442452137 0.09867606471697511
5.067084925144828 0.11128467298636636 0.10854367118867261 0.15294790031131142 0.15294790031131142
5.269768322150621 0.12279688053668013 0.11347747442452137 0.11347747442452137 0.15294790031131142
5.472451719156414 0.14965869815407892 0.10360986795282387 0.09374226148112635 0.1677493100188577
5.675135116162207 0.15733350318762143 0.19241832619810148 0.10854367118867261 0.1677493100188577
5.877818513168 0.16610470894024143 0.1233450808962189 0.13814649060376516 0.24175635855658903
6.080501910173793 0.208864336984264 0.17268311325470645 0.19735212943395022 0.23188875208489151
