0.0 0.5054407314947281 0.49831412682072435 0.44897609446223674 0.3996380621037492
0.2026833970057931 0.5098263343710381 0.5920563883018507 0.46871130740563177 0.4588437009339343
0.4053667940115862 0.4275962804402255 0.4539098976980855 0.37990284916035416 0.3206972103301691
0.6080501910173793 0.3053476002630841 0.30589580062262284 0.2664253747358328 0.2762929812075303
0.8107335880231724 0.23682255532074029 0.222021145613194 0.28616058767922786 0.2762929812075303
1.0134169850289656 0.14417669455869142 0.1233450808962189 0.21215353914149648 0.18255071972640394
1.2161003820347587 0.09045305932389386 0.06413944206603382 0.11841127766037014 0.12827888413206764
1.4187837790405518 0.06742864422326633 0.05920563883018507 0.0888084582452776 0.0789408517735801
1.6214671760463448 0.03727762444863504 0.024669016179243778 0.06413944206603382 0.06907324530188258
1.824150573052138 0.025765416898321278 0.029602819415092536 0.03453662265094129 0.03947042588679005
2.026833970057931 0.01809061186477877 0.009867606471697512 0.03947042588679005 0.0444042291226388
2.2295173670637243 0.019187012583856272 0.014801409707546268 0.029602819415092536 0.024669016179243778
2.4322007640695174 0.01809061186477877 0.014801409707546268 0.049338032358487556 0.014801409707546268
2.6348841610753104 0.01041580683123626 0.004933803235848756 0.019735212943395024 0.014801409707546268
2.8375675580811035 0.007126604674003758 0.0 0.024669016179243778 0.009867606471697512
3.0402509550868966 0.00931940611215876 0.0 0.019735212943395024 0.004933803235848756
3.2429343520926897 0.01699421114570127 0.0 0.024669016179243778 0.029602819415092536
3.4456177490984827 0.01699421114570127 0.024669016179243778 0.019735212943395024 0.019735212943395024
3.648301146104276 0.02521721653878253 0.024669016179243778 0.024669016179243778 0.019735212943395024
3.850984543110069 0.03782582480817379 0.024669016179243778 0.03453662265094129 0.03453662265094129
4.053667940115862 0.04769343127987131 0.06413944206603382 0.03453662265094129 0.05920563883018507
4.2563513371216555 0.06578404314465008 0.06413944206603382 0.06413944206603382 0.09374226148112635
4.4590347341274486 0.06688044386372757 0.05427183559433631 0.08387465500942885 0.09867606471697511
4.661718131133242 0.08003725249265758 0.10360986795282387 0.09374226148112635 0.09867606471697511
4.864401528139035 0.11731487694129263 0.09867606471697511 0.10854367118867261 0.14308029383961393
5.067084925144828 0.1633637071425477 0.1233450808962189 0.20721973590564774 0.1677493100188577
5.269768322150621 0.19954493087210523 0.1874845229622527 0.2565577682641353 0.21215353914149648
5.472451719156414 0.3009619973867741 0.2762929812075303 0.28122678444337906 0.3453662265094129
5.675135116162207 0.39634885994651675 0.4884465203490268 0.3700352426886567 0.37990284916035416
5.877818513168 0.46048830201255053 0.5081817332924218 0.38483665239620296 0.43910848799053925
6.080501910173793 0.5059889318542669 0.47364511064148057 0.39470425886790045 0.44897609446223674
