0.0 0.4297890818783805 0.444042291226388 0.38483665239620296 0.28616058767922786
0.2026833970057931 0.46048830201255053 0.46377750416978303 0.36016763621695913 0.3749690459245054
0.4053667940115862 0.41005386893498547 0.5081817332924218 0.37990284916035416 0.3552338329811104
0.6080501910173793 0.3640050387337304 0.40950566857544674 0.3651014394528079 0.3453662265094129
0.8107335880231724 0.28835338911738284 0.3157634070943204 0.30589580062262284 0.24175635855658903
1.0134169850289656 0.219828344175039 0.2565577682641353 0.21215353914149648 0.21708734237734523
1.2161003820347587 0.1633637071425477 0.14801409707546268 0.16281550678300893 0.21708734237734523
1.4187837790405518 0.12773068377252889 0.1233450808962189 0.15294790031131142 0.10854367118867261
1.6214671760463448 0.10909187154821139 0.11347747442452137 0.11841127766037014 0.13814649060376516
1.824150573052138 0.09045305932389386 0.07400704853773134 0.09374226148112635 0.10360986795282387
2.026833970057931 0.08003725249265758 0.06907324530188258 0.05427183559433631 0.1233450808962189
2.2295173670637243 0.06688044386372757 0.049338032358487556 0.06413944206603382 0.0789408517735801
2.4322007640695174 0.05372363523479756 0.03947042588679005 0.049338032358487556 0.06907324530188258
2.6348841610753104 0.05043443307756506 0.029602819415092536 0.05920563883018507 0.08387465500942885
2.8375675580811035 0.03618122372955754 0.024669016179243778 0.03947042588679005 0.049338032358487556
3.0402509550868966 0.030699220134170032 0.03947042588679005 0.03453662265094129 0.049338032358487556
3.2429343520926897 0.01644601078616252 0.004933803235848756 0.029602819415092536 0.024669016179243778
3.4456177490984827 0.013705008988468766 0.009867606471697512 0.0444042291226388 0.014801409707546268
3.648301146104276 0.006030203954926257 0.0 0.009867606471697512 0.019735212943395024
3.850984543110069 0.00931940611215876 0.0 0.009867606471697512 0.03947042588679005
4.053667940115862 0.012060407909852513 0.004933803235848756 0.004933803235848756 0.03947042588679005
4.2563513371216555 0.01589781042662377 0.004933803235848756 0.004933803235848756 0.049338032358487556
4.4590347341274486 0.02521721653878253 0.004933803235848756 0.03947042588679005 0.06413944206603382
4.661718131133242 0.04275962804402254 0.024669016179243778 0.05427183559433631 0.09867606471697511
4.864401528139035 0.06797684458280508 0.049338032358487556 0.08387465500942885 0.08387465500942885
5.067084925144828 0.10306166759328511 0.09374226148112635 0.1233450808962189 0.1578817035471602
5.269768322150621 0.1765205157714777 0.1874845229622527 0.22695494884904274 0.19241832619810148
5.472451719156414 0.2642325732976778 0.28122678444337906 0.28616058767922786 0.2762929812075303
5.675135116162207 0.35139643046433916 0.3206972103301691 0.40950566857544674 0.33056481680186667
5.877818513168 0.38374025167712544 0.43417468475469045 0.34043242327356416 0.28616058767922786
6.080501910173793 0.4643257045293218 0.404571865339598 0.4292408815188417 0.4144394718112955
