0.0 0.47364511064148057 0.48351271711317806 0.4144394718112955 0.40950566857544674
0.2026833970057931 0.5109227350901155 0.5476521591792118 0.5377845527075144 0.40950566857544674
0.4053667940115862 0.48680191927041055 0.47364511064148057 0.43910848799053925 0.42430707828299297
0.6080501910173793 0.4423976901477718 0.44897609446223674 0.38483665239620296 0.47364511064148057
0.8107335880231724 0.3974452606655942 0.46871130740563177 0.43417468475469045 0.3700352426886567
1.0134169850289656 0.2905461905555378 0.2713591779716816 0.2466901617924378 0.22695494884904274
1.2161003820347587 0.232985152803969 0.22695494884904274 0.2565577682641353 0.19735212943395022
1.4187837790405518 0.14417669455869142 0.1233450808962189 0.19241832619810148 0.1776169164905552
1.6214671760463448 0.11018827226728888 0.07400704853773134 0.11841127766037014 0.15294790031131142
1.824150573052138 0.06962144566142132 0.03947042588679005 0.10360986795282387 0.11347747442452137
2.026833970057931 0.03727762444863504 0.0444042291226388 0.0444042291226388 0.0444042291226388
2.2295173670637243 0.022476214741088775 0.029602819415092536 0.0444042291226388 0.03453662265094129
2.4322007640695174 0.01754241150524002 0.009867606471697512 0.019735212943395024 0.029602819415092536
2.6348841610753104 0.010964007190775012 0.009867606471697512 0.014801409707546268 0.014801409707546268
2.8375675580811035 0.00931940611215876 0.004933803235848756 0.004933803235848756 0.024669016179243778
3.0402509550868966 0.007126604674003758 0.0 0.009867606471697512 0.019735212943395024
3.2429343520926897 0.004933803235848756 0.004933803235848756 0.004933803235848756 0.009867606471697512
3.4456177490984827 0.007126604674003758 0.0 0.004933803235848756 0.019735212943395024
3.648301146104276 0.0032892021572325037 0.0 0.004933803235848756 0.004933803235848756
3.850984543110069 0.00822300539308126 0.0 0.014801409707546268 0.019735212943395024
4.053667940115862 0.00822300539308126 0.004933803235848756 0.009867606471697512 0.014801409707546268
4.2563513371216555 0.023572615460166275 0.0 0.049338032358487556 0.0444042291226388
4.4590347341274486 0.030699220134170032 0.0 0.03947042588679005 0.10854367118867261
4.661718131133242 0.046597030560793805 0.019735212943395024 0.07400704853773134 0.08387465500942885
4.864401528139035 0.06304304134695632 0.0444042291226388 0.07400704853773134 0.06907324530188258
5.067084925144828 0.10086886615513012 0.10854367118867261 0.07400704853773134 0.12827888413206764
5.269768322150621 0.14636949599684643 0.17268311325470645 0.1874845229622527 0.1677493100188577
5.472451719156414 0.2077679362651865 0.2565577682641353 0.21708734237734523 0.18255071972640394
5.675135116162207 0.26039517078090657 0.2762929812075303 0.24175635855658903 0.20721973590564774
5.877818513168 0.3409806236331029 0.3206972103301691 0.30589580062262284 0.3700352426886567
6.080501910173793 0.4182768743280667 0.46871130740563177 0.3651014394528079 0.37990284916035416
