0.0 0.3250828132064791 0.404571865339598 0.36016763621695913 0.32563101356601787
0.2026833970057931 0.3278238150041729 0.3453662265094129 0.23682255532074029 0.3206972103301691
0.4053667940115862 0.3239864124874016 0.29602819415092535 0.29109439091507655 0.3009619973867741
0.6080501910173793 0.2653289740167553 0.30589580062262284 0.22695494884904274 0.2762929812075303
0.8107335880231724 0.2384671563993565 0.23188875208489151 0.14308029383961393 0.25162396502828654
1.0134169850289656 0.232985152803969 0.23188875208489151 0.24175635855658903 0.2664253747358328
1.2161003820347587 0.18364712044548145 0.14801409707546268 0.19735212943395022 0.222021145613194
1.4187837790405518 0.18090611864778772 0.222021145613194 0.21708734237734523 0.18255071972640394
1.6214671760463448 0.16391190750208645 0.19735212943395022 0.1677493100188577 0.1677493100188577
1.824150573052138 0.16829751037839646 0.15294790031131142 0.1332126873679164 0.14308029383961393
2.026833970057931 0.17597231541193895 0.1874845229622527 0.18255071972640394 0.1874845229622527
2.2295173670637243 0.13705008988468764 0.09867606471697511 0.14308029383961393 0.12827888413206764
2.4322007640695174 0.1343090880869939 0.12827888413206764 0.1578817035471602 0.12827888413206764
2.6348841610753104 0.09867606471697511 0.10360986795282387 0.0888084582452776 0.0789408517735801
2.8375675580811035 0.0877120575262001 0.10854367118867261 0.09374226148112635 0.08387465500942885
3.0402509550868966 0.06085023990880132 0.05427183559433631 0.11841127766037014 0.06907324530188258
3.2429343520926897 0.038374025167712544 0.029602819415092536 0.06413944206603382 0.029602819415092536
3.4456177490984827 0.03508482301048004 0.009867606471697512 0.05920563883018507 0.024669016179243778
3.648301146104276 0.03234382121278629 0.014801409707546268 0.0444042291226388 0.029602819415092536
3.850984543110069 0.03234382121278629 0.014801409707546268 0.06907324530188258 0.03947042588679005
4.053667940115862 0.038922225527251296 0.03947042588679005 0.06907324530188258 0.0444042291226388
4.2563513371216555 0.04275962804402254 0.03453662265094129 0.05427183559433631 0.0789408517735801
4.4590347341274486 0.04385602876310005 0.014801409707546268 0.10360986795282387 0.0444042291226388
4.661718131133242 0.06797684458280508 0.05920563883018507 0.0789408517735801 0.0789408517735801
4.864401528139035 0.09045305932389386 0.08387465500942885 0.1233450808962189 0.08387465500942885
5.067084925144828 0.1375982902442264 0.09867606471697511 0.1578817035471602 0.12827888413206764
5.269768322150621 0.18364712044548145 0.1874845229622527 0.16281550678300893 0.1874845229622527
5.472451719156414 0.21928014381550026 0.23188875208489151 0.19241832619810148 0.1874845229622527
5.675135116162207 0.26368437293813907 0.28616058767922786 0.2713591779716816 0.25162396502828654
5.877818513168 0.28396778624107283 0.3108296038584716 0.2466901617924378 0.28616058767922786
6.080501910173793 0.31850440889201415 0.3009619973867741 0.23682255532074029 0.30589580062262284
