0.0 0.2751965804884528 0.26149157149998403 0.22695494884904274 0.28616058767922786
0.2026833970057931 0.2691663765335266 0.3108296038584716 0.20721973590564774 0.21215353914149648
0.4053667940115862 0.257105968623674 0.24175635855658903 0.21215353914149648 0.24175635855658903
0.6080501910173793 0.23517795424212404 0.26149157149998403 0.20721973590564774 0.2713591779716816
0.8107335880231724 0.1885809236813302 0.18255071972640394 0.19241832619810148 0.2664253747358328
1.0134169850289656 0.14417669455869142 0.17268311325470645 0.14308029383961393 0.14801409707546268
1.2161003820347587 0.13595368916561015 0.0888084582452776 0.14801409707546268 0.19241832619810148
1.4187837790405518 0.11676667658175388 0.06413944206603382 0.14801409707546268 0.15294790031131142
1.6214671760463448 0.09867606471697511 0.06907324530188258 0.08387465500942885 0.11841127766037014
1.824150573052138 0.09593506291928136 0.08387465500942885 0.0888084582452776 0.1233450808962189
2.026833970057931 0.09374226148112635 0.11347747442452137 0.0888084582452776 0.09867606471697511
2.2295173670637243 0.10141706651466886 0.11347747442452137 0.11841127766037014 0.11347747442452137
2.4322007640695174 0.11841127766037014 0.11841127766037014 0.10360986795282387 0.11347747442452137
2.6348841610753104 0.11786307730083138 0.09374226148112635 0.12827888413206764 0.1332126873679164
2.8375675580811035 0.11073647262682762 0.12827888413206764 0.08387465500942885 0.11841127766037014
3.0402509550868966 0.12553788233437388 0.15294790031131142 0.09374226148112635 0.11347747442452137
3.2429343520926897 0.13156808628930017 0.15294790031131142 0.10360986795282387 0.10360986795282387
3.4456177490984827 0.12608608269391264 0.0888084582452776 0.09867606471697511 0.11347747442452137
3.648301146104276 0.12279688053668013 0.1332126873679164 0.13814649060376516 0.1332126873679164
3.850984543110069 0.1343090880869939 0.14308029383961393 0.17268311325470645 0.1332126873679164
4.053667940115862 0.11238107370544388 0.0789408517735801 0.15294790031131142 0.12827888413206764
4.2563513371216555 0.10251346723374637 0.08387465500942885 0.15294790031131142 0.10360986795282387
4.4590347341274486 0.10799547082913387 0.0888084582452776 0.13814649060376516 0.0888084582452776
4.661718131133242 0.11841127766037014 0.0888084582452776 0.14801409707546268 0.09867606471697511
4.864401528139035 0.12827888413206764 0.10854367118867261 0.1874845229622527 0.12827888413206764
5.067084925144828 0.15459250138992767 0.14801409707546268 0.1776169164905552 0.14801409707546268
5.269768322150621 0.17597231541193895 0.202285932669799 0.21708734237734523 0.14308029383961393
5.472451719156414 0.22531034777042652 0.24175635855658903 0.23682255532074029 0.17268311325470645
5.675135116162207 0.257105968623674 0.3453662265094129 0.222021145613194 0.19241832619810148
5.877818513168 0.2730037790502978 0.2466901617924378 0.26149157149998403 0.28616058767922786
6.080501910173793 0.2790339830052241 0.32563101356601787 0.25162396502828654 0.2565577682641353
