0.0 0.2532685661069028 0.2713591779716816 0.17268311325470645 0.26149157149998403
0.2026833970057931 0.25272036574736406 0.29602819415092535 0.23188875208489151 0.21215353914149648
0.4053667940115862 0.23791895603981777 0.202285932669799 0.2713591779716816 0.24175635855658903
0.6080501910173793 0.22805134956812026 0.3354986200377154 0.1874845229622527 0.19735212943395022
0.8107335880231724 0.20064133159118272 0.15294790031131142 0.1874845229622527 0.21708734237734523
1.0134169850289656 0.1721349128951677 0.1578817035471602 0.21215353914149648 0.15294790031131142
1.2161003820347587 0.15130329923269517 0.17268311325470645 0.21215353914149648 0.10360986795282387
1.4187837790405518 0.12553788233437388 0.12827888413206764 0.15294790031131142 0.10360986795282387
1.6214671760463448 0.10635086975051763 0.08387465500942885 0.08387465500942885 0.07400704853773134
1.824150573052138 0.10306166759328511 0.08387465500942885 0.10854367118867261 0.10360986795282387
2.026833970057931 0.08387465500942885 0.09374226148112635 0.06413944206603382 0.11841127766037014
2.2295173670637243 0.061398440268340064 0.03453662265094129 0.10360986795282387 0.06907324530188258
2.4322007640695174 0.05810923811110757 0.029602819415092536 0.10854367118867261 0.10360986795282387
2.6348841610753104 0.04769343127987131 0.029602819415092536 0.06907324530188258 0.06413944206603382
2.8375675580811035 0.04769343127987131 0.049338032358487556 0.049338032358487556 0.05427183559433631
3.0402509550868966 0.057561037751568817 0.05920563883018507 0.07400704853773134 0.08387465500942885
3.2429343520926897 0.07126604674003757 0.06413944206603382 0.07400704853773134 0.08387465500942885
3.4456177490984827 0.09374226148112635 0.08387465500942885 0.11841127766037014 0.09374226148112635
3.648301146104276 0.12005587873898638 0.10854367118867261 0.1578817035471602 0.10360986795282387
3.850984543110069 0.15349610067085018 0.15294790031131142 0.1776169164905552 0.16281550678300893
4.053667940115862 0.19351472691717897 0.1677493100188577 0.1874845229622527 0.15294790031131142
4.2563513371216555 0.1830989200859427 0.20721973590564774 0.11347747442452137 0.17268311325470645
4.4590347341274486 0.18364712044548145 0.23682255532074029 0.18255071972640394 0.17268311325470645
4.661718131133242 0.20831613662472526 0.1776169164905552 0.1776169164905552 0.222021145613194
4.864401528139035 0.2077679362651865 0.25162396502828654 0.20721973590564774 0.1776169164905552
5.067084925144828 0.2011895319507215 0.19241832619810148 0.17268311325470645 0.2762929812075303
5.269768322150621 0.19625572871487273 0.1578817035471602 0.14801409707546268 0.21708734237734523
5.472451719156414 0.20447873410795397 0.21215353914149648 0.23188875208489151 0.20721973590564774
5.675135116162207 0.22914775028719775 0.24175635855658903 0.21215353914149648 0.2565577682641353
5.877818513168 0.24449736035428277 0.25162396502828654 0.23682255532074029 0.222021145613194
6.080501910173793 0.25600956790459656 0.2466901617924378 0.2466901617924378 0.25162396502828654
