0.0 0.0007780908328937105 0.0 0.0 0.0017507043740108488
0.5711986642890533 0.0009726135411171382 0.0 0.0 0.0035014087480216977
1.1423973285781066 0.0017507043740108488 0.0 0.0052521131220325465 0.008753521870054244
1.7135959928671598 0.014394680408533646 0.0017507043740108488 0.03151267873219527 0.06127465309037971
2.284794657156213 0.1548400757458484 0.11729719305872688 0.24509861236151884 0.24509861236151884
2.8559933214452666 0.7162326116786605 0.7703099245647734 0.5864859652936344 0.5742310346755584
3.4271919857343196 0.6835527966971247 0.7265423152145022 0.5934887827896778 0.5024521553411135
3.998390650023373 0.1577579163691998 0.13130282805081364 0.23984649923948628 0.27836199546772494
4.569589314312426 0.01653443019899135 0.0 0.04551831372428206 0.06127465309037971
5.140787978601479 0.002917840623351415 0.0035014087480216977 0.0035014087480216977 0.008753521870054244
5.711986642890533 0.0009726135411171382 0.0 0.0 0.0052521131220325465
