0.0 0.0 0.0 0.0 0.0
0.5711986642890533 0.0 0.0 0.0 0.0
1.1423973285781066 0.0019452270822342764 0.0 0.0035014087480216977 0.012254930618075942
1.7135959928671598 0.014589203116757073 0.0 0.05252113122032546 0.04201690497626037
2.284794657156213 0.1309137826343668 0.08228310557850989 0.2258408642473995 0.23809579486547544
2.8559933214452666 0.7074790898086063 0.7107859758484046 0.6022423046597319 0.5829845565456127
3.4271919857343196 0.740547950206589 0.8595958476393267 0.589987374041656 0.5707296259275367
3.998390650023373 0.1381111228386336 0.09278733182257498 0.21708734237734525 0.25385213423157305
4.569589314312426 0.01556181665787421 0.0052521131220325465 0.05252113122032546 0.04726901809829292
5.140787978601479 0.0011671362493405658 0.0 0.007002817496043395 0.0
5.711986642890533 0.00038904541644685527 0.0 0.0 0.0035014087480216977
