0.0 0.0 0.0 0.0 0.0
0.5711986642890533 0.00019452270822342764 0.0 0.0 0.0017507043740108488
1.1423973285781066 0.0013616589575639933 0.0 0.0052521131220325465 0.0052521131220325465
1.7135959928671598 0.012254930618075942 0.0017507043740108488 0.03501408748021698 0.04551831372428206
2.284794657156213 0.15425650762117812 0.11554648868471602 0.24159720361349715 0.25735354297959473
2.8559933214452666 0.7292656331296302 0.8140775339150447 0.5934887827896778 0.5654775128055042
3.4271919857343196 0.6839418421135716 0.7142873845964263 0.5532225821874283 0.5602253996834716
3.998390650023373 0.15172771241427357 0.10154085369262923 0.26785776922365984 0.2486000211095405
4.569589314312426 0.01556181665787421 0.0035014087480216977 0.04551831372428206 0.06127465309037971
5.140787978601479 0.002139749790457704 0.0 0.008753521870054244 0.0052521131220325465
5.711986642890533 0.0 0.0 0.0 0.0
