0.0 0.001556181665787421 0.0 0.0 0.0052521131220325465
0.5711986642890533 0.001556181665787421 0.0 0.0017507043740108488 0.0035014087480216977
1.1423973285781066 0.0044740222891388355 0.0 0.010504226244065093 0.007002817496043395
1.7135959928671598 0.015172771241427355 0.010504226244065093 0.04901972247230377 0.036764791854227825
2.284794657156213 0.14239062241954903 0.11729719305872688 0.23459438611745376 0.22759156862141033
2.8559933214452666 0.7177887933444479 0.7633071070687301 0.5759817390495693 0.5654775128055042
3.4271919857343196 0.7057283854345954 0.752802880824665 0.5864859652936344 0.625001461521873
3.998390650023373 0.145113940334677 0.10329155806664007 0.243347907987508 0.21358593362932354
4.569589314312426 0.014200157700310216 0.0035014087480216977 0.04376760935027122 0.050770426846314616
5.140787978601479 0.0019452270822342764 0.0 0.0052521131220325465 0.010504226244065093
5.711986642890533 0.0007780908328937105 0.0 0.0 0.0052521131220325465
