0.0 0.0013616589575639933 0.0 0.0 0.007002817496043395
0.5711986642890533 0.0025287952069045594 0.0 0.0017507043740108488 0.010504226244065093
1.1423973285781066 0.004863067705585691 0.0 0.0052521131220325465 0.010504226244065093
1.7135959928671598 0.02373177040325817 0.015756339366097636 0.06302535746439054 0.0647760618384014
2.284794657156213 0.16709500636392433 0.14880987179092214 0.2258408642473995 0.243347907987508
2.8559933214452666 0.6960022500234241 0.7160380889704371 0.5742310346755584 0.5234606078292438
3.4271919857343196 0.6812185241984436 0.7317944283365347 0.5759817390495693 0.5689789215535258
3.998390650023373 0.149198917207369 0.13480423679883535 0.2328436817434429 0.22233945549937778
4.569589314312426 0.02139749790457704 0.0035014087480216977 0.06652676621241226 0.08228310557850989
5.140787978601479 0.0027233179151279867 0.0 0.0052521131220325465 0.01400563499208679
5.711986642890533 0.0005835681246702829 0.0 0.0 0.0035014087480216977
