0.0 0.0013616589575639933 0.0 0.0 0.0052521131220325465
0.5711986642890533 0.0007780908328937105 0.0 0.0017507043740108488 0.0052521131220325465
1.1423973285781066 0.0019452270822342764 0.0 0.007002817496043395 0.008753521870054244
1.7135959928671598 0.013811112283863364 0.0052521131220325465 0.03851549622823867 0.05602253996834716
2.284794657156213 0.14472489491823015 0.11554648868471602 0.23109297736943205 0.20133100301124762
2.8559933214452666 0.6989200906467755 0.7475507677026324 0.5812338521716018 0.5847352609196235
3.4271919857343196 0.7061174308510423 0.7685592201907626 0.5847352609196235 0.5584746953094607
3.998390650023373 0.15873052991031697 0.10854367118867263 0.2591042473536056 0.25035072548355136
4.569589314312426 0.016339907490767924 0.0052521131220325465 0.03851549622823867 0.05602253996834716
5.140787978601479 0.006030203954926257 0.0 0.007002817496043395 0.019257748114119334
5.711986642890533 0.0019452270822342764 0.0 0.0017507043740108488 0.0052521131220325465
