0.0 0.0 0.0 0.0 0.0
0.5711986642890533 0.0 0.0 0.0 0.0
1.1423973285781066 0.0013616589575639933 0.0 0.008753521870054244 0.0035014087480216977
1.7135959928671598 0.01653443019899135 0.0035014087480216977 0.05602253996834716 0.05602253996834716
2.284794657156213 0.149198917207369 0.1330535324248245 0.2258408642473995 0.2258408642473995
2.8559933214452666 0.696391295439871 0.7493014720766432 0.591738078415667 0.5689789215535258
3.4271919857343196 0.7111750212648514 0.7335451327105456 0.5724803303015475 0.6092451221557753
3.998390650023373 0.15522912116229526 0.11904789743273772 0.22409015987338865 0.2258408642473995
4.569589314312426 0.018479657281225626 0.012254930618075942 0.06127465309037971 0.05777324434235801
5.140787978601479 0.002139749790457704 0.0 0.010504226244065093 0.0035014087480216977
5.711986642890533 0.00019452270822342764 0.0 0.0 0.0
