0.0 0.0009726135411171382 0.0 0.0035014087480216977 0.0052521131220325465
0.5711986642890533 0.0025287952069045594 0.0 0.010504226244065093 0.007002817496043395
1.1423973285781066 0.00739186291249025 0.0017507043740108488 0.01400563499208679 0.02275915686214103
1.7135959928671598 0.04629640455717578 0.02275915686214103 0.09803944494460753 0.09979014931861838
2.284794657156213 0.2166982969608984 0.17507043740108488 0.243347907987508 0.2801126998417358
2.8559933214452666 0.6010751684103914 0.6652676621241225 0.4831944072269943 0.49544933784507017
3.4271919857343196 0.6016587365350617 0.672270479620166 0.451681728494799 0.4936986334710593
3.998390650023373 0.22272850091582463 0.18907607239317167 0.29236763045981173 0.2486000211095405
4.569589314312426 0.04357308664204779 0.024509861236151884 0.12079860180674858 0.07703099245647733
5.140787978601479 0.007197340204266823 0.0 0.03151267873219527 0.019257748114119334
5.711986642890533 0.0005835681246702829 0.0 0.0017507043740108488 0.0017507043740108488
