0.0 0.0027233179151279867 0.0017507043740108488 0.0 0.012254930618075942
0.5711986642890533 0.0027233179151279867 0.0017507043740108488 0.0035014087480216977 0.0017507043740108488
1.1423973285781066 0.007586385620713678 0.0 0.01750704374010849 0.02976197435818443
1.7135959928671598 0.04260047310093065 0.015756339366097636 0.10154085369262923 0.10504226244065092
2.284794657156213 0.21844900133490924 0.20308170738525846 0.2958690392078335 0.2696084735976707
2.8559933214452666 0.5923216465403371 0.6267521658958838 0.46743806786089664 0.47444088535694
3.4271919857343196 0.6010751684103914 0.6547634358800575 0.5164577903332004 0.47444088535694
3.998390650023373 0.22564634153917607 0.21358593362932354 0.24684931673552965 0.24684931673552965
4.569589314312426 0.04318404122560093 0.03151267873219527 0.07703099245647733 0.09628874057059668
5.140787978601479 0.01069874895228852 0.0017507043740108488 0.02275915686214103 0.02801126998417358
5.711986642890533 0.003695931456245125 0.0 0.0017507043740108488 0.012254930618075942
