0.0 0.0 0.0 0.0 0.0
0.5711986642890533 0.0 0.0 0.0 0.0
1.1423973285781066 0.0017507043740108488 0.0 0.007002817496043395 0.008753521870054244
1.7135959928671598 0.013616589575639933 0.0017507043740108488 0.03501408748021698 0.05252113122032546
2.284794657156213 0.1421960997113256 0.11029437556268347 0.243347907987508 0.21358593362932354
2.8559933214452666 0.6948351137740836 0.7493014720766432 0.5777324434235801 0.5234606078292438
3.4271919857343196 0.7234299518829274 0.7387972458325781 0.5952394871636886 0.6530127315060466
3.998390650023373 0.15911957532676382 0.1400563499208679 0.2486000211095405 0.25035072548355136
4.569589314312426 0.014394680408533646 0.010504226244065093 0.03851549622823867 0.04201690497626037
5.140787978601479 0.0013616589575639933 0.0 0.0052521131220325465 0.007002817496043395
5.711986642890533 0.0 0.0 0.0 0.0
