0.0 0.02470438394437531 0.008753521870054244 0.054271835594336314 0.07528028808246649
0.5711986642890533 0.021008452488130186 0.0052521131220325465 0.04901972247230377 0.06302535746439054
1.1423973285781066 0.02976197435818443 0.01400563499208679 0.07002817496043395 0.07528028808246649
1.7135959928671598 0.07216792475089165 0.05602253996834716 0.1400563499208679 0.11379578431070517
2.284794657156213 0.22136684195826065 0.24509861236151884 0.2363450904914646 0.23109297736943205
2.8559933214452666 0.5143180405427428 0.5952394871636886 0.3448887616801372 0.3028718567038768
3.4271919857343196 0.49564386055329357 0.5304634253252871 0.3378859441840938 0.3343845354360721
3.998390650023373 0.23109297736943205 0.22409015987338865 0.20308170738525846 0.2556028386055839
4.569589314312426 0.07566933349891336 0.054271835594336314 0.1435577586688896 0.1400563499208679
5.140787978601479 0.03657026914600439 0.008753521870054244 0.08053240120449905 0.09103662744856413
5.711986642890533 0.02840031540062043 0.008753521870054244 0.09103662744856413 0.0682774705864231
