0.0 0.017701566448331915 0.0 0.054271835594336314 0.04201690497626037
0.5711986642890533 0.024509861236151884 0.0035014087480216977 0.08753521870054244 0.054271835594336314
1.1423973285781066 0.025093429360822164 0.0052521131220325465 0.06302535746439054 0.07878169683048819
1.7135959928671598 0.05718967621768772 0.02801126998417358 0.12780141930279196 0.09278733182257498
2.284794657156213 0.22642443237206977 0.1943281855152042 0.2696084735976707 0.2328436817434429
2.8559933214452666 0.5489430826065127 0.625001461521873 0.3729000316643108 0.36589721416826737
3.4271919857343196 0.5366881519884369 0.6092451221557753 0.3028718567038768 0.36764791854227824
3.998390650023373 0.21708734237734525 0.24684931673552965 0.22233945549937778 0.2626056561016273
4.569589314312426 0.05952394871636886 0.03326338310620613 0.14530846304290046 0.12254930618075942
5.140787978601479 0.019452270822342764 0.0052521131220325465 0.05252113122032546 0.06652676621241226
5.711986642890533 0.01809061186477877 0.0 0.05252113122032546 0.0647760618384014
