0.0 0.020813929779906756 0.0035014087480216977 0.06652676621241226 0.03851549622823867
0.5711986642890533 0.017701566448331915 0.0017507043740108488 0.05252113122032546 0.04376760935027122
1.1423973285781066 0.02567699748549245 0.007002817496043395 0.08578451432653159 0.07703099245647733
1.7135959928671598 0.05329922205321917 0.03851549622823867 0.11379578431070517 0.12430001055477025
2.284794657156213 0.21864352404313264 0.22058875112536694 0.23109297736943205 0.243347907987508
2.8559933214452666 0.537660765529554 0.612746530903797 0.33263383106206124 0.37990284916035416
3.4271919857343196 0.5477759463571722 0.647760618384014 0.35364228355019145 0.3343845354360721
3.998390650023373 0.2139749790457704 0.17857184614910657 0.243347907987508 0.22233945549937778
4.569589314312426 0.06633224350418883 0.02976197435818443 0.15231128053894383 0.13480423679883535
5.140787978601479 0.02976197435818443 0.008753521870054244 0.07878169683048819 0.09278733182257498
5.711986642890533 0.019063225405895907 0.0017507043740108488 0.04026620060224952 0.05952394871636886
