0.0 0.014394680408533646 0.0 0.050770426846314616 0.02801126998417358
0.5711986642890533 0.02314820227858789 0.0017507043740108488 0.08053240120449905 0.0717788793344448
1.1423973285781066 0.024315338527928453 0.0035014087480216977 0.07352958370845565 0.08228310557850989
1.7135959928671598 0.06069108496570942 0.04201690497626037 0.11729719305872688 0.15231128053894383
2.284794657156213 0.20580502530038644 0.1873253680191608 0.19257748114119336 0.2258408642473995
2.8559933214452666 0.5366881519884369 0.6232507571478622 0.39215777977843014 0.35364228355019145
3.4271919857343196 0.5518609232298642 0.6267521658958838 0.34313805730612634 0.323880309192007
3.998390650023373 0.2266189550802932 0.2328436817434429 0.22058875112536694 0.25385213423157305
4.569589314312426 0.06399797100550769 0.03151267873219527 0.15581268928696554 0.12430001055477025
5.140787978601479 0.02275915686214103 0.0 0.0647760618384014 0.06652676621241226
5.711986642890533 0.020424884363459902 0.0017507043740108488 0.05952394871636886 0.0682774705864231
