0.0 0.01556181665787421 0.0017507043740108488 0.04201690497626037 0.04551831372428206
0.5711986642890533 0.01964679353056619 0.0017507043740108488 0.06302535746439054 0.06302535746439054
1.1423973285781066 0.028789360817067292 0.008753521870054244 0.08753521870054244 0.07002817496043395
1.7135959928671598 0.061469175798603136 0.02275915686214103 0.15581268928696554 0.13130282805081364
2.284794657156213 0.2182544786266858 0.21708734237734525 0.20308170738525846 0.23109297736943205
2.8559933214452666 0.5254058349114781 0.5742310346755584 0.35014087480216977 0.3606451010462348
3.4271919857343196 0.5436909694844801 0.6179986440258296 0.3483901704281589 0.35189157917618064
3.998390650023373 0.2266189550802932 0.2363450904914646 0.24684931673552965 0.23459438611745376
4.569589314312426 0.06263631204794369 0.05777324434235801 0.11029437556268347 0.12430001055477025
5.140787978601479 0.028789360817067292 0.008753521870054244 0.09278733182257498 0.07002817496043395
5.711986642890533 0.01984131623878962 0.0035014087480216977 0.050770426846314616 0.0682774705864231
