0.0 0.03929358706113238 0.010504226244065093 0.08403380995252074 0.10679296681466177
0.5711986642890533 0.040071677894026096 0.01400563499208679 0.09803944494460753 0.09103662744856413
1.1423973285781066 0.05291017663677232 0.02626056561016273 0.08928592307455328 0.10504226244065092
1.7135959928671598 0.10776558035577892 0.09103662744856413 0.1330535324248245 0.15231128053894383
2.284794657156213 0.24393147611217827 0.26085495172761647 0.1978295942632259 0.20308170738525846
2.8559933214452666 0.41978000434615687 0.4901972247230377 0.28886622171179005 0.2801126998417358
3.4271919857343196 0.41258266414189 0.4656873634868858 0.30112115232986597 0.29236763045981173
3.998390650023373 0.23829031757369884 0.243347907987508 0.23984649923948628 0.2048324117592693
4.569589314312426 0.10757105764755549 0.09979014931861838 0.12079860180674858 0.15231128053894383
5.140787978601479 0.05271565392854889 0.03326338310620613 0.11554648868471602 0.09453803619658584
5.711986642890533 0.035792178313110684 0.015756339366097636 0.08228310557850989 0.0682774705864231
