0.0 0.040071677894026096 0.019257748114119334 0.08403380995252074 0.09803944494460753
0.5711986642890533 0.04026620060224952 0.021008452488130186 0.08403380995252074 0.08578451432653159
1.1423973285781066 0.05660610809301744 0.021008452488130186 0.09803944494460753 0.13480423679883535
1.7135959928671598 0.11457387514359887 0.09979014931861838 0.17156902865306317 0.14880987179092214
2.284794657156213 0.25774258839604164 0.26435636047563815 0.26085495172761647 0.2118352292553127
2.8559933214452666 0.4065524601869638 0.4621859547388641 0.24684931673552965 0.2731098823456924
3.4271919857343196 0.3991605972744735 0.47093947660891833 0.2626056561016273 0.2906169260858009
3.998390650023373 0.24256981715461423 0.26085495172761647 0.2293422729954212 0.21008452488130183
4.569589314312426 0.10290251265019322 0.07352958370845565 0.12079860180674858 0.1470591674169113
5.140787978601479 0.0513539949709849 0.036764791854227825 0.09979014931861838 0.07878169683048819
5.711986642890533 0.03890454164468553 0.021008452488130186 0.09278733182257498 0.0717788793344448
