0.0 0.02295367957036446 0.0052521131220325465 0.0647760618384014 0.06127465309037971
0.5711986642890533 0.019452270822342764 0.0035014087480216977 0.054271835594336314 0.04726901809829292
1.1423973285781066 0.030734587899301568 0.015756339366097636 0.08753521870054244 0.09278733182257498
1.7135959928671598 0.06419249371373112 0.04026620060224952 0.1260507149287811 0.14180705429487875
2.284794657156213 0.2252572961227292 0.1978295942632259 0.24159720361349715 0.2363450904914646
2.8559933214452666 0.5481649917736191 0.647760618384014 0.35014087480216977 0.37990284916035416
3.4271919857343196 0.5209318126223392 0.5777324434235801 0.36764791854227824 0.32563101356601787
3.998390650023373 0.21066809300597214 0.2118352292553127 0.2118352292553127 0.2258408642473995
4.569589314312426 0.06127465309037971 0.03501408748021698 0.10679296681466177 0.1330535324248245
5.140787978601479 0.02801126998417358 0.012254930618075942 0.07878169683048819 0.07002817496043395
5.711986642890533 0.019063225405895907 0.0035014087480216977 0.06127465309037971 0.036764791854227825
