0.0 0.015950862074321066 0.0 0.04376760935027122 0.04551831372428206
0.5711986642890533 0.014589203116757073 0.0 0.04201690497626037 0.05952394871636886
1.1423973285781066 0.024509861236151884 0.0035014087480216977 0.08053240120449905 0.06302535746439054
1.7135959928671598 0.07119531120977451 0.03326338310620613 0.15231128053894383 0.12430001055477025
2.284794657156213 0.22350659174871837 0.26785776922365984 0.2188380467513561 0.2363450904914646
2.8559933214452666 0.5302689026170637 0.5829845565456127 0.32738171794002874 0.3764014404123325
3.4271919857343196 0.537660765529554 0.5777324434235801 0.31862819606997445 0.3623958054202457
3.998390650023373 0.22953679570364463 0.24509861236151884 0.2713591779716816 0.2188380467513561
4.569589314312426 0.06127465309037971 0.03501408748021698 0.14880987179092214 0.13830564554685706
5.140787978601479 0.026844133734833013 0.0052521131220325465 0.09979014931861838 0.07528028808246649
5.711986642890533 0.015367293949650784 0.0 0.04726901809829292 0.050770426846314616
