0.0 0.02567699748549245 0.008753521870054244 0.0682774705864231 0.05252113122032546
0.5711986642890533 0.02898388352529072 0.021008452488130186 0.07002817496043395 0.0647760618384014
1.1423973285781066 0.030734587899301568 0.019257748114119334 0.07002817496043395 0.05777324434235801
1.7135959928671598 0.06691581162885911 0.04201690497626037 0.11204507993669433 0.12430001055477025
2.284794657156213 0.21280784279642984 0.20658311613328015 0.2258408642473995 0.21533663800333439
2.8559933214452666 0.5075097457549227 0.5427183559433632 0.35364228355019145 0.3448887616801372
3.4271919857343196 0.5115947226276146 0.5969901915376995 0.3308831266880504 0.35889439667222395
3.998390650023373 0.23381629528456005 0.24509861236151884 0.20658311613328015 0.24509861236151884
4.569589314312426 0.0704172203768808 0.04726901809829292 0.1435577586688896 0.13130282805081364
5.140787978601479 0.03715383727067468 0.015756339366097636 0.09803944494460753 0.09278733182257498
5.711986642890533 0.025093429360822164 0.0052521131220325465 0.0717788793344448 0.06302535746439054
