0.0 0.16829751037839646 0.21215353914149648 0.17268311325470645 0.1332126873679164
0.2026833970057931 0.14417669455869142 0.14308029383961393 0.1332126873679164 0.11347747442452137
0.4053667940115862 0.1397910916823814 0.1874845229622527 0.15294790031131142 0.10854367118867261
0.6080501910173793 0.1365018895251489 0.16281550678300893 0.12827888413206764 0.10854367118867261
0.8107335880231724 0.16007450498531517 0.15294790031131142 0.14308029383961393 0.16281550678300893
1.0134169850289656 0.13869469096330392 0.12827888413206764 0.12827888413206764 0.14801409707546268
1.2161003820347587 0.11292927406498263 0.1233450808962189 0.11841127766037014 0.09867606471697511
1.4187837790405518 0.11238107370544388 0.05920563883018507 0.12827888413206764 0.10360986795282387
1.6214671760463448 0.10415806831236263 0.09374226148112635 0.1578817035471602 0.11841127766037014
1.824150573052138 0.11895947801990889 0.0789408517735801 0.1332126873679164 0.1578817035471602
2.026833970057931 0.11183287334590514 0.11347747442452137 0.11841127766037014 0.16281550678300893
2.2295173670637243 0.15130329923269517 0.14308029383961393 0.15294790031131142 0.13814649060376516
2.4322007640695174 0.16007450498531517 0.1578817035471602 0.10854367118867261 0.19735212943395022
2.6348841610753104 0.17268311325470645 0.1677493100188577 0.1776169164905552 0.19241832619810148
2.8375675580811035 0.2187319434559615 0.1874845229622527 0.21215353914149648 0.2664253747358328
3.0402509550868966 0.21763554273688399 0.28616058767922786 0.1332126873679164 0.28122678444337906
3.2429343520926897 0.20721973590564774 0.19241832619810148 0.1677493100188577 0.19241832619810148
3.4456177490984827 0.19899673051256647 0.19735212943395022 0.11841127766037014 0.222021145613194
3.648301146104276 0.20996073770334148 0.222021145613194 0.16281550678300893 0.19735212943395022
3.850984543110069 0.18364712044548145 0.16281550678300893 0.14308029383961393 0.21708734237734523
4.053667940115862 0.18693632260271395 0.202285932669799 0.1677493100188577 0.222021145613194
4.2563513371216555 0.1677493100188577 0.16281550678300893 0.19735212943395022 0.16281550678300893
4.4590347341274486 0.18529172152409773 0.1677493100188577 0.23188875208489151 0.22695494884904274
4.661718131133242 0.1688457107379352 0.17268311325470645 0.21215353914149648 0.15294790031131142
4.864401528139035 0.1787133172096327 0.1776169164905552 0.21215353914149648 0.11841127766037014
5.067084925144828 0.15568890210900518 0.1578817035471602 0.19241832619810148 0.0888084582452776
5.269768322150621 0.14033929204192017 0.13814649060376516 0.13814649060376516 0.14308029383961393
5.472451719156414 0.15130329923269517 0.1677493100188577 0.1578817035471602 0.14801409707546268
5.675135116162207 0.1332126873679164 0.12827888413206764 0.1578817035471602 0.1332126873679164
5.877818513168 0.14088749240145892 0.10854367118867261 0.20721973590564774 0.08387465500942885
6.080501910173793 0.1567853028280827 0.1776169164905552 0.1677493100188577 0.1332126873679164
