0.0 0.19132192547902396 0.2664253747358328 0.12827888413206764 0.17268311325470645
0.2026833970057931 0.2077679362651865 0.1874845229622527 0.1776169164905552 0.2565577682641353
0.4053667940115862 0.19461112763625646 0.21708734237734523 0.222021145613194 0.18255071972640394
0.6080501910173793 0.20502693446749273 0.19735212943395022 0.1578817035471602 0.2664253747358328
0.8107335880231724 0.20009313123164396 0.1578817035471602 0.15294790031131142 0.24175635855658903
1.0134169850289656 0.23079235136581402 0.24175635855658903 0.17268311325470645 0.2664253747358328
1.2161003820347587 0.21379814022011276 0.222021145613194 0.16281550678300893 0.21708734237734523
1.4187837790405518 0.20393053374841524 0.19735212943395022 0.16281550678300893 0.202285932669799
1.6214671760463448 0.22366574669181027 0.22695494884904274 0.24175635855658903 0.15294790031131142
1.824150573052138 0.1968039290744115 0.26149157149998403 0.2466901617924378 0.15294790031131142
2.026833970057931 0.19187012583856272 0.18255071972640394 0.24175635855658903 0.1332126873679164
2.2295173670637243 0.19735212943395022 0.21708734237734523 0.2466901617924378 0.17268311325470645
2.4322007640695174 0.202285932669799 0.2762929812075303 0.18255071972640394 0.17268311325470645
2.6348841610753104 0.19077372511948523 0.20721973590564774 0.16281550678300893 0.14801409707546268
2.8375675580811035 0.14965869815407892 0.11347747442452137 0.14801409707546268 0.13814649060376516
3.0402509550868966 0.16171910606393144 0.20721973590564774 0.1332126873679164 0.16281550678300893
3.2429343520926897 0.13705008988468764 0.16281550678300893 0.11347747442452137 0.1578817035471602
3.4456177490984827 0.1354054888060714 0.11347747442452137 0.13814649060376516 0.202285932669799
3.648301146104276 0.11895947801990889 0.0789408517735801 0.1233450808962189 0.09867606471697511
3.850984543110069 0.10251346723374637 0.06907324530188258 0.09867606471697511 0.13814649060376516
4.053667940115862 0.0877120575262001 0.0444042291226388 0.1233450808962189 0.10360986795282387
4.2563513371216555 0.0877120575262001 0.0789408517735801 0.15294790031131142 0.09867606471697511
4.4590347341274486 0.08497105572850634 0.05427183559433631 0.07400704853773134 0.11841127766037014
4.661718131133242 0.07565164961634759 0.03453662265094129 0.13814649060376516 0.09374226148112635
4.864401528139035 0.08332645464989008 0.05427183559433631 0.11347747442452137 0.08387465500942885
5.067084925144828 0.0888084582452776 0.08387465500942885 0.0888084582452776 0.0888084582452776
5.269768322150621 0.12170047981760264 0.14308029383961393 0.16281550678300893 0.11841127766037014
5.472451719156414 0.1365018895251489 0.16281550678300893 0.1233450808962189 0.15294790031131142
5.675135116162207 0.14417669455869142 0.16281550678300893 0.17268311325470645 0.09374226148112635
5.877818513168 0.17268311325470645 0.11841127766037014 0.19735212943395022 0.14308029383961393
6.080501910173793 0.19515932799579522 0.19241832619810148 0.17268311325470645 0.202285932669799
