0.0 0.1830989200859427 0.22695494884904274 0.11841127766037014 0.25162396502828654
0.2026833970057931 0.19022552475994647 0.19735212943395022 0.13814649060376516 0.19241832619810148
0.4053667940115862 0.224213947051349 0.202285932669799 0.19735212943395022 0.19735212943395022
0.6080501910173793 0.21763554273688399 0.26149157149998403 0.24175635855658903 0.2565577682641353
0.8107335880231724 0.2275031492085815 0.24175635855658903 0.1578817035471602 0.222021145613194
1.0134169850289656 0.228599549927659 0.2565577682641353 0.202285932669799 0.22695494884904274
1.2161003820347587 0.224213947051349 0.24175635855658903 0.23682255532074029 0.1332126873679164
1.4187837790405518 0.19461112763625646 0.15294790031131142 0.21215353914149648 0.202285932669799
1.6214671760463448 0.18638812224317522 0.18255071972640394 0.20721973590564774 0.23682255532074029
1.824150573052138 0.1677493100188577 0.12827888413206764 0.23682255532074029 0.19735212943395022
2.026833970057931 0.17816511685009392 0.1677493100188577 0.20721973590564774 0.18255071972640394
2.2295173670637243 0.17049031181655144 0.14801409707546268 0.1578817035471602 0.17268311325470645
2.4322007640695174 0.18583992188363646 0.16281550678300893 0.1776169164905552 0.20721973590564774
2.6348841610753104 0.17049031181655144 0.1776169164905552 0.14801409707546268 0.1578817035471602
2.8375675580811035 0.18364712044548145 0.2565577682641353 0.1332126873679164 0.11841127766037014
3.0402509550868966 0.18474352116455897 0.21215353914149648 0.15294790031131142 0.1874845229622527
3.2429343520926897 0.16446010786162518 0.222021145613194 0.13814649060376516 0.16281550678300893
3.4456177490984827 0.16171910606393144 0.16281550678300893 0.1578817035471602 0.1332126873679164
3.648301146104276 0.14362849419915266 0.09867606471697511 0.14801409707546268 0.1776169164905552
3.850984543110069 0.10360986795282387 0.14801409707546268 0.049338032358487556 0.1332126873679164
4.053667940115862 0.12444148161529639 0.07400704853773134 0.11347747442452137 0.11347747442452137
4.2563513371216555 0.09922426507651386 0.05920563883018507 0.15294790031131142 0.09867606471697511
4.4590347341274486 0.07729625069496383 0.07400704853773134 0.1233450808962189 0.0444042291226388
4.661718131133242 0.07674805033542509 0.09374226148112635 0.1332126873679164 0.06907324530188258
4.864401528139035 0.09374226148112635 0.09374226148112635 0.11841127766037014 0.09867606471697511
5.067084925144828 0.09319406112158761 0.06413944206603382 0.1677493100188577 0.09867606471697511
5.269768322150621 0.09812786435743637 0.06907324530188258 0.1233450808962189 0.07400704853773134
5.472451719156414 0.11512207550313763 0.11347747442452137 0.1332126873679164 0.1332126873679164
5.675135116162207 0.14308029383961393 0.16281550678300893 0.17268311325470645 0.12827888413206764
5.877818513168 0.15459250138992767 0.12827888413206764 0.1332126873679164 0.1578817035471602
6.080501910173793 0.16720110965931895 0.15294790031131142 0.14308029383961393 0.1677493100188577
