0.0 0.09319406112158761 0.049338032358487556 0.05427183559433631 0.10854367118867261
0.2026833970057931 0.10635086975051763 0.09374226148112635 0.08387465500942885 0.15294790031131142
0.4053667940115862 0.11402567478406013 0.13814649060376516 0.12827888413206764 0.10854367118867261
0.6080501910173793 0.12005587873898638 0.11347747442452137 0.12827888413206764 0.13814649060376516
0.8107335880231724 0.1354054888060714 0.14801409707546268 0.1578817035471602 0.09867606471697511
1.0134169850289656 0.1321162866488389 0.14308029383961393 0.11841127766037014 0.10854367118867261
1.2161003820347587 0.17049031181655144 0.202285932669799 0.14801409707546268 0.18255071972640394
1.4187837790405518 0.18693632260271395 0.1874845229622527 0.22695494884904274 0.202285932669799
1.6214671760463448 0.2384671563993565 0.20721973590564774 0.26149157149998403 0.23188875208489151
1.824150573052138 0.24888296323059278 0.2664253747358328 0.23682255532074029 0.222021145613194
2.026833970057931 0.24285275927566652 0.25162396502828654 0.20721973590564774 0.21215353914149648
2.2295173670637243 0.2543649668259803 0.25162396502828654 0.22695494884904274 0.24175635855658903
2.4322007640695174 0.23079235136581402 0.28122678444337906 0.23682255532074029 0.19241832619810148
2.6348841610753104 0.2209247448941165 0.20721973590564774 0.23188875208489151 0.23188875208489151
2.8375675580811035 0.20502693446749273 0.1776169164905552 0.18255071972640394 0.21708734237734523
3.0402509550868966 0.2011895319507215 0.1776169164905552 0.1578817035471602 0.23682255532074029
3.2429343520926897 0.17816511685009392 0.18255071972640394 0.1874845229622527 0.1776169164905552
3.4456177490984827 0.17597231541193895 0.17268311325470645 0.18255071972640394 0.1874845229622527
3.648301146104276 0.17487591469286146 0.19241832619810148 0.16281550678300893 0.15294790031131142
3.850984543110069 0.16720110965931895 0.19241832619810148 0.19241832619810148 0.15294790031131142
4.053667940115862 0.14856229743500143 0.14308029383961393 0.1677493100188577 0.15294790031131142
4.2563513371216555 0.14198389312053641 0.10854367118867261 0.1874845229622527 0.14801409707546268
4.4590347341274486 0.13705008988468764 0.0888084582452776 0.14308029383961393 0.13814649060376516
4.661718131133242 0.1299234852106839 0.15294790031131142 0.16281550678300893 0.10360986795282387
4.864401528139035 0.12773068377252889 0.14308029383961393 0.17268311325470645 0.07400704853773134
5.067084925144828 0.11895947801990889 0.15294790031131142 0.1233450808962189 0.0888084582452776
5.269768322150621 0.13101988592976138 0.10360986795282387 0.1332126873679164 0.1332126873679164
5.472451719156414 0.10799547082913387 0.10854367118867261 0.0789408517735801 0.1578817035471602
5.675135116162207 0.0920976604025101 0.0789408517735801 0.05920563883018507 0.12827888413206764
5.877818513168 0.09703146363835885 0.10854367118867261 0.09374226148112635 0.14801409707546268
6.080501910173793 0.10415806831236263 0.10854367118867261 0.09867606471697511 0.10360986795282387
