0.0 0.07181424709957633 0.07400704853773134 0.08387465500942885 0.0789408517735801
0.2026833970057931 0.08223005393081259 0.08387465500942885 0.09867606471697511 0.11347747442452137
0.4053667940115862 0.09922426507651386 0.11347747442452137 0.10360986795282387 0.11841127766037014
0.6080501910173793 0.12718248341299015 0.11347747442452137 0.15294790031131142 0.1332126873679164
0.8107335880231724 0.14143569276099766 0.14801409707546268 0.15294790031131142 0.13814649060376516
1.0134169850289656 0.17377951397378397 0.09374226148112635 0.18255071972640394 0.1776169164905552
1.2161003820347587 0.21708734237734523 0.18255071972640394 0.2466901617924378 0.19241832619810148
1.4187837790405518 0.25600956790459656 0.3157634070943204 0.28122678444337906 0.23682255532074029
1.6214671760463448 0.2653289740167553 0.22695494884904274 0.2565577682641353 0.3009619973867741
1.824150573052138 0.28451598660061156 0.2466901617924378 0.30589580062262284 0.2664253747358328
2.026833970057931 0.2730037790502978 0.2762929812075303 0.28616058767922786 0.1874845229622527
2.2295173670637243 0.23188875208489151 0.28122678444337906 0.1776169164905552 0.2565577682641353
2.4322007640695174 0.20283413302933773 0.21708734237734523 0.21215353914149648 0.202285932669799
2.6348841610753104 0.21599094165826774 0.26149157149998403 0.18255071972640394 0.222021145613194
2.8375675580811035 0.22037654453457775 0.2565577682641353 0.19241832619810148 0.22695494884904274
3.0402509550868966 0.20612333518657022 0.21708734237734523 0.18255071972640394 0.22695494884904274
3.2429343520926897 0.1929665265576402 0.202285932669799 0.1332126873679164 0.1874845229622527
3.4456177490984827 0.1968039290744115 0.19241832619810148 0.15294790031131142 0.1578817035471602
3.648301146104276 0.19625572871487273 0.2664253747358328 0.16281550678300893 0.1332126873679164
3.850984543110069 0.16171910606393144 0.12827888413206764 0.222021145613194 0.1874845229622527
4.053667940115862 0.18035791828824896 0.17268311325470645 0.18255071972640394 0.16281550678300893
4.2563513371216555 0.16281550678300893 0.15294790031131142 0.15294790031131142 0.21215353914149648
4.4590347341274486 0.12498968197483513 0.12827888413206764 0.15294790031131142 0.09867606471697511
4.661718131133242 0.10854367118867261 0.1233450808962189 0.10360986795282387 0.08387465500942885
4.864401528139035 0.09538686255974262 0.0789408517735801 0.11347747442452137 0.13814649060376516
5.067084925144828 0.0888084582452776 0.10854367118867261 0.09374226148112635 0.0789408517735801
5.269768322150621 0.07674805033542509 0.06413944206603382 0.08387465500942885 0.09374226148112635
5.472451719156414 0.06468764242557258 0.049338032358487556 0.0789408517735801 0.029602819415092536
5.675135116162207 0.07016964602096008 0.05920563883018507 0.07400704853773134 0.1233450808962189
5.877818513168 0.07071784638049883 0.06907324530188258 0.03947042588679005 0.10360986795282387
6.080501910173793 0.07400704853773134 0.029602819415092536 0.0888084582452776 0.06413944206603382
