0.0 0.10251346723374637 0.09374226148112635 0.09867606471697511 0.14801409707546268
0.2026833970057931 0.09977246543605262 0.10854367118867261 0.14308029383961393 0.09374226148112635
0.4053667940115862 0.09977246543605262 0.0789408517735801 0.09374226148112635 0.0789408517735801
0.6080501910173793 0.08935665860481636 0.10854367118867261 0.07400704853773134 0.10854367118867261
0.8107335880231724 0.09977246543605262 0.14308029383961393 0.10360986795282387 0.05920563883018507
1.0134169850289656 0.12773068377252889 0.1578817035471602 0.15294790031131142 0.09374226148112635
1.2161003820347587 0.10964007190775013 0.1332126873679164 0.09374226148112635 0.1578817035471602
1.4187837790405518 0.11402567478406013 0.09374226148112635 0.09867606471697511 0.09374226148112635
1.6214671760463448 0.12608608269391264 0.12827888413206764 0.1233450808962189 0.11347747442452137
1.824150573052138 0.11895947801990889 0.0789408517735801 0.11841127766037014 0.15294790031131142
2.026833970057931 0.11512207550313763 0.07400704853773134 0.11347747442452137 0.13814649060376516
2.2295173670637243 0.12170047981760264 0.11347747442452137 0.09867606471697511 0.19241832619810148
2.4322007640695174 0.12608608269391264 0.09867606471697511 0.15294790031131142 0.11841127766037014
2.6348841610753104 0.1540443010303889 0.11841127766037014 0.17268311325470645 0.14308029383961393
2.8375675580811035 0.1776169164905552 0.17268311325470645 0.1677493100188577 0.21708734237734523
3.0402509550868966 0.1830989200859427 0.21708734237734523 0.14801409707546268 0.26149157149998403
3.2429343520926897 0.2412081581970503 0.23682255532074029 0.19241832619810148 0.2565577682641353
3.4456177490984827 0.22476214741088776 0.24175635855658903 0.23188875208489151 0.19735212943395022
3.648301146104276 0.2691663765335266 0.23682255532074029 0.23188875208489151 0.3108296038584716
3.850984543110069 0.2477865625115153 0.23682255532074029 0.2466901617924378 0.23188875208489151
4.053667940115862 0.22805134956812026 0.2664253747358328 0.1874845229622527 0.24175635855658903
4.2563513371216555 0.22914775028719775 0.28616058767922786 0.19735212943395022 0.1776169164905552
4.4590347341274486 0.19790032979348898 0.20721973590564774 0.20721973590564774 0.19241832619810148
4.661718131133242 0.19515932799579522 0.23682255532074029 0.222021145613194 0.14801409707546268
4.864401528139035 0.1968039290744115 0.21708734237734523 0.16281550678300893 0.222021145613194
5.067084925144828 0.16446010786162518 0.10854367118867261 0.1677493100188577 0.12827888413206764
5.269768322150621 0.18967732440040774 0.17268311325470645 0.202285932669799 0.14801409707546268
5.472451719156414 0.15568890210900518 0.1776169164905552 0.202285932669799 0.12827888413206764
5.675135116162207 0.15623710246854394 0.18255071972640394 0.19735212943395022 0.10360986795282387
5.877818513168 0.14691769635638516 0.12827888413206764 0.1677493100188577 0.1578817035471602
6.080501910173793 0.12553788233437388 0.0789408517735801 0.16281550678300893 0.11841127766037014
