0.0 0.19187012583856272 0.1874845229622527 0.222021145613194 0.1874845229622527
0.2026833970057931 0.16391190750208645 0.1874845229622527 0.15294790031131142 0.17268311325470645
0.4053667940115862 0.16500830822116394 0.11347747442452137 0.16281550678300893 0.15294790031131142
0.6080501910173793 0.13101988592976138 0.09374226148112635 0.16281550678300893 0.11841127766037014
0.8107335880231724 0.12498968197483513 0.09867606471697511 0.1677493100188577 0.11347747442452137
1.0134169850289656 0.09374226148112635 0.1233450808962189 0.15294790031131142 0.0789408517735801
1.2161003820347587 0.0920976604025101 0.0789408517735801 0.09867606471697511 0.1578817035471602
1.4187837790405518 0.08223005393081259 0.0888084582452776 0.09867606471697511 0.10854367118867261
1.6214671760463448 0.08497105572850634 0.10854367118867261 0.08387465500942885 0.06413944206603382
1.824150573052138 0.08935665860481636 0.06413944206603382 0.09867606471697511 0.11841127766037014
2.026833970057931 0.09264586076204887 0.07400704853773134 0.09867606471697511 0.0888084582452776
2.2295173670637243 0.11786307730083138 0.10854367118867261 0.12827888413206764 0.12827888413206764
2.4322007640695174 0.12005587873898638 0.1233450808962189 0.09374226148112635 0.1233450808962189
2.6348841610753104 0.1321162866488389 0.12827888413206764 0.12827888413206764 0.1332126873679164
2.8375675580811035 0.12498968197483513 0.14308029383961393 0.08387465500942885 0.17268311325470645
3.0402509550868966 0.15020689851361768 0.1677493100188577 0.15294790031131142 0.1233450808962189
3.2429343520926897 0.15842990390669892 0.13814649060376516 0.19241832619810148 0.1677493100188577
3.4456177490984827 0.1266342830534514 0.10854367118867261 0.12827888413206764 0.09867606471697511
3.648301146104276 0.16500830822116394 0.17268311325470645 0.16281550678300893 0.16281550678300893
3.850984543110069 0.17377951397378397 0.20721973590564774 0.1677493100188577 0.17268311325470645
4.053667940115862 0.1677493100188577 0.1332126873679164 0.20721973590564774 0.16281550678300893
4.2563513371216555 0.1940629272767177 0.1874845229622527 0.19735212943395022 0.1578817035471602
4.4590347341274486 0.21379814022011276 0.21215353914149648 0.1776169164905552 0.2466901617924378
4.661718131133242 0.23079235136581402 0.2466901617924378 0.202285932669799 0.22695494884904274
4.864401528139035 0.24614196143289904 0.3108296038584716 0.14308029383961393 0.2565577682641353
5.067084925144828 0.2384671563993565 0.2466901617924378 0.19241832619810148 0.33056481680186667
5.269768322150621 0.2466901617924378 0.23682255532074029 0.1874845229622527 0.2713591779716816
5.472451719156414 0.22695494884904274 0.25162396502828654 0.222021145613194 0.1874845229622527
5.675135116162207 0.21160533878195772 0.21215353914149648 0.21708734237734523 0.1677493100188577
5.877818513168 0.19570752835533398 0.19241832619810148 0.25162396502828654 0.14801409707546268
6.080501910173793 0.18090611864778772 0.1874845229622527 0.19735212943395022 0.1332126873679164
