0.0 0.0844228553689676 0.06413944206603382 0.10854367118867261 0.07400704853773134
0.2026833970057931 0.07565164961634759 0.05427183559433631 0.049338032358487556 0.0789408517735801
0.4053667940115862 0.0910012596834326 0.09867606471697511 0.0888084582452776 0.14801409707546268
0.6080501910173793 0.07565164961634759 0.06907324530188258 0.08387465500942885 0.14801409707546268
0.8107335880231724 0.08058545285219633 0.0888084582452776 0.06413944206603382 0.0888084582452776
1.0134169850289656 0.08935665860481636 0.0888084582452776 0.12827888413206764 0.0789408517735801
1.2161003820347587 0.09867606471697511 0.08387465500942885 0.0888084582452776 0.12827888413206764
1.4187837790405518 0.10689907011005638 0.06907324530188258 0.09374226148112635 0.13814649060376516
1.6214671760463448 0.11512207550313763 0.14308029383961393 0.10854367118867261 0.11841127766037014
1.824150573052138 0.13869469096330392 0.1332126873679164 0.12827888413206764 0.11841127766037014
2.026833970057931 0.15349610067085018 0.21708734237734523 0.14801409707546268 0.14308029383961393
2.2295173670637243 0.19570752835533398 0.2565577682641353 0.19735212943395022 0.12827888413206764
2.4322007640695174 0.211057138422419 0.24175635855658903 0.21215353914149648 0.19241832619810148
2.6348841610753104 0.226406748489504 0.19241832619810148 0.2664253747358328 0.18255071972640394
2.8375675580811035 0.228599549927659 0.23682255532074029 0.19735212943395022 0.25162396502828654
3.0402509550868966 0.268069975814449 0.24175635855658903 0.2713591779716816 0.19735212943395022
3.2429343520926897 0.2653289740167553 0.29109439091507655 0.222021145613194 0.29602819415092535
3.4456177490984827 0.24997936394967027 0.2565577682641353 0.22695494884904274 0.2664253747358328
3.648301146104276 0.25600956790459656 0.21215353914149648 0.21215353914149648 0.2713591779716816
3.850984543110069 0.25600956790459656 0.2466901617924378 0.2762929812075303 0.2664253747358328
4.053667940115862 0.23079235136581402 0.222021145613194 0.24175635855658903 0.202285932669799
4.2563513371216555 0.2209247448941165 0.2762929812075303 0.23188875208489151 0.20721973590564774
4.4590347341274486 0.222021145613194 0.21215353914149648 0.21215353914149648 0.16281550678300893
4.661718131133242 0.18035791828824896 0.19241832619810148 0.1677493100188577 0.18255071972640394
4.864401528139035 0.17103851217609017 0.1677493100188577 0.14801409707546268 0.1677493100188577
5.067084925144828 0.14746589671592392 0.1677493100188577 0.15294790031131142 0.11841127766037014
5.269768322150621 0.1288270844916064 0.13814649060376516 0.1677493100188577 0.12827888413206764
5.472451719156414 0.10360986795282387 0.09374226148112635 0.09374226148112635 0.13814649060376516
5.675135116162207 0.08935665860481636 0.06413944206603382 0.1332126873679164 0.1332126873679164
5.877818513168 0.08058545285219633 0.08387465500942885 0.07400704853773134 0.07400704853773134
6.080501910173793 0.0920976604025101 0.029602819415092536 0.13814649060376516 0.10360986795282387
