0.0 0.20612333518657022 0.2664253747358328 0.202285932669799 0.21215353914149648
0.2026833970057931 0.21160533878195772 0.222021145613194 0.14308029383961393 0.18255071972640394
0.4053667940115862 0.2384671563993565 0.24175635855658903 0.15294790031131142 0.202285932669799
0.6080501910173793 0.25162396502828654 0.2762929812075303 0.19241832619810148 0.1677493100188577
0.8107335880231724 0.25162396502828654 0.2565577682641353 0.21215353914149648 0.25162396502828654
1.0134169850289656 0.2576541689832128 0.3157634070943204 0.23188875208489151 0.23188875208489151
1.2161003820347587 0.25272036574736406 0.2762929812075303 0.2762929812075303 0.202285932669799
1.4187837790405518 0.21928014381550026 0.22695494884904274 0.24175635855658903 0.21215353914149648
1.6214671760463448 0.2077679362651865 0.23188875208489151 0.19241832619810148 0.19735212943395022
1.824150573052138 0.206671535546109 0.18255071972640394 0.202285932669799 0.19241832619810148
2.026833970057931 0.1841953208050202 0.1578817035471602 0.1874845229622527 0.23682255532074029
2.2295173670637243 0.15733350318762143 0.10360986795282387 0.15294790031131142 0.1332126873679164
2.4322007640695174 0.16720110965931895 0.1874845229622527 0.202285932669799 0.1874845229622527
2.6348841610753104 0.17268311325470645 0.17268311325470645 0.1578817035471602 0.1776169164905552
2.8375675580811035 0.14472489491823015 0.1578817035471602 0.17268311325470645 0.14308029383961393
3.0402509550868966 0.11950767837944763 0.09867606471697511 0.13814649060376516 0.1233450808962189
3.2429343520926897 0.11841127766037014 0.1332126873679164 0.0888084582452776 0.14801409707546268
3.4456177490984827 0.09319406112158761 0.10360986795282387 0.10854367118867261 0.10854367118867261
3.648301146104276 0.0888084582452776 0.0444042291226388 0.0888084582452776 0.07400704853773134
3.850984543110069 0.07345884817819258 0.06413944206603382 0.0789408517735801 0.05920563883018507
4.053667940115862 0.07291064781865383 0.10360986795282387 0.0789408517735801 0.10854367118867261
4.2563513371216555 0.06907324530188258 0.08387465500942885 0.08387465500942885 0.14308029383961393
4.4590347341274486 0.0899048589643551 0.05427183559433631 0.0789408517735801 0.1233450808962189
4.661718131133242 0.09593506291928136 0.08387465500942885 0.09867606471697511 0.09374226148112635
4.864401528139035 0.11347747442452137 0.10360986795282387 0.1332126873679164 0.13814649060376516
5.067084925144828 0.12498968197483513 0.10854367118867261 0.18255071972640394 0.11347747442452137
5.269768322150621 0.1299234852106839 0.10360986795282387 0.1874845229622527 0.07400704853773134
5.472451719156414 0.12608608269391264 0.11841127766037014 0.11841127766037014 0.1332126873679164
5.675135116162207 0.15294790031131142 0.1578817035471602 0.14308029383961393 0.19241832619810148
5.877818513168 0.15897810426623768 0.10854367118867261 0.202285932669799 0.14801409707546268
6.080501910173793 0.1765205157714777 0.1874845229622527 0.202285932669799 0.222021145613194
