0.0 0.8262294819228847 0.878853595753446 0.6320042790179163 0.647760618384014
0.5711986642890533 0.4413834674712057 0.44292820662474475 0.37815214478634335 0.4376760935027122
1.1423973285781066 0.07188186194468073 0.0647760618384014 0.14180705429487875 0.14180705429487875
1.7135959928671598 0.010504226244065093 0.0052521131220325465 0.02801126998417358 0.02275915686214103
2.284794657156213 0.005870008783448139 0.0 0.0 0.01750704374010849
2.8559933214452666 0.003810356578729494 0.0 0.0 0.007002817496043395
3.4271919857343196 0.002162634814954578 0.0 0.0035014087480216977 0.010504226244065093
3.998390650023373 0.0006178956614155937 0.0 0.0017507043740108488 0.0035014087480216977
4.569589314312426 0.003398426137785765 0.0017507043740108488 0.012254930618075942 0.01750704374010849
5.140787978601479 0.04253181802744003 0.021008452488130186 0.1295521236768028 0.10329155806664007
5.711986642890533 0.34231419642423894 0.336135239810083 0.4236704585106254 0.34138735293211553
