0.0 0.5060565466993712 0.5269620165772655 0.3641465097942565 0.4009113016484844
0.5711986642890533 0.26456232569611 0.24159720361349715 0.28886622171179005 0.2801126998417358
1.1423973285781066 0.056331487799054954 0.0647760618384014 0.09103662744856413 0.10329155806664007
1.7135959928671598 0.03182162656290308 0.03501408748021698 0.03501408748021698 0.05252113122032546
2.284794657156213 0.09289031443281091 0.09453803619658584 0.10329155806664007 0.09278733182257498
2.8559933214452666 0.2293422729954212 0.25735354297959473 0.18382395927113912 0.16281550678300893
3.4271919857343196 0.2066860987435161 0.20133100301124762 0.21533663800333439 0.15056057616493299
3.998390650023373 0.05931798349589699 0.04201690497626037 0.1295521236768028 0.08578451432653159
4.569589314312426 0.010504226244065093 0.0035014087480216977 0.03851549622823867 0.03326338310620613
5.140787978601479 0.04222287019673223 0.008753521870054244 0.07878169683048819 0.14180705429487875
5.711986642890533 0.250968621144967 0.27486058671970326 0.22233945549937778 0.24684931673552965
