0.0 0.7994540032615423 0.8508423257692724 0.6355056877659381 0.6372563921399489
0.5711986642890533 0.3088448480975609 0.28886622171179005 0.3711493272902999 0.2976197435818443
1.1423973285781066 0.04366462674003528 0.02626056561016273 0.14180705429487875 0.10679296681466177
1.7135959928671598 0.004634217460616952 0.0 0.021008452488130186 0.008753521870054244
2.284794657156213 0.002059652204718645 0.0 0.0035014087480216977 0.0035014087480216977
2.8559933214452666 0.003810356578729494 0.0 0.0017507043740108488 0.008753521870054244
3.4271919857343196 0.003295443527549833 0.0 0.0017507043740108488 0.01750704374010849
3.998390650023373 0.001441756543303052 0.0 0.0035014087480216977 0.01400563499208679
4.569589314312426 0.010710191464536958 0.0035014087480216977 0.02275915686214103 0.04376760935027122
5.140787978601479 0.0877411839210143 0.07352958370845565 0.12430001055477025 0.16281550678300893
5.711986642890533 0.485048094211241 0.5077042684631461 0.4236704585106254 0.4499310241207881
