0.0 0.8130477078126853 0.878853595753446 0.6285028702698947 0.5952394871636886
0.5711986642890533 0.3519945617864165 0.3116253785739311 0.3606451010462348 0.3623958054202457
1.1423973285781066 0.05416885298410038 0.04726901809829292 0.1295521236768028 0.13480423679883535
1.7135959928671598 0.008444574039346446 0.0 0.012254930618075942 0.02626056561016273
2.284794657156213 0.008547556649582379 0.0 0.0 0.01750704374010849
2.8559933214452666 0.00720878271651526 0.0 0.0 0.021008452488130186
3.4271919857343196 0.003913339188965427 0.0 0.0 0.019257748114119334
3.998390650023373 0.0018536869842467809 0.0 0.0017507043740108488 0.015756339366097636
4.569589314312426 0.005870008783448139 0.0017507043740108488 0.02275915686214103 0.02275915686214103
5.140787978601479 0.06796852275571531 0.07002817496043395 0.15056057616493299 0.11204507993669433
5.711986642890533 0.42768678030982676 0.4411775022507339 0.44467891099875556 0.4236704585106254
