0.0 0.42284659762873794 0.45343243286880985 0.29937044795585516 0.3343845354360721
0.5711986642890533 0.2409793079520815 0.24509861236151884 0.2118352292553127 0.24509861236151884
1.1423973285781066 0.05591955735811123 0.03501408748021698 0.0717788793344448 0.10504226244065092
1.7135959928671598 0.021523365539309846 0.007002817496043395 0.05602253996834716 0.0647760618384014
2.284794657156213 0.0685864184171309 0.04901972247230377 0.09979014931861838 0.09103662744856413
2.8559933214452666 0.20215486389313506 0.17682114177509572 0.1943281855152042 0.13830564554685706
3.4271919857343196 0.22470805553480422 0.2591042473536056 0.20308170738525846 0.17857184614910657
3.998390650023373 0.09834839277531532 0.11554648868471602 0.12254930618075942 0.08753521870054244
4.569589314312426 0.0424288354172041 0.05777324434235801 0.07352958370845565 0.10329155806664007
5.140787978601479 0.08959487090526108 0.07703099245647733 0.13830564554685706 0.15931409803498722
5.711986642890533 0.2836141085897575 0.27486058671970326 0.2801126998417358 0.243347907987508
