0.0 0.5893694783802405 0.6407578008879706 0.451681728494799 0.4341746847546905
0.5711986642890533 0.28124550855433106 0.27836199546772494 0.31862819606997445 0.3483901704281589
1.1423973285781066 0.08609346215723938 0.08403380995252074 0.10154085369262923 0.1295521236768028
1.7135959928671598 0.09834839277531532 0.10854367118867263 0.07703099245647733 0.08053240120449905
2.284794657156213 0.11822403655085024 0.14880987179092214 0.07878169683048819 0.08578451432653159
2.8559933214452666 0.13634897595237433 0.15756339366097638 0.11554648868471602 0.11554648868471602
3.4271919857343196 0.07002817496043395 0.04726901809829292 0.09979014931861838 0.09628874057059668
3.998390650023373 0.024406878625915947 0.007002817496043395 0.05252113122032546 0.04026620060224952
4.569589314312426 0.01719809590940069 0.0052521131220325465 0.05952394871636886 0.02626056561016273
5.140787978601479 0.05344797471244885 0.03151267873219527 0.12430001055477025 0.09979014931861838
5.711986642890533 0.2759933954322985 0.24159720361349715 0.2713591779716816 0.2941183348338226
