0.0 0.7442553241750826 0.7685592201907626 0.6022423046597319 0.5812338521716018
0.5711986642890533 0.4499310241207881 0.497200042219081 0.3956591885264518 0.3869056666563976
1.1423973285781066 0.11822403655085024 0.11029437556268347 0.19257748114119336 0.17156902865306317
1.7135959928671598 0.04294374846838376 0.036764791854227825 0.05602253996834716 0.05952394871636886
2.284794657156213 0.025539687338511204 0.01400563499208679 0.01400563499208679 0.050770426846314616
2.8559933214452666 0.0130787914999634 0.0 0.0035014087480216977 0.03326338310620613
3.4271919857343196 0.004428252240145088 0.0 0.0 0.02626056561016273
3.998390650023373 0.0019566695944827133 0.0 0.0 0.015756339366097636
4.569589314312426 0.002986495696842036 0.0 0.01750704374010849 0.024509861236151884
5.140787978601479 0.03542601792116071 0.024509861236151884 0.11904789743273772 0.07352958370845565
5.711986642890533 0.31193432640463886 0.29937044795585516 0.35014087480216977 0.32738171794002874
