0.0 0.5334499210221292 0.5707296259275367 0.35714369229821313 0.40616341477051693
0.5711986642890533 0.26703390834177243 0.2696084735976707 0.2363450904914646 0.2871155173377792
1.1423973285781066 0.04222287019673223 0.02801126998417358 0.10679296681466177 0.09103662744856413
1.7135959928671598 0.012048965397604076 0.0017507043740108488 0.04201690497626037 0.04201690497626037
2.284794657156213 0.03903040927941833 0.02801126998417358 0.08578451432653159 0.04551831372428206
2.8559933214452666 0.15972602847593095 0.1435577586688896 0.17507043740108488 0.1260507149287811
3.4271919857343196 0.22357524682220897 0.25735354297959473 0.15581268928696554 0.15406198491295467
3.998390650023373 0.11544350607448009 0.14180705429487875 0.12079860180674858 0.11204507993669433
4.569589314312426 0.046033226775461726 0.024509861236151884 0.07352958370845565 0.06302535746439054
5.140787978601479 0.0520062181691458 0.02626056561016273 0.1260507149287811 0.12254930618075942
5.711986642890533 0.26013407345596495 0.2591042473536056 0.2713591779716816 0.30112115232986597
