0.0 0.19328697712434514 0.19257748114119336 0.16684212684323388 0.171218887778261
0.5711986642890533 0.1719375979949602 0.17016846515385448 0.15773846409837747 0.1561628301617677
1.1423973285781066 0.1295060525090657 0.12762634886539087 0.15528747797476228 0.1458336743551037
1.7135959928671598 0.12286259012137188 0.11589662955951818 0.15826367541058073 0.14408296998109285
2.284794657156213 0.16044744876132058 0.15651297103656986 0.1573883232235753 0.16351578853261325
2.8559933214452666 0.2072833978828845 0.21743748325214743 0.17769649396210116 0.17979733921091418
3.4271919857343196 0.20465734132186822 0.22181424418717455 0.1617650841586024 0.17437015565148054
3.998390650023373 0.15459641045870537 0.16018945022199266 0.16246536590820676 0.16018945022199266
4.569589314312426 0.11649555474010083 0.10784338943906828 0.14268240648188418 0.15003536485272972
5.140787978601479 0.12347994376904939 0.11379578431070517 0.14600874479250478 0.14758437872911453
5.711986642890533 0.16615105932717697 0.16684212684323388 0.16456621115701978 0.15791353453577855
