0.0 0.1956642493795809 0.20920917269429642 0.1619401545960035 0.16841776077984363
0.5711986642890533 0.17402001477667836 0.17787156439950222 0.17051860602865668 0.1586138162853829
1.1423973285781066 0.13344053023381638 0.12920198280200065 0.15353677360075144 0.1528364918511471
1.7135959928671598 0.12613364303070795 0.12272437661816049 0.1517860692267406 0.15703818234877315
2.284794657156213 0.15311291885756986 0.16386592940741546 0.15756339366097638 0.16123987284639918
2.8559933214452666 0.19567346361312832 0.20448227088446713 0.17402001477667836 0.1643911407196187
3.4271919857343196 0.19591303368536142 0.19870494645023135 0.16474128159442086 0.16719226771803605
3.998390650023373 0.15538883454378397 0.15108578747713625 0.16351578853261325 0.15686311191137203
4.569589314312426 0.12264144851623367 0.11151986862449108 0.14775944916651565 0.15108578747713625
5.140787978601479 0.12908219776588412 0.12097367224414964 0.1458336743551037 0.1495101535405265
5.711986642890533 0.16963403960810383 0.1610648024089981 0.1594891684723883 0.16351578853261325
