0.0 0.20226164059953758 0.2034318482600606 0.15791353453577855 0.1782217052743044
0.5711986642890533 0.17671978520607404 0.17979733921091418 0.15546254841216336 0.17507043740108488
1.1423973285781066 0.1303445477618814 0.12885184192719845 0.1528364918511471 0.15808860497317964
1.7135959928671598 0.11999696348812254 0.11659691130912253 0.15073564660233407 0.1481095900413178
2.284794657156213 0.15138985718420128 0.14530846304290046 0.17191916952786535 0.14670902654210913
2.8559933214452666 0.20242749680339125 0.21463635625373007 0.18452424102074344 0.16264043634560785
3.4271919857343196 0.1989076595882747 0.21218537013011488 0.1736698739018762 0.15406198491295467
3.998390650023373 0.14852423055095196 0.15213621010154277 0.152661421413746 0.14303254735668633
4.569589314312426 0.11714055108842064 0.10889381206347479 0.13988127948346682 0.13830564554685706
5.140787978601479 0.12729463645768355 0.1144960660603095 0.14845973091611997 0.1677174790302393
5.711986642890533 0.1756970052823098 0.17437015565148054 0.16264043634560785 0.17874691658650765
