0.0 0.18531666510582204 0.18907607239317167 0.17226931040266752 0.1710438173408599
0.5711986642890533 0.16426214144995474 0.152661421413746 0.16386592940741546 0.15458719622515796
1.1423973285781066 0.13069468863668357 0.12342465836776483 0.1516109987893395 0.15668804147397095
1.7135959928671598 0.12545178974819846 0.121673953993754 0.14968522397792758 0.16264043634560785
2.284794657156213 0.1614702286850848 0.16701719728063497 0.16404099984481654 0.16351578853261325
2.8559933214452666 0.20550505080823137 0.21673720150254305 0.17331973302707404 0.17857184614910657
3.4271919857343196 0.20242749680339125 0.21533663800333439 0.16264043634560785 0.16929311296684907
3.998390650023373 0.1593417407356295 0.16036452065939374 0.15808860497317964 0.1596642389097894
4.569589314312426 0.12271516238461308 0.11939803830753988 0.1412818429826755 0.1412818429826755
5.140787978601479 0.1293309820716646 0.12500029230437462 0.15108578747713625 0.14425804041849394
5.711986642890533 0.16418842758157534 0.16001437978459157 0.16281550678300893 0.14916001266572432
