0.0 0.2031646354871853 0.2095593135690986 0.1643911407196187 0.17927212789871091
0.5711986642890533 0.17132945858083012 0.16981832427905233 0.16264043634560785 0.1710438173408599
1.1423973285781066 0.12561764595205213 0.11292043212369975 0.15091071703973516 0.15406198491295467
1.7135959928671598 0.11585055839178106 0.11064451643748566 0.152661421413746 0.1502104352901308
2.284794657156213 0.15140828565129613 0.15476226666255904 0.15353677360075144 0.15038550572753193
2.8559933214452666 0.199736940607543 0.208333820507291 0.17419508521407945 0.16036452065939374
3.4271919857343196 0.20047407929133704 0.1990550873250335 0.17542057827588703 0.1642160702822176
3.998390650023373 0.15487283746512814 0.16351578853261325 0.1642160702822176 0.15598775972436663
4.569589314312426 0.12123167078347756 0.11379578431070517 0.1551124075373612 0.14845973091611997
5.140787978601479 0.13244539301069444 0.12797648974019304 0.14723423785431236 0.14986029441532864
5.711986642890533 0.1745728687895239 0.1803225505231174 0.15038550572753193 0.16684212684323388
