0.0 0.16916411369718512 0.1619401545960035 0.1598393093471905 0.1680676199050415
0.5711986642890533 0.15721325278617423 0.15528747797476228 0.1538869144755536 0.15371184403815252
1.1423973285781066 0.14060920393371343 0.13760536379725272 0.152661421413746 0.16088973197159698
1.7135959928671598 0.13840700211587872 0.13445409592403318 0.15931409803498722 0.1456586039177026
2.284794657156213 0.1641699991144805 0.16999339471645342 0.1514359283519384 0.16036452065939374
2.8559933214452666 0.18604458955606867 0.19993043951203893 0.1710438173408599 0.16491635203182195
3.4271919857343196 0.18740829612108764 0.1978295942632259 0.17086874690345885 0.158788886722784
3.998390650023373 0.16158079948765391 0.16491635203182195 0.16614184509362953 0.15808860497317964
4.569589314312426 0.14345640209986793 0.1388308568590603 0.15721325278617423 0.16946818340425016
5.140787978601479 0.14454368165846412 0.13935606817126356 0.14845973091611997 0.15546254841216336
5.711986642890533 0.1581070334402745 0.15056057616493299 0.1598393093471905 0.15528747797476228
