0.0 0.17589050418680574 0.1771712826498979 0.16964325384165124 0.15808860497317964
0.5711986642890533 0.16311036225652656 0.15231128053894383 0.16456621115701978 0.16018945022199266
1.1423973285781066 0.14203741013356438 0.1377804342346538 0.15423705535035576 0.14723423785431236
1.7135959928671598 0.13920864043450473 0.1297271941142039 0.14845973091611997 0.15108578747713625
2.284794657156213 0.16076994693548047 0.1631656476578111 0.16334071809521217 0.16614184509362953
2.8559933214452666 0.18156647205201987 0.1878505793313641 0.16526649290662412 0.16281550678300893
3.4271919857343196 0.1808938330030578 0.20080579169904433 0.1642160702822176 0.16964325384165124
3.998390650023373 0.1573883232235753 0.1514359283519384 0.16246536590820676 0.16596677465622844
4.569589314312426 0.1385360013855427 0.13813057510945595 0.15423705535035576 0.1538869144755536
5.140787978601479 0.1464418137692338 0.1470591674169113 0.15371184403815252 0.15353677360075144
5.711986642890533 0.1648610666305374 0.16526649290662412 0.15056057616493299 0.1621152250334046
