0.0 0.20323834935556467 0.21025959531870292 0.17962226877351306 0.169118042529448
0.5711986642890533 0.17373437353670815 0.17647100090029355 0.16229029547080567 0.1656166337814263
1.1423973285781066 0.12956133791035024 0.11502127737251275 0.16123987284639918 0.15581268928696554
1.7135959928671598 0.12208859450338813 0.11694705218392469 0.14635888566730695 0.1435577586688896
2.284794657156213 0.1524771367427975 0.15458719622515796 0.15126085791453733 0.1549373370999601
2.8559933214452666 0.19856673294701996 0.20745846832028556 0.16596677465622844 0.16964325384165124
3.4271919857343196 0.1969910990104102 0.20203128476085194 0.16719226771803605 0.17016846515385448
3.998390650023373 0.14957465317535845 0.14775944916651565 0.1573883232235753 0.15091071703973516
4.569589314312426 0.12080781604029599 0.12184902443115507 0.1502104352901308 0.14828466047871888
5.140787978601479 0.13057490360056706 0.12675099667838546 0.1493350831031254 0.15563761884956445
5.711986642890533 0.17308937718838838 0.17156902865306317 0.1598393093471905 0.16701719728063497
