0.0 0.20318306395428015 0.21113494750570835 0.169118042529448 0.1803225505231174
0.5711986642890533 0.1771436399492556 0.18137297314752393 0.158788886722784 0.16036452065939374
1.1423973285781066 0.1291835543349058 0.1264008558035833 0.1514359283519384 0.14268240648188418
1.7135959928671598 0.11860561422246128 0.11642184087172144 0.14303254735668633 0.14828466047871888
2.284794657156213 0.1556560473166593 0.15476226666255904 0.1621152250334046 0.14916001266572432
2.8559933214452666 0.20005943878170288 0.21043466575610403 0.18224832533452934 0.1631656476578111
3.4271919857343196 0.2000317960810606 0.20780860919508776 0.17314466258967295 0.16071466153419592
3.998390650023373 0.15202563929897364 0.15108578747713625 0.15703818234877315 0.16036452065939374
4.569589314312426 0.11414592518550733 0.10014029019342055 0.15196113966414168 0.1456586039177026
5.140787978601479 0.12664042587581634 0.11957310874494097 0.14390789954369176 0.16071466153419592
5.711986642890533 0.17402922901022577 0.17156902865306317 0.15791353453577855 0.17927212789871091
