0.0 0.1704018924037226 0.18207325489712825 0.15931409803498722 0.16981832427905233
0.5711986642890533 0.1680676199050415 0.208333820507291 0.12254930618075942 0.17331973302707404
1.1423973285781066 0.15114414428960327 0.12254930618075942 0.17156902865306317 0.15931409803498722
1.7135959928671598 0.13830564554685706 0.10854367118867263 0.1680676199050415 0.13830564554685706
2.284794657156213 0.1709854605283929 0.18382395927113912 0.15406198491295467 0.17507043740108488
2.8559933214452666 0.17331973302707404 0.208333820507291 0.17331973302707404 0.13830564554685706
3.4271919857343196 0.16573334740636034 0.15756339366097638 0.16631691553103062 0.17331973302707404
3.998390650023373 0.16573334740636034 0.16631691553103062 0.16981832427905233 0.1610648024089981
4.569589314312426 0.15522912116229526 0.14180705429487875 0.17331973302707404 0.15056057616493299
5.140787978601479 0.13830564554685706 0.12780141930279196 0.1400563499208679 0.1470591674169113
5.711986642890533 0.15347841678828442 0.1435577586688896 0.15231128053894383 0.16456621115701978
