0.0 0.18674179989449055 0.18207325489712825 0.16981832427905233 0.208333820507291
0.5711986642890533 0.17565400552575516 0.208333820507291 0.17156902865306317 0.1470591674169113
1.1423973285781066 0.14530846304290046 0.1295521236768028 0.14880987179092214 0.15756339366097638
1.7135959928671598 0.1528948486636141 0.11379578431070517 0.1680676199050415 0.17682114177509572
2.284794657156213 0.1324699643001542 0.1400563499208679 0.1295521236768028 0.12780141930279196
2.8559933214452666 0.17331973302707404 0.17507043740108488 0.17682114177509572 0.1680676199050415
3.4271919857343196 0.17273616490240373 0.18907607239317167 0.15581268928696554 0.17331973302707404
3.998390650023373 0.14122348617020847 0.1330535324248245 0.16456621115701978 0.1260507149287811
4.569589314312426 0.15056057616493299 0.1365549411728462 0.15056057616493299 0.16456621115701978
5.140787978601479 0.14822630366625186 0.15931409803498722 0.13480423679883535 0.15056057616493299
5.711986642890533 0.17156902865306317 0.18382395927113912 0.1803225505231174 0.15056057616493299
