0.0 0.18265682302179856 0.2118352292553127 0.16981832427905233 0.16631691553103062
0.5711986642890533 0.16164837053366837 0.16631691553103062 0.16281550678300893 0.15581268928696554
1.1423973285781066 0.1499770080402627 0.13830564554685706 0.15756339366097638 0.15406198491295467
1.7135959928671598 0.12546714680411084 0.11029437556268347 0.1260507149287811 0.1400563499208679
2.284794657156213 0.15522912116229526 0.15581268928696554 0.1610648024089981 0.14880987179092214
2.8559933214452666 0.18615823176982024 0.1943281855152042 0.19257748114119336 0.17156902865306317
3.4271919857343196 0.17623757365042544 0.1943281855152042 0.16456621115701978 0.16981832427905233
3.998390650023373 0.1709854605283929 0.15931409803498722 0.19082677676718252 0.16281550678300893
4.569589314312426 0.1330535324248245 0.11029437556268347 0.1260507149287811 0.16281550678300893
5.140787978601479 0.13830564554685706 0.1400563499208679 0.13480423679883535 0.1400563499208679
5.711986642890533 0.1709854605283929 0.16981832427905233 0.16456621115701978 0.17857184614910657
