0.0 0.15931409803498722 0.16981832427905233 0.1400563499208679 0.1680676199050415
0.5711986642890533 0.1709854605283929 0.17156902865306317 0.17331973302707404 0.1680676199050415
1.1423973285781066 0.15464555303762498 0.17156902865306317 0.14530846304290046 0.1470591674169113
1.7135959928671598 0.14647559929224102 0.1330535324248245 0.14530846304290046 0.1610648024089981
2.284794657156213 0.17798827802443629 0.15406198491295467 0.1943281855152042 0.18557466364514996
2.8559933214452666 0.18965964051784195 0.21008452488130183 0.16981832427905233 0.18907607239317167
3.4271919857343196 0.18907607239317167 0.208333820507291 0.1873253680191608 0.17156902865306317
3.998390650023373 0.12838498742746224 0.1260507149287811 0.1435577586688896 0.11554648868471602
4.569589314312426 0.15581268928696554 0.15056057616493299 0.15931409803498722 0.15756339366097638
5.140787978601479 0.1336371005494948 0.11029437556268347 0.11904789743273772 0.17156902865306317
5.711986642890533 0.14472489491823015 0.14530846304290046 0.17331973302707404 0.11554648868471602
