0.0 0.17798827802443629 0.17156902865306317 0.1803225505231174 0.18207325489712825
0.5711986642890533 0.16573334740636034 0.17682114177509572 0.16281550678300893 0.15756339366097638
1.1423973285781066 0.13188639617548395 0.13130282805081364 0.10504226244065092 0.15931409803498722
1.7135959928671598 0.11788076118339715 0.09453803619658584 0.1330535324248245 0.1260507149287811
2.284794657156213 0.16514977928169008 0.15231128053894383 0.19082677676718252 0.15231128053894383
2.8559933214452666 0.19316104926586367 0.18907607239317167 0.19958029863723675 0.19082677676718252
3.4271919857343196 0.16631691553103062 0.1873253680191608 0.16631691553103062 0.14530846304290046
3.998390650023373 0.15581268928696554 0.15406198491295467 0.1435577586688896 0.16981832427905233
4.569589314312426 0.1406399180455382 0.15406198491295467 0.1330535324248245 0.13480423679883535
5.140787978601479 0.1639826430323495 0.17507043740108488 0.14530846304290046 0.17156902865306317
5.711986642890533 0.17215259677773345 0.16456621115701978 0.19082677676718252 0.1610648024089981
