0.0 0.1435577586688896 0.13830564554685706 0.1365549411728462 0.15581268928696554
0.5711986642890533 0.17156902865306317 0.17682114177509572 0.18207325489712825 0.15581268928696554
1.1423973285781066 0.14180705429487875 0.13830564554685706 0.15056057616493299 0.1365549411728462
1.7135959928671598 0.1610648024089981 0.15581268928696554 0.15581268928696554 0.17156902865306317
2.284794657156213 0.19374461739053392 0.1978295942632259 0.20658311613328015 0.17682114177509572
2.8559933214452666 0.17915541427377685 0.20658311613328015 0.14880987179092214 0.18207325489712825
3.4271919857343196 0.1914103448918528 0.20308170738525846 0.19607888988921507 0.17507043740108488
3.998390650023373 0.15639625741163582 0.1435577586688896 0.15931409803498722 0.16631691553103062
4.569589314312426 0.15406198491295467 0.1470591674169113 0.16981832427905233 0.14530846304290046
5.140787978601479 0.11846432930806743 0.09453803619658584 0.12430001055477025 0.1365549411728462
5.711986642890533 0.1394727817961976 0.14880987179092214 0.12079860180674858 0.14880987179092214
