0.0 0.14647559929224102 0.14880987179092214 0.14530846304290046 0.14530846304290046
0.5711986642890533 0.13422066867416507 0.14180705429487875 0.11729719305872688 0.1435577586688896
1.1423973285781066 0.13480423679883535 0.11729719305872688 0.12079860180674858 0.16631691553103062
1.7135959928671598 0.1371385092975165 0.1295521236768028 0.1400563499208679 0.14180705429487875
2.284794657156213 0.17273616490240373 0.15931409803498722 0.21708734237734525 0.14180705429487875
2.8559933214452666 0.19549532176454476 0.21533663800333439 0.19082677676718252 0.1803225505231174
3.4271919857343196 0.20891738863196127 0.21533663800333439 0.16981832427905233 0.24159720361349715
3.998390650023373 0.17857184614910657 0.18907607239317167 0.1943281855152042 0.15231128053894383
4.569589314312426 0.1470591674169113 0.15931409803498722 0.13480423679883535 0.1470591674169113
5.140787978601479 0.1371385092975165 0.10504226244065092 0.16981832427905233 0.1365549411728462
5.711986642890533 0.15814696178564666 0.16981832427905233 0.15056057616493299 0.15406198491295467
