0.0 0.15347841678828442 0.1803225505231174 0.13830564554685706 0.14180705429487875
0.5711986642890533 0.15756339366097638 0.16981832427905233 0.15231128053894383 0.15056057616493299
1.1423973285781066 0.13597137304817591 0.10679296681466177 0.15406198491295467 0.1470591674169113
1.7135959928671598 0.14822630366625186 0.12254930618075942 0.15056057616493299 0.17156902865306317
2.284794657156213 0.1639826430323495 0.17857184614910657 0.15056057616493299 0.16281550678300893
2.8559933214452666 0.20366527550992872 0.2188380467513561 0.17857184614910657 0.21358593362932354
3.4271919857343196 0.19666245801388532 0.23809579486547544 0.18907607239317167 0.16281550678300893
3.998390650023373 0.16923475615438205 0.15231128053894383 0.17331973302707404 0.18207325489712825
4.569589314312426 0.1458920311675707 0.12079860180674858 0.15231128053894383 0.16456621115701978
5.140787978601479 0.1126286480613646 0.10679296681466177 0.1295521236768028 0.10154085369262923
5.711986642890533 0.16339907490767921 0.15581268928696554 0.18207325489712825 0.15231128053894383
