0.0 0.16339907490767921 0.17156902865306317 0.16631691553103062 0.15231128053894383
0.5711986642890533 0.14180705429487875 0.1365549411728462 0.1435577586688896 0.14530846304290046
1.1423973285781066 0.1406399180455382 0.1365549411728462 0.1365549411728462 0.14880987179092214
1.7135959928671598 0.13830564554685706 0.13480423679883535 0.15231128053894383 0.12780141930279196
2.284794657156213 0.15756339366097638 0.15406198491295467 0.15581268928696554 0.16281550678300893
2.8559933214452666 0.20249813926058818 0.23984649923948628 0.19082677676718252 0.17682114177509572
3.4271919857343196 0.181489686772458 0.18907607239317167 0.1680676199050415 0.1873253680191608
3.998390650023373 0.16923475615438205 0.15581268928696554 0.16456621115701978 0.1873253680191608
4.569589314312426 0.14180705429487875 0.1330535324248245 0.1400563499208679 0.15231128053894383
5.140787978601479 0.1528948486636141 0.14530846304290046 0.16631691553103062 0.1470591674169113
5.711986642890533 0.1610648024089981 0.15406198491295467 0.16631691553103062 0.16281550678300893
