0.0 0.6074207039133852 0.6533628723808487 0.3972348224630616 0.3956591885264518
0.5711986642890533 0.39622125677284475 0.4140415844535657 0.3221296048179962 0.32738171794002874
1.1423973285781066 0.1269905667506185 0.11397085474810627 0.17647100090029355 0.18907607239317167
1.7135959928671598 0.031134895156750827 0.021008452488130186 0.09453803619658584 0.09523831794619017
2.284794657156213 0.010375226974401134 0.004026620060224952 0.04709394766089183 0.04639366591128749
2.8559933214452666 0.0064776061838401405 0.0005252113122032546 0.027135917797168157 0.028536481296376832
3.4271919857343196 0.005989251805826588 0.00017507043740108488 0.026435636047563816 0.02976197435818443
3.998390650023373 0.009287947415804923 0.002976197435818443 0.04394267978767231 0.04306732760066688
4.569589314312426 0.030959824719349743 0.020483241175926932 0.09996521975601946 0.0936626840095804
5.140787978601479 0.1301694773244803 0.11747226349612797 0.18837579064356733 0.18995142458017708
5.711986642890533 0.39567761699354664 0.40266200602249524 0.32738171794002874 0.31197551944873325
