0.0 0.4654662218817476 0.5119059589607722 0.3044474906404866 0.31092509682432673
0.5711986642890533 0.35936432258314266 0.37202467947730533 0.2811631224661423 0.27976255896693364
1.1423973285781066 0.17622221659451306 0.1687679016546458 0.18592480451995214 0.1966041012014183
1.7135959928671598 0.06610291146923068 0.057072962592753664 0.11414592518550733 0.123774799242567
2.284794657156213 0.025845925100528584 0.017682114177509572 0.07125366802224155 0.07387972458325782
2.8559933214452666 0.014245205064319854 0.006652676621241225 0.052696201657726545 0.04919479290970485
3.4271919857343196 0.014715130975238555 0.006652676621241225 0.0532214129699298 0.05147070859591895
3.998390650023373 0.02774405721129824 0.015581268928696554 0.08490916213952616 0.07247916108404914
4.569589314312426 0.06790890124452607 0.05147070859591895 0.134103955049231 0.11992324961974314
5.140787978601479 0.17566936258166754 0.16841776077984363 0.19958029863723675 0.19257748114119336
5.711986642890533 0.3574201193046359 0.37447566560092055 0.26925833272286853 0.2801126998417358
