0.0 0.46710635545318935 0.5005263805297017 0.3107500263869256 0.32458059094161135
0.5711986642890533 0.35566941493062504 0.3700989046658934 0.27346002322049456 0.25665326122999044
1.1423973285781066 0.17350401769802254 0.17612086002549138 0.19170212895418792 0.19030156545497925
1.7135959928671598 0.06678476475174017 0.05812338521716018 0.11764733393352902 0.12307451749296267
2.284794657156213 0.02662913495205975 0.017682114177509572 0.0717788793344448 0.07895676726788928
2.8559933214452666 0.016797547756956722 0.005077042684631461 0.05217099034552329 0.05497211734394065
3.4271919857343196 0.017120045931116615 0.0052521131220325465 0.06004916002857211 0.05287127209512763
3.998390650023373 0.027403130570043496 0.014180705429487874 0.08000718989229579 0.07475507677026325
4.569589314312426 0.06549477205510058 0.05042028597151244 0.11729719305872688 0.11502127737251275
5.140787978601479 0.1747571534604724 0.17454522608888162 0.19012649501757817 0.19958029863723675
5.711986642890533 0.3594380364515221 0.3786773560985466 0.28571495383857054 0.2799376294043347
