0.0 0.6091621940538485 0.6614161125012987 0.3951339772142486 0.3853300327197878
0.5711986642890533 0.3992711680770426 0.40668862608272016 0.32107918219358966 0.3270315770652265
1.1423973285781066 0.12848327258530146 0.11519634780991385 0.19537860813961072 0.19012649501757817
1.7135959928671598 0.029126192243412067 0.016981832427905234 0.09313747269737714 0.08806043001274569
2.284794657156213 0.009076020044214136 0.002801126998417358 0.04551831372428206 0.04586845459908424
2.8559933214452666 0.0039344777247506965 0.00017507043740108488 0.02013310030112476 0.023284368174344285
3.4271919857343196 0.004570259839523058 0.0005252113122032546 0.023459438611745372 0.027836199546772498
3.998390650023373 0.008900949606813051 0.0026260565610162732 0.041141552789254944 0.04481803197467773
4.569589314312426 0.030471470341336192 0.023284368174344285 0.09173690919816847 0.09996521975601946
5.140787978601479 0.1305288324328299 0.1202733904945453 0.198004664700627 0.19607888988921507
5.711986642890533 0.397179537061777 0.40073623121108326 0.32598115444082004 0.3223046752553973
