0.0 0.6181276432954935 0.6626416055631063 0.40616341477051693 0.3968846815882594
0.5711986642890533 0.39952916661637056 0.4059883443331158 0.3366604511222862 0.3261562248782211
1.1423973285781066 0.12600464376104398 0.12324958793036375 0.18837579064356733 0.19747945338842374
1.7135959928671598 0.028536481296376832 0.018032255052311742 0.08665986651353702 0.08736014826314135
2.284794657156213 0.008071668587544755 0.002801126998417358 0.03869056666563976 0.044467891099875555
2.8559933214452666 0.0037133361196124847 0.00017507043740108488 0.018032255052311742 0.024684931673552967
3.4271919857343196 0.0037317645867073353 0.00017507043740108488 0.018382395927113913 0.02293422729954212
3.998390650023373 0.007776813114027139 0.0017507043740108488 0.041666764101458205 0.03991605972744735
4.569589314312426 0.02840748202671288 0.018032255052311742 0.09156183876076739 0.09278733182257498
5.140787978601479 0.12537807587981906 0.11116972774968889 0.19275255157859444 0.18469931145814453
5.711986642890533 0.4014272987271402 0.40668862608272016 0.33175847887505583 0.33333411281166564
