0.0 0.5792527919589053 0.6262269545836806 0.36852327072928365 0.373425242976514
0.5711986642890533 0.38910786847423223 0.40423763995910494 0.32002875956918314 0.31880326650737556
1.1423973285781066 0.13729207985664024 0.11957310874494097 0.1910018472045836 0.1941531150778031
1.7135959928671598 0.03649757908135248 0.024334790798750797 0.09768930406980536 0.09786437450720645
2.284794657156213 0.01330535324248245 0.006302535746439055 0.050070145096710275 0.05199591990812221
2.8559933214452666 0.008854878439075923 0.00035014087480216976 0.035539298792420224 0.03799028491603542
3.4271919857343196 0.009158948146140967 0.0019257748114119336 0.032738171794002874 0.036064510104623484
3.998390650023373 0.013719993752116598 0.006127465309037971 0.055672399093544996 0.04709394766089183
4.569589314312426 0.038239069221815906 0.02521014298575622 0.10206606500483248 0.10154085369262923
5.140787978601479 0.13559666088391395 0.13130282805081364 0.1932777628907977 0.18592480451995214
5.711986642890533 0.38967915095417266 0.4051129921461104 0.3040973497656844 0.30584805413969524
