0.0 0.6174826469471738 0.6470603366344096 0.3989855268370724 0.40336228777209954
0.5711986642890533 0.4013351563916659 0.4091396122063353 0.330007774501045 0.32685650662782545
1.1423973285781066 0.12556236055076755 0.12079860180674858 0.20098086213644542 0.1878505793313641
1.7135959928671598 0.027522915606160027 0.015231128053894384 0.08490916213952616 0.08718507782574027
2.284794657156213 0.007721527712742586 0.0035014087480216977 0.03869056666563976 0.04079141191445278
2.8559933214452666 0.004063476994414654 0.00035014087480216976 0.02118352292553127 0.02398464992394863
3.4271919857343196 0.003952906191845548 0.0 0.01785718461491066 0.024684931673552967
3.998390650023373 0.0079795262520705 0.0035014087480216977 0.04079141191445278 0.04149169366405711
4.569589314312426 0.027403130570043496 0.019958029863723675 0.084559021264724 0.08736014826314135
5.140787978601479 0.12429079632122284 0.11519634780991385 0.19170212895418792 0.1971293125136216
5.711986642890533 0.40338993047274185 0.4159673592649777 0.34103721205731335 0.330007774501045
