0.0 0.6116684655787483 0.6428586461367837 0.3865555257815954 0.3954841180890507
0.5711986642890533 0.400579589240777 0.41071524614294513 0.3338593241238689 0.3230049570050016
1.1423973285781066 0.12681549631321742 0.11799747480833121 0.1850494523329467 0.1885508610809684
1.7135959928671598 0.02943026195047711 0.01873253680191608 0.09348761357217933 0.09418789532178366
2.284794657156213 0.008836449971981073 0.0019257748114119336 0.04534324328688098 0.04306732760066688
2.8559933214452666 0.004745330276924142 0.0005252113122032546 0.02626056561016273 0.02153366380033344
3.4271919857343196 0.005040185750441759 0.0010504226244065092 0.02293422729954212 0.022233945549937777
3.998390650023373 0.00894702077455018 0.0035014087480216977 0.04306732760066688 0.04271718672586471
4.569589314312426 0.029808045525921558 0.016981832427905234 0.09191197963556956 0.09873972669421187
5.140787978601479 0.127239351056399 0.12219916530595724 0.19275255157859444 0.19730438295102265
5.711986642890533 0.39759417757141113 0.4142166548909668 0.3294825631888417 0.323880309192007
