0.0 0.5800083591097942 0.6307787859561088 0.3771017221619368 0.37675158128713465
0.5711986642890533 0.392047208975861 0.3991605972744735 0.3216043935057929 0.3203789004439853
1.1423973285781066 0.13827800284621478 0.12149888355635291 0.19870494645023135 0.1875004384565619
1.7135959928671598 0.0367555776206804 0.027486058671970324 0.09418789532178366 0.09979014931861838
2.284794657156213 0.0128538557986586 0.004201690497626037 0.052696201657726545 0.05252113122032546
2.8559933214452666 0.006413106549008162 0.0010504226244065092 0.03116253785739311 0.03151267873219527
3.4271919857343196 0.006597391219956672 0.0017507043740108488 0.029411833483382256 0.032738171794002874
3.998390650023373 0.012218073683886239 0.0035014087480216977 0.050070145096710275 0.05287127209512763
4.569589314312426 0.035668298062084186 0.023284368174344285 0.09313747269737714 0.09418789532178366
5.140787978601479 0.13777122000110636 0.12780141930279196 0.19152705851678684 0.18942621326797385
5.711986642890533 0.3920932801435981 0.41019003483074185 0.3111001672617278 0.3130259420731397
