0.0 0.6140549520675315 0.6507368158198324 0.40651355564531905 0.39408355458984207
0.5711986642890533 0.402505364052189 0.4168427114519831 0.32177946394319396 0.3270315770652265
1.1423973285781066 0.12358130033807106 0.11799747480833121 0.18715029758175972 0.2004556508242422
1.7135959928671598 0.02835219662542832 0.01750704374010849 0.09348761357217933 0.09313747269737714
2.284794657156213 0.007942669317880797 0.002801126998417358 0.03658972141682674 0.039390848415244095
2.8559933214452666 0.004376760935027122 0.00035014087480216976 0.020833382050729102 0.02398464992394863
3.4271919857343196 0.004496545971143654 0.0005252113122032546 0.02293422729954212 0.021358593362932356
3.998390650023373 0.007961097784975649 0.0015756339366097638 0.04254211628846362 0.040966482351853864
4.569589314312426 0.02764270064227656 0.017156902865306318 0.0936626840095804 0.08998620482415763
5.140787978601479 0.12612442879716051 0.11572155912211711 0.19537860813961072 0.1910018472045836
5.711986642890533 0.4036663574791646 0.4094897530811375 0.3298327040636439 0.3293074927514406
