0.0 0.0 0.0 0.0 0.0
0.2026833970057931 0.0 0.0 0.0 0.0
0.4053667940115862 0.0 0.0 0.0 0.0
0.6080501910173793 0.0002596738545183556 0.0 0.0 0.0
0.8107335880231724 0.0 0.0 0.0 0.0
1.0134169850289656 0.0007790215635550667 0.0 0.009867606471697512 0.0
1.2161003820347587 0.0005193477090367112 0.0 0.0 0.0
1.4187837790405518 0.0064918463629588885 0.004933803235848756 0.009867606471697512 0.019735212943395024
1.6214671760463448 0.021812603779541865 0.009867606471697512 0.0789408517735801 0.029602819415092536
1.824150573052138 0.0444042291226388 0.029602819415092536 0.13814649060376516 0.049338032358487556
2.026833970057931 0.0911455229359428 0.049338032358487556 0.17268311325470645 0.10854367118867261
2.2295173670637243 0.16697028845530262 0.13814649060376516 0.25162396502828654 0.14801409707546268
2.4322007640695174 0.2856412399701911 0.28616058767922786 0.3453662265094129 0.22695494884904274
2.6348841610753104 0.4336553370456538 0.3651014394528079 0.3749690459245054 0.38483665239620296
2.8375675580811035 0.5785533478668962 0.666063436839582 0.5377845527075144 0.4193732750471443
3.0402509550868966 0.7291641834875424 0.8436803533301372 0.5525859624150606 0.5920563883018507
3.2429343520926897 0.7564299382119698 0.8190113371508935 0.5032479300565731 0.7154014691980695
3.4456177490984827 0.6798261511290548 0.666063436839582 0.5821887818301531 0.6315268141886408
3.648301146104276 0.5136348842373073 0.5673873721226069 0.44897609446223674 0.5377845527075144
3.850984543110069 0.3245923181479444 0.23682255532074029 0.4539098976980855 0.3996380621037492
4.053667940115862 0.1711250701275963 0.14308029383961393 0.21708734237734523 0.3009619973867741
4.2563513371216555 0.07868117791906173 0.06413944206603382 0.1332126873679164 0.17268311325470645
4.4590347341274486 0.03375760108738622 0.03453662265094129 0.05920563883018507 0.10360986795282387
4.661718131133242 0.010906301889770932 0.009867606471697512 0.03947042588679005 0.05920563883018507
4.864401528139035 0.003895107817775333 0.0 0.024669016179243778 0.019735212943395024
5.067084925144828 0.0007790215635550667 0.0 0.0 0.004933803235848756
5.269768322150621 0.0002596738545183556 0.0 0.0 0.0
5.472451719156414 0.0002596738545183556 0.0 0.0 0.004933803235848756
5.675135116162207 0.0002596738545183556 0.0 0.0 0.004933803235848756
5.877818513168 0.0 0.0 0.0 0.0
6.080501910173793 0.0 0.0 0.0 0.0
