0.0 0.0 0.0 0.0 0.0
0.2026833970057931 0.0 0.0 0.0 0.0
0.4053667940115862 0.0 0.0 0.0 0.0
0.6080501910173793 0.0 0.0 0.0 0.0
0.8107335880231724 0.0002596738545183556 0.0 0.0 0.0
1.0134169850289656 0.0005193477090367112 0.0 0.0 0.004933803235848756
1.2161003820347587 0.0 0.0 0.0 0.0
1.4187837790405518 0.0012983692725917777 0.0 0.004933803235848756 0.019735212943395024
1.6214671760463448 0.004933803235848756 0.0 0.024669016179243778 0.03453662265094129
1.824150573052138 0.0163594528346564 0.0 0.0444042291226388 0.07400704853773134
2.026833970057931 0.049338032358487556 0.05920563883018507 0.10854367118867261 0.10360986795282387
2.2295173670637243 0.1215273639145904 0.10360986795282387 0.1874845229622527 0.19241832619810148
2.4322007640695174 0.2653866793177594 0.23682255532074029 0.26149157149998403 0.3552338329811104
2.6348841610753104 0.4178152319200341 0.3749690459245054 0.3354986200377154 0.42430707828299297
2.8375675580811035 0.5936144314289608 0.47364511064148057 0.49831412682072435 0.5673873721226069
3.0402509550868966 0.6980033209453397 0.7598056983207083 0.5229831429999681 0.5476521591792118
3.2429343520926897 0.7390317899592399 0.8979521889244735 0.5969901915376994 0.5328507494716656
3.4456177490984827 0.6709972400754308 0.7894085177358009 0.5772549785943044 0.5871225850660019
3.648301146104276 0.5383039004165511 0.626593010952792 0.48351271711317806 0.43910848799053925
3.850984543110069 0.35159839901785345 0.3009619973867741 0.3996380621037492 0.35030002974526164
4.053667940115862 0.22461788415837758 0.17268311325470645 0.36016763621695913 0.23188875208489151
4.2563513371216555 0.12464345016881066 0.08387465500942885 0.2565577682641353 0.1874845229622527
4.4590347341274486 0.06881357144736422 0.0444042291226388 0.1578817035471602 0.12827888413206764
4.661718131133242 0.028044776287982402 0.004933803235848756 0.07400704853773134 0.06907324530188258
4.864401528139035 0.012983692725917777 0.004933803235848756 0.029602819415092536 0.0444042291226388
5.067084925144828 0.004154781672293689 0.0 0.004933803235848756 0.029602819415092536
5.269768322150621 0.0012983692725917777 0.0 0.0 0.009867606471697512
5.472451719156414 0.0002596738545183556 0.0 0.004933803235848756 0.0
5.675135116162207 0.0 0.0 0.0 0.0
5.877818513168 0.0 0.0 0.0 0.0
6.080501910173793 0.0 0.0 0.0 0.0
