0.0 0.009088584908142445 0.004933803235848756 0.0 0.024669016179243778
0.2026833970057931 0.008309563344587378 0.0 0.0 0.014801409707546268
0.4053667940115862 0.007530541781032311 0.0 0.0 0.024669016179243778
0.6080501910173793 0.00882891105362409 0.0 0.004933803235848756 0.03947042588679005
0.8107335880231724 0.007790215635550666 0.0 0.004933803235848756 0.0444042291226388
1.0134169850289656 0.010127280326215867 0.0 0.009867606471697512 0.049338032358487556
1.2161003820347587 0.015320757416582977 0.009867606471697512 0.024669016179243778 0.029602819415092536
1.4187837790405518 0.022072277634060222 0.004933803235848756 0.03947042588679005 0.03453662265094129
1.6214671760463448 0.03531564421449636 0.029602819415092536 0.05920563883018507 0.06413944206603382
1.824150573052138 0.0537524878852996 0.03453662265094129 0.09374226148112635 0.09867606471697511
2.026833970057931 0.09218421835401622 0.08387465500942885 0.12827888413206764 0.10854367118867261
2.2295173670637243 0.14931246634805445 0.1233450808962189 0.22695494884904274 0.17268311325470645
2.4322007640695174 0.25967385451835556 0.23188875208489151 0.3108296038584716 0.28122678444337906
2.6348841610753104 0.37419002436095034 0.35030002974526164 0.38483665239620296 0.4292408815188417
2.8375675580811035 0.5216847737273763 0.6413944206603382 0.444042291226388 0.4933803235848756
3.0402509550868966 0.6312671403341225 0.7203352724339183 0.39470425886790045 0.48351271711317806
3.2429343520926897 0.6889147360371972 0.7351366821414645 0.3996380621037492 0.5229831429999681
3.4456177490984827 0.6310074664796039 0.6759310433112796 0.5575197656509094 0.5427183559433632
3.648301146104276 0.5105187979830871 0.48351271711317806 0.4588437009339343 0.47364511064148057
3.850984543110069 0.35549350683562875 0.28616058767922786 0.5081817332924218 0.34043242327356416
4.053667940115862 0.24331440168369914 0.21215353914149648 0.3354986200377154 0.29602819415092535
4.2563513371216555 0.128538557986586 0.08387465500942885 0.22695494884904274 0.19241832619810148
4.4590347341274486 0.06465878977507053 0.05920563883018507 0.1776169164905552 0.08387465500942885
4.661718131133242 0.035834991923533066 0.03947042588679005 0.07400704853773134 0.03947042588679005
4.864401528139035 0.018436843670803244 0.0444042291226388 0.024669016179243778 0.004933803235848756
5.067084925144828 0.009607932617179156 0.024669016179243778 0.024669016179243778 0.014801409707546268
5.269768322150621 0.010386954180734221 0.019735212943395024 0.004933803235848756 0.009867606471697512
5.472451719156414 0.007530541781032311 0.014801409707546268 0.0 0.0
5.675135116162207 0.008049889490069021 0.009867606471697512 0.009867606471697512 0.0
5.877818513168 0.008569237199105734 0.009867606471697512 0.004933803235848756 0.014801409707546268
6.080501910173793 0.0064918463629588885 0.0 0.0 0.004933803235848756
