0.0 0.0 0.0 0.0 0.0
0.2026833970057931 0.0 0.0 0.0 0.0
0.4053667940115862 0.0 0.0 0.0 0.0
0.6080501910173793 0.0002596738545183556 0.0 0.004933803235848756 0.0
0.8107335880231724 0.0002596738545183556 0.0 0.004933803235848756 0.0
1.0134169850289656 0.0007790215635550667 0.0 0.009867606471697512 0.0
1.2161003820347587 0.003635433963256978 0.0 0.019735212943395024 0.0
1.4187837790405518 0.010646628035252577 0.0 0.03453662265094129 0.024669016179243778
1.6214671760463448 0.018696517525321598 0.019735212943395024 0.05920563883018507 0.0444042291226388
1.824150573052138 0.04700096766782236 0.03947042588679005 0.16281550678300893 0.06907324530188258
2.026833970057931 0.10179215097119537 0.06907324530188258 0.17268311325470645 0.1677493100188577
2.2295173670637243 0.1882635445258078 0.13814649060376516 0.24175635855658903 0.21215353914149648
2.4322007640695174 0.34147111869163754 0.29602819415092535 0.37990284916035416 0.4193732750471443
2.6348841610753104 0.49753510525716926 0.42430707828299297 0.4539098976980855 0.5673873721226069
2.8375675580811035 0.6561958303678845 0.7154014691980695 0.5673873721226069 0.5377845527075144
3.0402509550868966 0.7390317899592399 0.7647395015565571 0.5969901915376994 0.5476521591792118
3.2429343520926897 0.7392914638137582 0.8042099274433472 0.5772549785943044 0.5575197656509094
3.4456177490984827 0.626593010952792 0.7844747144999522 0.5476521591792118 0.5131155365282706
3.648301146104276 0.4271634906826949 0.47364511064148057 0.3108296038584716 0.39470425886790045
3.850984543110069 0.2430547278291808 0.28122678444337906 0.2664253747358328 0.28122678444337906
4.053667940115862 0.14100290300346707 0.0888084582452776 0.23682255532074029 0.2664253747358328
4.2563513371216555 0.06465878977507053 0.029602819415092536 0.09867606471697511 0.18255071972640394
4.4590347341274486 0.03947042588679005 0.004933803235848756 0.0888084582452776 0.0789408517735801
4.661718131133242 0.02155292992502351 0.0 0.024669016179243778 0.029602819415092536
4.864401528139035 0.017138474398211468 0.0 0.029602819415092536 0.019735212943395024
5.067084925144828 0.0070111940719956006 0.0 0.03453662265094129 0.019735212943395024
5.269768322150621 0.0012983692725917777 0.0 0.009867606471697512 0.0
5.472451719156414 0.0 0.0 0.0 0.0
5.675135116162207 0.0 0.0 0.0 0.0
5.877818513168 0.0 0.0 0.0 0.0
6.080501910173793 0.0 0.0 0.0 0.0
