0.0 0.005972498653922178 0.0 0.0 0.014801409707546268
0.2026833970057931 0.007530541781032311 0.0 0.0 0.009867606471697512
0.4053667940115862 0.010127280326215867 0.0 0.0 0.029602819415092536
0.6080501910173793 0.009088584908142445 0.0 0.0 0.019735212943395024
0.8107335880231724 0.008569237199105734 0.0 0.0 0.024669016179243778
1.0134169850289656 0.005193477090367111 0.0 0.004933803235848756 0.014801409707546268
1.2161003820347587 0.007790215635550666 0.0 0.004933803235848756 0.014801409707546268
1.4187837790405518 0.012983692725917777 0.004933803235848756 0.024669016179243778 0.014801409707546268
1.6214671760463448 0.0163594528346564 0.009867606471697512 0.03453662265094129 0.03453662265094129
1.824150573052138 0.03453662265094129 0.029602819415092536 0.09374226148112635 0.05427183559433631
2.026833970057931 0.08439400271846556 0.06413944206603382 0.17268311325470645 0.14801409707546268
2.2295173670637243 0.17320246096374314 0.14801409707546268 0.24175635855658903 0.22695494884904274
2.4322007640695174 0.31628275480335705 0.3206972103301691 0.3897704556320517 0.3453662265094129
2.6348841610753104 0.49857380067524265 0.4785789138773293 0.40950566857544674 0.4292408815188417
2.8375675580811035 0.6899534314552708 0.9226212051037173 0.5673873721226069 0.46377750416978303
3.0402509550868966 0.7878504746086907 0.907819795396171 0.6413944206603382 0.5673873721226069
3.2429343520926897 0.7496784179944925 0.8338127468584398 0.6315268141886408 0.6019239947735482
3.4456177490984827 0.6047804071732501 0.5772549785943044 0.5476521591792118 0.5279169462358169
3.648301146104276 0.41547816722936887 0.3700352426886567 0.37990284916035416 0.4193732750471443
3.850984543110069 0.2324080997939282 0.1874845229622527 0.29602819415092535 0.32563101356601787
4.053667940115862 0.11893062536940685 0.03947042588679005 0.25162396502828654 0.20721973590564774
4.2563513371216555 0.05738792184855658 0.019735212943395024 0.13814649060376516 0.12827888413206764
4.4590347341274486 0.03142053639672102 0.009867606471697512 0.05920563883018507 0.10854367118867261
4.661718131133242 0.0163594528346564 0.009867606471697512 0.03453662265094129 0.06413944206603382
4.864401528139035 0.00882891105362409 0.0 0.004933803235848756 0.03453662265094129
5.067084925144828 0.008309563344587378 0.0 0.0 0.029602819415092536
5.269768322150621 0.004154781672293689 0.0 0.004933803235848756 0.019735212943395024
5.472451719156414 0.004933803235848756 0.0 0.0 0.014801409707546268
5.675135116162207 0.004154781672293689 0.0 0.0 0.014801409707546268
5.877818513168 0.004414455526812045 0.0 0.0 0.014801409707546268
6.080501910173793 0.004154781672293689 0.0 0.0 0.009867606471697512
