0.0 0.0 0.0 0.0 0.0
0.2026833970057931 0.0002596738545183556 0.0 0.0 0.004933803235848756
0.4053667940115862 0.0 0.0 0.0 0.0
0.6080501910173793 0.0002596738545183556 0.0 0.0 0.004933803235848756
0.8107335880231724 0.0015580431271101335 0.0 0.0 0.004933803235848756
1.0134169850289656 0.0023370646906651998 0.0 0.004933803235848756 0.014801409707546268
1.2161003820347587 0.005453150944885466 0.0 0.004933803235848756 0.03947042588679005
1.4187837790405518 0.010127280326215867 0.0 0.029602819415092536 0.029602819415092536
1.6214671760463448 0.015061083562064622 0.0 0.0444042291226388 0.0444042291226388
1.824150573052138 0.04284618599552867 0.019735212943395024 0.07400704853773134 0.09867606471697511
2.026833970057931 0.0859520458455757 0.06907324530188258 0.13814649060376516 0.16281550678300893
2.2295173670637243 0.17398148252729823 0.1332126873679164 0.2664253747358328 0.2466901617924378
2.4322007640695174 0.2874589569518196 0.2762929812075303 0.28122678444337906 0.2466901617924378
2.6348841610753104 0.46351783031526467 0.4785789138773293 0.3552338329811104 0.5180493397641194
2.8375675580811035 0.5951724745560709 0.5476521591792118 0.49831412682072435 0.5673873721226069
3.0402509550868966 0.6891744098917157 0.7894085177358009 0.4539098976980855 0.6019239947735482
3.2429343520926897 0.703975819599262 0.8190113371508935 0.5575197656509094 0.6315268141886408
3.4456177490984827 0.6323058357521958 0.6167254044810945 0.5969901915376994 0.5377845527075144
3.648301146104276 0.47338543678696215 0.5279169462358169 0.49831412682072435 0.38483665239620296
3.850984543110069 0.33523894618319705 0.29602819415092535 0.3453662265094129 0.3206972103301691
4.053667940115862 0.20488267121498252 0.18255071972640394 0.2762929812075303 0.19241832619810148
4.2563513371216555 0.11010171431578275 0.1233450808962189 0.222021145613194 0.15294790031131142
4.4590347341274486 0.04803966308589578 0.019735212943395024 0.10854367118867261 0.0789408517735801
4.661718131133242 0.028304450142500756 0.024669016179243778 0.0888084582452776 0.03453662265094129
4.864401528139035 0.011685323453326001 0.0 0.049338032358487556 0.004933803235848756
5.067084925144828 0.007790215635550666 0.009867606471697512 0.024669016179243778 0.004933803235848756
5.269768322150621 0.003895107817775333 0.0 0.014801409707546268 0.004933803235848756
5.472451719156414 0.0005193477090367112 0.0 0.0 0.0
5.675135116162207 0.0002596738545183556 0.0 0.0 0.0
5.877818513168 0.0002596738545183556 0.0 0.0 0.0
6.080501910173793 0.0 0.0 0.0 0.0
