0.0 0.0 0.0 0.0 0.0
0.2026833970057931 0.0 0.0 0.0 0.0
0.4053667940115862 0.0002596738545183556 0.0 0.0 0.0
0.6080501910173793 0.0 0.0 0.0 0.0
0.8107335880231724 0.0002596738545183556 0.0 0.004933803235848756 0.0
1.0134169850289656 0.0 0.0 0.0 0.0
1.2161003820347587 0.0012983692725917777 0.0 0.0 0.009867606471697512
1.4187837790405518 0.0002596738545183556 0.0 0.0 0.004933803235848756
1.6214671760463448 0.0025967385451835553 0.0 0.009867606471697512 0.014801409707546268
1.824150573052138 0.012983692725917777 0.014801409707546268 0.019735212943395024 0.029602819415092536
2.026833970057931 0.0444042291226388 0.05920563883018507 0.07400704853773134 0.05427183559433631
2.2295173670637243 0.105167911079934 0.0789408517735801 0.17268311325470645 0.11841127766037014
2.4322007640695174 0.2116341914324598 0.17268311325470645 0.29109439091507655 0.25162396502828654
2.6348841610753104 0.3749690459245054 0.40950566857544674 0.48351271711317806 0.3354986200377154
2.8375675580811035 0.5759566093217126 0.6709972400754308 0.5279169462358169 0.4193732750471443
3.0402509550868966 0.7263077710878406 0.8239451403867423 0.6315268141886408 0.5525859624150606
3.2429343520926897 0.7940826471171314 0.7746071080282546 0.6709972400754308 0.6019239947735482
3.4456177490984827 0.7548718950848596 0.7943423209716497 0.5673873721226069 0.6512620271320357
3.648301146104276 0.5447957467795099 0.46377750416978303 0.46377750416978303 0.5821887818301531
3.850984543110069 0.3721126335248035 0.36016763621695913 0.40950566857544674 0.4785789138773293
4.053667940115862 0.20696006205112938 0.1578817035471602 0.23188875208489151 0.29602819415092535
4.2563513371216555 0.10906301889770932 0.08387465500942885 0.17268311325470645 0.3108296038584716
4.4590347341274486 0.05115574934011605 0.049338032358487556 0.07400704853773134 0.11347747442452137
4.661718131133242 0.019475539088876666 0.019735212943395024 0.014801409707546268 0.0789408517735801
4.864401528139035 0.009088584908142445 0.0 0.03453662265094129 0.019735212943395024
5.067084925144828 0.006232172508440534 0.0 0.029602819415092536 0.0
5.269768322150621 0.003375760108738622 0.0 0.009867606471697512 0.009867606471697512
5.472451719156414 0.003635433963256978 0.0 0.03453662265094129 0.0
5.675135116162207 0.001817716981628489 0.0 0.0 0.0
5.877818513168 0.0010386954180734223 0.0 0.004933803235848756 0.0
6.080501910173793 0.0 0.0 0.0 0.0
