0.0 0.0002596738545183556 0.0 0.0 0.004933803235848756
0.2026833970057931 0.0007790215635550667 0.0 0.0 0.014801409707546268
0.4053667940115862 0.0005193477090367112 0.0 0.0 0.004933803235848756
0.6080501910173793 0.0025967385451835553 0.0 0.014801409707546268 0.004933803235848756
0.8107335880231724 0.003116086254220267 0.0 0.019735212943395024 0.009867606471697512
1.0134169850289656 0.0064918463629588885 0.0 0.024669016179243778 0.0
1.2161003820347587 0.018436843670803244 0.0 0.0789408517735801 0.019735212943395024
1.4187837790405518 0.03401727494190458 0.0 0.11841127766037014 0.03453662265094129
1.6214671760463448 0.0514154231946344 0.049338032358487556 0.11347747442452137 0.0444042291226388
1.824150573052138 0.0981567170079384 0.029602819415092536 0.19241832619810148 0.10854367118867261
2.026833970057931 0.1612574636558988 0.08387465500942885 0.3009619973867741 0.17268311325470645
2.2295173670637243 0.24980624804665805 0.24175635855658903 0.32563101356601787 0.30589580062262284
2.4322007640695174 0.3749690459245054 0.444042291226388 0.32563101356601787 0.4193732750471443
2.6348841610753104 0.5102591241285687 0.49831412682072435 0.3897704556320517 0.4933803235848756
2.8375675580811035 0.6226979031350166 0.6315268141886408 0.46377750416978303 0.5476521591792118
3.0402509550868966 0.6852793020739403 0.6512620271320357 0.4292408815188417 0.606857798009397
3.2429343520926897 0.6310074664796039 0.7992761242074984 0.42430707828299297 0.5920563883018507
3.4456177490984827 0.4967560836936142 0.46377750416978303 0.3897704556320517 0.46871130740563177
3.648301146104276 0.37444969821546875 0.39470425886790045 0.35030002974526164 0.404571865339598
3.850984543110069 0.2513642911737682 0.3157634070943204 0.3157634070943204 0.26149157149998403
4.053667940115862 0.1467157278028709 0.19735212943395022 0.1874845229622527 0.1677493100188577
4.2563513371216555 0.08283595959135542 0.05920563883018507 0.11347747442452137 0.14801409707546268
4.4590347341274486 0.04803966308589578 0.03453662265094129 0.09867606471697511 0.049338032358487556
4.661718131133242 0.02726575472442733 0.014801409707546268 0.0888084582452776 0.0444042291226388
4.864401528139035 0.02518836388828049 0.019735212943395024 0.07400704853773134 0.004933803235848756
5.067084925144828 0.013762714289472844 0.004933803235848756 0.0444042291226388 0.0
5.269768322150621 0.009088584908142445 0.0 0.014801409707546268 0.0
5.472451719156414 0.005453150944885466 0.0 0.024669016179243778 0.0
5.675135116162207 0.0012983692725917777 0.0 0.004933803235848756 0.0
5.877818513168 0.0005193477090367112 0.0 0.004933803235848756 0.0
6.080501910173793 0.0 0.0 0.0 0.0
