0.0 0.0 0.0 0.0 0.0
0.2026833970057931 0.0 0.0 0.0 0.0
0.4053667940115862 0.0 0.0 0.0 0.0
0.6080501910173793 0.0 0.0 0.0 0.0
0.8107335880231724 0.0 0.0 0.0 0.0
1.0134169850289656 0.0005193477090367112 0.0 0.009867606471697512 0.0
1.2161003820347587 0.003116086254220267 0.0 0.004933803235848756 0.019735212943395024
1.4187837790405518 0.0064918463629588885 0.0 0.024669016179243778 0.03453662265094129
1.6214671760463448 0.015320757416582977 0.0 0.03947042588679005 0.06413944206603382
1.824150573052138 0.03765270890516156 0.004933803235848756 0.0789408517735801 0.1578817035471602
2.026833970057931 0.08205693802780036 0.05427183559433631 0.14801409707546268 0.24175635855658903
2.2295173670637243 0.1898215876529179 0.11347747442452137 0.21215353914149648 0.3897704556320517
2.4322007640695174 0.343288835673266 0.35030002974526164 0.24175635855658903 0.5279169462358169
2.6348841610753104 0.5769953047397861 0.444042291226388 0.5032479300565731 0.5476521591792118
2.8375675580811035 0.7527945042487129 0.7598056983207083 0.5377845527075144 0.5969901915376994
3.0402509550868966 0.8696477387819728 0.9818268439339024 0.6512620271320357 0.7696733047924059
3.2429343520926897 0.7943423209716497 0.8930183856886248 0.6611296336037333 0.5279169462358169
3.4456177490984827 0.5673873721226069 0.7154014691980695 0.5525859624150606 0.46377750416978303
3.648301146104276 0.36873687341606487 0.3009619973867741 0.5081817332924218 0.2762929812075303
3.850984543110069 0.1856668059806242 0.17268311325470645 0.2762929812075303 0.1332126873679164
4.053667940115862 0.08387465500942885 0.049338032358487556 0.202285932669799 0.09867606471697511
4.2563513371216555 0.03765270890516156 0.0789408517735801 0.17268311325470645 0.03453662265094129
4.4590347341274486 0.009607932617179156 0.014801409707546268 0.03453662265094129 0.024669016179243778
4.661718131133242 0.006232172508440534 0.0 0.05427183559433631 0.004933803235848756
4.864401528139035 0.001817716981628489 0.0 0.014801409707546268 0.009867606471697512
5.067084925144828 0.0005193477090367112 0.0 0.004933803235848756 0.004933803235848756
5.269768322150621 0.0002596738545183556 0.0 0.0 0.004933803235848756
5.472451719156414 0.0 0.0 0.0 0.0
5.675135116162207 0.0 0.0 0.0 0.0
5.877818513168 0.0 0.0 0.0 0.0
6.080501910173793 0.0 0.0 0.0 0.0
