0.0 0.06249484098741757 0.06907324530188258 0.05427183559433631 0.06907324530188258
0.2026833970057931 0.06907324530188258 0.06413944206603382 0.1233450808962189 0.05427183559433631
0.4053667940115862 0.07839265141404135 0.0888084582452776 0.0789408517735801 0.0789408517735801
0.6080501910173793 0.0942904618406651 0.09867606471697511 0.11347747442452137 0.11347747442452137
0.8107335880231724 0.09922426507651386 0.11347747442452137 0.09867606471697511 0.10854367118867261
1.0134169850289656 0.12827888413206764 0.06907324530188258 0.14801409707546268 0.14308029383961393
1.2161003820347587 0.14033929204192017 0.09374226148112635 0.1578817035471602 0.14308029383961393
1.4187837790405518 0.1732313136142452 0.16281550678300893 0.21215353914149648 0.15294790031131142
1.6214671760463448 0.19570752835533398 0.19735212943395022 0.21708734237734523 0.1776169164905552
1.824150573052138 0.21818374309642277 0.2664253747358328 0.1874845229622527 0.1776169164905552
2.026833970057931 0.24833476287105405 0.2664253747358328 0.2664253747358328 0.20721973590564774
2.2295173670637243 0.2697145768930653 0.28122678444337906 0.3206972103301691 0.25162396502828654
2.4322007640695174 0.3086368024203166 0.30589580062262284 0.2664253747358328 0.25162396502828654
2.6348841610753104 0.35468563262157166 0.4193732750471443 0.3157634070943204 0.29602819415092535
2.8375675580811035 0.3886740549129742 0.43417468475469045 0.29109439091507655 0.36016763621695913
3.0402509550868966 0.35907123549788167 0.29602819415092535 0.35030002974526164 0.36016763621695913
3.2429343520926897 0.3206972103301691 0.34043242327356416 0.29602819415092535 0.28122678444337906
3.4456177490984827 0.3124742049370879 0.3651014394528079 0.29109439091507655 0.29109439091507655
3.648301146104276 0.21708734237734523 0.202285932669799 0.20721973590564774 0.25162396502828654
3.850984543110069 0.16391190750208645 0.1233450808962189 0.14801409707546268 0.19241832619810148
4.053667940115862 0.1288270844916064 0.13814649060376516 0.12827888413206764 0.13814649060376516
4.2563513371216555 0.10086886615513012 0.11347747442452137 0.11347747442452137 0.1874845229622527
4.4590347341274486 0.08387465500942885 0.07400704853773134 0.08387465500942885 0.1233450808962189
4.661718131133242 0.06304304134695632 0.0789408517735801 0.029602819415092536 0.12827888413206764
4.864401528139035 0.06359124170649508 0.03947042588679005 0.0444042291226388 0.0888084582452776
5.067084925144828 0.04056682660586755 0.024669016179243778 0.07400704853773134 0.05920563883018507
5.269768322150621 0.0422114276844838 0.019735212943395024 0.05920563883018507 0.049338032358487556
5.472451719156414 0.049338032358487556 0.029602819415092536 0.07400704853773134 0.05920563883018507
5.675135116162207 0.04385602876310005 0.05427183559433631 0.049338032358487556 0.06413944206603382
5.877818513168 0.049338032358487556 0.03453662265094129 0.06413944206603382 0.03453662265094129
6.080501910173793 0.06578404314465008 0.06907324530188258 0.06907324530188258 0.03947042588679005
