0.0 0.12553788233437388 0.15294790031131142 0.10360986795282387 0.11347747442452137
0.2026833970057931 0.10744727046959512 0.10854367118867261 0.10854367118867261 0.14308029383961393
0.4053667940115862 0.11950767837944763 0.1332126873679164 0.13814649060376516 0.10854367118867261
0.6080501910173793 0.1211522794580639 0.11841127766037014 0.14801409707546268 0.1332126873679164
0.8107335880231724 0.12279688053668013 0.0789408517735801 0.09867606471697511 0.13814649060376516
1.0134169850289656 0.11786307730083138 0.09374226148112635 0.12827888413206764 0.11347747442452137
1.2161003820347587 0.11731487694129263 0.11347747442452137 0.10854367118867261 0.11347747442452137
1.4187837790405518 0.1288270844916064 0.16281550678300893 0.1677493100188577 0.11841127766037014
1.6214671760463448 0.13156808628930017 0.10360986795282387 0.18255071972640394 0.16281550678300893
1.824150573052138 0.1266342830534514 0.11347747442452137 0.13814649060376516 0.16281550678300893
2.026833970057931 0.15952630462577644 0.19241832619810148 0.14308029383961393 0.1578817035471602
2.2295173670637243 0.16994211145701268 0.13814649060376516 0.1874845229622527 0.202285932669799
2.4322007640695174 0.16555650858070267 0.14801409707546268 0.14801409707546268 0.15294790031131142
2.6348841610753104 0.2143463405796515 0.21708734237734523 0.202285932669799 0.2466901617924378
2.8375675580811035 0.21763554273688399 0.22695494884904274 0.1776169164905552 0.222021145613194
3.0402509550868966 0.25272036574736406 0.202285932669799 0.2762929812075303 0.28122678444337906
3.2429343520926897 0.23134055172535276 0.23682255532074029 0.24175635855658903 0.22695494884904274
3.4456177490984827 0.250527564309209 0.2466901617924378 0.1874845229622527 0.25162396502828654
3.648301146104276 0.22805134956812026 0.2664253747358328 0.23188875208489151 0.18255071972640394
3.850984543110069 0.213249939860574 0.23682255532074029 0.12827888413206764 0.19735212943395022
4.053667940115862 0.213249939860574 0.21708734237734523 0.1677493100188577 0.2466901617924378
4.2563513371216555 0.17926151756917147 0.19241832619810148 0.19241832619810148 0.17268311325470645
4.4590347341274486 0.1677493100188577 0.21708734237734523 0.1874845229622527 0.1677493100188577
4.661718131133242 0.14691769635638516 0.10854367118867261 0.19241832619810148 0.1578817035471602
4.864401528139035 0.14636949599684643 0.13814649060376516 0.1776169164905552 0.11841127766037014
5.067084925144828 0.1343090880869939 0.14308029383961393 0.12827888413206764 0.14308029383961393
5.269768322150621 0.13156808628930017 0.15294790031131142 0.13814649060376516 0.09374226148112635
5.472451719156414 0.12608608269391264 0.10854367118867261 0.14801409707546268 0.0888084582452776
5.675135116162207 0.12005587873898638 0.1233450808962189 0.10854367118867261 0.0888084582452776
5.877818513168 0.12773068377252889 0.14801409707546268 0.1677493100188577 0.08387465500942885
6.080501910173793 0.11895947801990889 0.09374226148112635 0.0789408517735801 0.14308029383961393
