0.0 0.19187012583856272 0.1677493100188577 0.1776169164905552 0.19241832619810148
0.2026833970057931 0.19625572871487273 0.23188875208489151 0.18255071972640394 0.20721973590564774
0.4053667940115862 0.21818374309642277 0.25162396502828654 0.22695494884904274 0.19241832619810148
0.6080501910173793 0.18912912404086896 0.15294790031131142 0.16281550678300893 0.14801409707546268
0.8107335880231724 0.21160533878195772 0.22695494884904274 0.19241832619810148 0.25162396502828654
1.0134169850289656 0.19625572871487273 0.21708734237734523 0.16281550678300893 0.19735212943395022
1.2161003820347587 0.14691769635638516 0.16281550678300893 0.14801409707546268 0.15294790031131142
1.4187837790405518 0.1332126873679164 0.12827888413206764 0.1578817035471602 0.12827888413206764
1.6214671760463448 0.11621847622221514 0.1332126873679164 0.13814649060376516 0.16281550678300893
1.824150573052138 0.11292927406498263 0.10854367118867261 0.09867606471697511 0.08387465500942885
2.026833970057931 0.11073647262682762 0.11841127766037014 0.11841127766037014 0.1233450808962189
2.2295173670637243 0.10689907011005638 0.05427183559433631 0.11841127766037014 0.11347747442452137
2.4322007640695174 0.10580266939097886 0.0888084582452776 0.09374226148112635 0.10854367118867261
2.6348841610753104 0.0942904618406651 0.07400704853773134 0.14308029383961393 0.11841127766037014
2.8375675580811035 0.12718248341299015 0.10854367118867261 0.0888084582452776 0.14308029383961393
3.0402509550868966 0.13595368916561015 0.14801409707546268 0.11841127766037014 0.1332126873679164
3.2429343520926897 0.1365018895251489 0.1233450808962189 0.1578817035471602 0.08387465500942885
3.4456177490984827 0.16720110965931895 0.22695494884904274 0.1578817035471602 0.1233450808962189
3.648301146104276 0.19187012583856272 0.2762929812075303 0.14801409707546268 0.202285932669799
3.850984543110069 0.18803272332179147 0.20721973590564774 0.20721973590564774 0.1578817035471602
4.053667940115862 0.2077679362651865 0.19735212943395022 0.17268311325470645 0.21215353914149648
4.2563513371216555 0.18803272332179147 0.1874845229622527 0.18255071972640394 0.15294790031131142
4.4590347341274486 0.18364712044548145 0.1776169164905552 0.21708734237734523 0.19241832619810148
4.661718131133242 0.18638812224317522 0.1677493100188577 0.19241832619810148 0.17268311325470645
4.864401528139035 0.14801409707546268 0.15294790031131142 0.16281550678300893 0.16281550678300893
5.067084925144828 0.1266342830534514 0.13814649060376516 0.14801409707546268 0.11347747442452137
5.269768322150621 0.13156808628930017 0.10360986795282387 0.14801409707546268 0.1874845229622527
5.472451719156414 0.15897810426623768 0.12827888413206764 0.15294790031131142 0.14801409707546268
5.675135116162207 0.1540443010303889 0.1776169164905552 0.15294790031131142 0.14801409707546268
5.877818513168 0.1820025193668652 0.12827888413206764 0.202285932669799 0.202285932669799
6.080501910173793 0.18967732440040774 0.1677493100188577 0.202285932669799 0.21708734237734523
