0.0 0.3607158365764979 0.32563101356601787 0.35030002974526164 0.33056481680186667
0.2026833970057931 0.34043242327356416 0.3354986200377154 0.29109439091507655 0.3157634070943204
0.4053667940115862 0.31137780421801037 0.3354986200377154 0.2713591779716816 0.33056481680186667
0.6080501910173793 0.34372162543079665 0.404571865339598 0.34043242327356416 0.2664253747358328
0.8107335880231724 0.27793758228614657 0.29602819415092535 0.26149157149998403 0.2565577682641353
1.0134169850289656 0.2423045589161278 0.19241832619810148 0.26149157149998403 0.26149157149998403
1.2161003820347587 0.21708734237734523 0.2466901617924378 0.1776169164905552 0.19735212943395022
1.4187837790405518 0.18474352116455897 0.20721973590564774 0.19241832619810148 0.2466901617924378
1.6214671760463448 0.14308029383961393 0.1874845229622527 0.1776169164905552 0.10360986795282387
1.824150573052138 0.13047168557022265 0.12827888413206764 0.18255071972640394 0.10854367118867261
2.026833970057931 0.12773068377252889 0.11841127766037014 0.16281550678300893 0.08387465500942885
2.2295173670637243 0.10635086975051763 0.06907324530188258 0.1233450808962189 0.10854367118867261
2.4322007640695174 0.10251346723374637 0.0888084582452776 0.10854367118867261 0.08387465500942885
2.6348841610753104 0.08551925608804509 0.08387465500942885 0.11841127766037014 0.06907324530188258
2.8375675580811035 0.07455524889727008 0.08387465500942885 0.09867606471697511 0.06907324530188258
3.0402509550868966 0.06194664062787882 0.06413944206603382 0.06907324530188258 0.10360986795282387
3.2429343520926897 0.04824163163941005 0.029602819415092536 0.05427183559433631 0.03947042588679005
3.4456177490984827 0.0422114276844838 0.03453662265094129 0.05427183559433631 0.0444042291226388
3.648301146104276 0.048789831998948804 0.049338032358487556 0.05920563883018507 0.029602819415092536
3.850984543110069 0.04988623271802631 0.009867606471697512 0.07400704853773134 0.07400704853773134
4.053667940115862 0.04604883020125505 0.029602819415092536 0.06907324530188258 0.05920563883018507
4.2563513371216555 0.054820035953875065 0.03453662265094129 0.07400704853773134 0.06907324530188258
4.4590347341274486 0.05920563883018507 0.0444042291226388 0.06413944206603382 0.0888084582452776
4.661718131133242 0.06797684458280508 0.05427183559433631 0.07400704853773134 0.09374226148112635
4.864401528139035 0.09922426507651386 0.09374226148112635 0.10360986795282387 0.1677493100188577
5.067084925144828 0.10635086975051763 0.1332126873679164 0.06907324530188258 0.09867606471697511
5.269768322150621 0.14253209348007514 0.14308029383961393 0.14801409707546268 0.1233450808962189
5.472451719156414 0.18255071972640394 0.21215353914149648 0.19735212943395022 0.25162396502828654
5.675135116162207 0.250527564309209 0.28122678444337906 0.21215353914149648 0.2466901617924378
5.877818513168 0.2828713855219953 0.2713591779716816 0.24175635855658903 0.30589580062262284
6.080501910173793 0.34207702435218035 0.3453662265094129 0.25162396502828654 0.30589580062262284
