0.0 0.36016763621695913 0.3009619973867741 0.3749690459245054 0.3157634070943204
0.2026833970057931 0.35633023370018785 0.43910848799053925 0.3157634070943204 0.2664253747358328
0.4053667940115862 0.3645532390932692 0.3552338329811104 0.4539098976980855 0.28616058767922786
0.6080501910173793 0.32946841608278915 0.35030002974526164 0.3009619973867741 0.24175635855658903
0.8107335880231724 0.26258797221906155 0.28616058767922786 0.3157634070943204 0.15294790031131142
1.0134169850289656 0.2187319434559615 0.22695494884904274 0.2762929812075303 0.19241832619810148
1.2161003820347587 0.17103851217609017 0.18255071972640394 0.21215353914149648 0.1578817035471602
1.4187837790405518 0.11621847622221514 0.11841127766037014 0.1874845229622527 0.10360986795282387
1.6214671760463448 0.09319406112158761 0.0444042291226388 0.13814649060376516 0.11841127766037014
1.824150573052138 0.07729625069496383 0.06413944206603382 0.1233450808962189 0.049338032358487556
2.026833970057931 0.06413944206603382 0.03947042588679005 0.09374226148112635 0.07400704853773134
2.2295173670637243 0.06633224350418883 0.0444042291226388 0.0888084582452776 0.0888084582452776
2.4322007640695174 0.07400704853773134 0.05920563883018507 0.09867606471697511 0.09374226148112635
2.6348841610753104 0.0866156568071226 0.0789408517735801 0.0888084582452776 0.0888084582452776
2.8375675580811035 0.08277825429035134 0.08387465500942885 0.07400704853773134 0.0888084582452776
3.0402509550868966 0.11512207550313763 0.10854367118867261 0.0888084582452776 0.1578817035471602
3.2429343520926897 0.09977246543605262 0.1332126873679164 0.06907324530188258 0.09867606471697511
3.4456177490984827 0.12060407909852515 0.10854367118867261 0.07400704853773134 0.14801409707546268
3.648301146104276 0.11183287334590514 0.12827888413206764 0.09374226148112635 0.08387465500942885
3.850984543110069 0.10196526687420762 0.10854367118867261 0.0888084582452776 0.10360986795282387
4.053667940115862 0.07345884817819258 0.0888084582452776 0.0789408517735801 0.0888084582452776
4.2563513371216555 0.07016964602096008 0.05920563883018507 0.049338032358487556 0.13814649060376516
4.4590347341274486 0.06304304134695632 0.049338032358487556 0.05920563883018507 0.11347747442452137
4.661718131133242 0.06962144566142132 0.019735212943395024 0.06907324530188258 0.12827888413206764
4.864401528139035 0.07619984997588634 0.05427183559433631 0.05427183559433631 0.1332126873679164
5.067084925144828 0.11073647262682762 0.09374226148112635 0.0789408517735801 0.21708734237734523
5.269768322150621 0.15349610067085018 0.15294790031131142 0.11841127766037014 0.18255071972640394
5.472451719156414 0.1820025193668652 0.18255071972640394 0.1578817035471602 0.21708734237734523
5.675135116162207 0.2412081581970503 0.2664253747358328 0.1578817035471602 0.3009619973867741
5.877818513168 0.28396778624107283 0.35030002974526164 0.2565577682641353 0.2713591779716816
6.080501910173793 0.3371432211163316 0.3552338329811104 0.29602819415092535 0.23188875208489151
