0.0 0.07510344925680884 0.0789408517735801 0.0789408517735801 0.0789408517735801
0.2026833970057931 0.08168185357127385 0.08387465500942885 0.0888084582452776 0.0789408517735801
0.4053667940115862 0.05920563883018507 0.05920563883018507 0.03947042588679005 0.0444042291226388
0.6080501910173793 0.057012837392030065 0.05427183559433631 0.05920563883018507 0.06413944206603382
0.8107335880231724 0.052079034156181314 0.029602819415092536 0.08387465500942885 0.05427183559433631
1.0134169850289656 0.03727762444863504 0.03947042588679005 0.05427183559433631 0.019735212943395024
1.2161003820347587 0.03782582480817379 0.019735212943395024 0.019735212943395024 0.06413944206603382
1.4187837790405518 0.041115026965406296 0.03453662265094129 0.09374226148112635 0.05427183559433631
1.6214671760463448 0.03727762444863504 0.03453662265094129 0.05920563883018507 0.03453662265094129
1.824150573052138 0.04166322732494504 0.029602819415092536 0.09867606471697511 0.05920563883018507
2.026833970057931 0.06578404314465008 0.049338032358487556 0.09867606471697511 0.0789408517735801
2.2295173670637243 0.10744727046959512 0.09867606471697511 0.1578817035471602 0.12827888413206764
2.4322007640695174 0.16555650858070267 0.14801409707546268 0.14801409707546268 0.20721973590564774
2.6348841610753104 0.23243695244443027 0.24175635855658903 0.2664253747358328 0.1874845229622527
2.8375675580811035 0.27793758228614657 0.23188875208489151 0.2565577682641353 0.24175635855658903
3.0402509550868966 0.3108296038584716 0.3354986200377154 0.34043242327356416 0.21708734237734523
3.2429343520926897 0.3634568383741917 0.39470425886790045 0.3157634070943204 0.30589580062262284
3.4456177490984827 0.2976727952295416 0.28616058767922786 0.3157634070943204 0.222021145613194
3.648301146104276 0.2823231851624566 0.3206972103301691 0.3157634070943204 0.30589580062262284
3.850984543110069 0.27026277725260406 0.30589580062262284 0.1677493100188577 0.25162396502828654
4.053667940115862 0.25600956790459656 0.3157634070943204 0.17268311325470645 0.2713591779716816
4.2563513371216555 0.23353335316350776 0.19735212943395022 0.24175635855658903 0.26149157149998403
4.4590347341274486 0.2340815535230465 0.222021145613194 0.1677493100188577 0.2713591779716816
4.661718131133242 0.20721973590564774 0.2565577682641353 0.1874845229622527 0.19241832619810148
4.864401528139035 0.19899673051256647 0.21708734237734523 0.19241832619810148 0.22695494884904274
5.067084925144828 0.18803272332179147 0.17268311325470645 0.16281550678300893 0.1776169164905552
5.269768322150621 0.16829751037839646 0.14801409707546268 0.19735212943395022 0.20721973590564774
5.472451719156414 0.1452730952777689 0.16281550678300893 0.14801409707546268 0.14308029383961393
5.675135116162207 0.1578817035471602 0.11841127766037014 0.16281550678300893 0.16281550678300893
5.877818513168 0.12608608269391264 0.1332126873679164 0.1233450808962189 0.14801409707546268
6.080501910173793 0.12444148161529639 0.11347747442452137 0.11841127766037014 0.17268311325470645
