0.0 0.4281444807997642 0.4588437009339343 0.3700352426886567 0.3354986200377154
0.2026833970057931 0.4297890818783805 0.47364511064148057 0.4144394718112955 0.4292408815188417
0.4053667940115862 0.39251145742974547 0.33056481680186667 0.3552338329811104 0.3206972103301691
0.6080501910173793 0.31685980781339784 0.35030002974526164 0.24175635855658903 0.30589580062262284
0.8107335880231724 0.25272036574736406 0.24175635855658903 0.28122678444337906 0.26149157149998403
1.0134169850289656 0.16829751037839646 0.1578817035471602 0.18255071972640394 0.17268311325470645
1.2161003820347587 0.13047168557022265 0.10360986795282387 0.16281550678300893 0.13814649060376516
1.4187837790405518 0.10251346723374637 0.09867606471697511 0.1233450808962189 0.17268311325470645
1.6214671760463448 0.08935665860481636 0.08387465500942885 0.13814649060376516 0.09867606471697511
1.824150573052138 0.05920563883018507 0.029602819415092536 0.024669016179243778 0.09374226148112635
2.026833970057931 0.059753839189723816 0.024669016179243778 0.10360986795282387 0.0888084582452776
2.2295173670637243 0.06413944206603382 0.0444042291226388 0.05920563883018507 0.09867606471697511
2.4322007640695174 0.0811336532117351 0.06413944206603382 0.05920563883018507 0.09374226148112635
2.6348841610753104 0.0910012596834326 0.08387465500942885 0.0789408517735801 0.0888084582452776
2.8375675580811035 0.10251346723374637 0.1233450808962189 0.08387465500942885 0.0888084582452776
3.0402509550868966 0.10964007190775013 0.13814649060376516 0.09374226148112635 0.10360986795282387
3.2429343520926897 0.1266342830534514 0.16281550678300893 0.10854367118867261 0.11347747442452137
3.4456177490984827 0.09374226148112635 0.09374226148112635 0.11841127766037014 0.0888084582452776
3.648301146104276 0.07674805033542509 0.1233450808962189 0.07400704853773134 0.0444042291226388
3.850984543110069 0.059753839189723816 0.024669016179243778 0.05427183559433631 0.06907324530188258
4.053667940115862 0.05098263343710381 0.029602819415092536 0.05427183559433631 0.05427183559433631
4.2563513371216555 0.04714523092033255 0.029602819415092536 0.06907324530188258 0.06907324530188258
4.4590347341274486 0.049338032358487556 0.014801409707546268 0.08387465500942885 0.05920563883018507
4.661718131133242 0.04769343127987131 0.049338032358487556 0.06413944206603382 0.05920563883018507
4.864401528139035 0.06194664062787882 0.05920563883018507 0.0888084582452776 0.06413944206603382
5.067084925144828 0.08277825429035134 0.06907324530188258 0.11347747442452137 0.09867606471697511
5.269768322150621 0.14691769635638516 0.1677493100188577 0.17268311325470645 0.1677493100188577
5.472451719156414 0.20557513482703146 0.202285932669799 0.22695494884904274 0.19735212943395022
5.675135116162207 0.25600956790459656 0.22695494884904274 0.30589580062262284 0.22695494884904274
5.877818513168 0.34372162543079665 0.38483665239620296 0.3009619973867741 0.3009619973867741
6.080501910173793 0.40676466677775297 0.4884465203490268 0.32563101356601787 0.4292408815188417
