0.0 0.3261792139255566 0.3749690459245054 0.2466901617924378 0.26149157149998403
0.2026833970057931 0.2834195858815341 0.29602819415092535 0.202285932669799 0.28616058767922786
0.4053667940115862 0.2609433711404453 0.3157634070943204 0.28122678444337906 0.24175635855658903
0.6080501910173793 0.22805134956812026 0.1874845229622527 0.1776169164905552 0.2762929812075303
0.8107335880231724 0.16939391109747395 0.18255071972640394 0.1578817035471602 0.22695494884904274
1.0134169850289656 0.12718248341299015 0.11347747442452137 0.0888084582452776 0.202285932669799
1.2161003820347587 0.10141706651466886 0.08387465500942885 0.08387465500942885 0.14308029383961393
1.4187837790405518 0.0789408517735801 0.024669016179243778 0.0789408517735801 0.13814649060376516
1.6214671760463448 0.07016964602096008 0.05427183559433631 0.09374226148112635 0.14308029383961393
1.824150573052138 0.0789408517735801 0.049338032358487556 0.06413944206603382 0.14801409707546268
2.026833970057931 0.0789408517735801 0.06907324530188258 0.06907324530188258 0.13814649060376516
2.2295173670637243 0.0910012596834326 0.09867606471697511 0.07400704853773134 0.11347747442452137
2.4322007640695174 0.09812786435743637 0.08387465500942885 0.09374226148112635 0.11347747442452137
2.6348841610753104 0.09757966399789761 0.06907324530188258 0.10360986795282387 0.0789408517735801
2.8375675580811035 0.09977246543605262 0.0888084582452776 0.08387465500942885 0.11841127766037014
3.0402509550868966 0.10196526687420762 0.10854367118867261 0.0789408517735801 0.1578817035471602
3.2429343520926897 0.10251346723374637 0.08387465500942885 0.09867606471697511 0.07400704853773134
3.4456177490984827 0.10799547082913387 0.12827888413206764 0.08387465500942885 0.09374226148112635
3.648301146104276 0.12224868017714138 0.14801409707546268 0.15294790031131142 0.08387465500942885
3.850984543110069 0.11018827226728888 0.11347747442452137 0.11347747442452137 0.09374226148112635
4.053667940115862 0.11567027586267638 0.16281550678300893 0.08387465500942885 0.0888084582452776
4.2563513371216555 0.1321162866488389 0.13814649060376516 0.1677493100188577 0.10360986795282387
4.4590347341274486 0.14472489491823015 0.14801409707546268 0.1874845229622527 0.15294790031131142
4.661718131133242 0.1578817035471602 0.15294790031131142 0.1776169164905552 0.11841127766037014
4.864401528139035 0.16062270534485393 0.17268311325470645 0.1776169164905552 0.1677493100188577
5.067084925144828 0.206671535546109 0.19735212943395022 0.24175635855658903 0.12827888413206764
5.269768322150621 0.19515932799579522 0.1874845229622527 0.2664253747358328 0.1874845229622527
5.472451719156414 0.23243695244443027 0.20721973590564774 0.2762929812075303 0.19735212943395022
5.675135116162207 0.2642325732976778 0.24175635855658903 0.2713591779716816 0.222021145613194
5.877818513168 0.2834195858815341 0.3651014394528079 0.36016763621695913 0.16281550678300893
6.080501910173793 0.30589580062262284 0.28616058767922786 0.29602819415092535 0.2713591779716816
