0.0 0.40566826605867545 0.444042291226388 0.3108296038584716 0.3453662265094129
0.2026833970057931 0.36948704232911794 0.3700352426886567 0.2664253747358328 0.3206972103301691
0.4053667940115862 0.30699220134170035 0.23682255532074029 0.29109439091507655 0.3552338329811104
0.6080501910173793 0.232985152803969 0.2466901617924378 0.22695494884904274 0.30589580062262284
0.8107335880231724 0.16007450498531517 0.13814649060376516 0.1874845229622527 0.20721973590564774
1.0134169850289656 0.13266448700837766 0.10854367118867261 0.15294790031131142 0.18255071972640394
1.2161003820347587 0.08058545285219633 0.09374226148112635 0.0789408517735801 0.11841127766037014
1.4187837790405518 0.049338032358487556 0.029602819415092536 0.06413944206603382 0.049338032358487556
1.6214671760463448 0.03508482301048004 0.03947042588679005 0.08387465500942885 0.03947042588679005
1.824150573052138 0.029054619055553784 0.019735212943395024 0.03947042588679005 0.05427183559433631
2.026833970057931 0.029054619055553784 0.024669016179243778 0.05427183559433631 0.03453662265094129
2.2295173670637243 0.04056682660586755 0.0444042291226388 0.05427183559433631 0.05920563883018507
2.4322007640695174 0.048789831998948804 0.024669016179243778 0.049338032358487556 0.06907324530188258
2.6348841610753104 0.057012837392030065 0.03453662265094129 0.08387465500942885 0.08387465500942885
2.8375675580811035 0.06688044386372757 0.03453662265094129 0.049338032358487556 0.0444042291226388
3.0402509550868966 0.06633224350418883 0.06907324530188258 0.05920563883018507 0.049338032358487556
3.2429343520926897 0.08497105572850634 0.11347747442452137 0.09867606471697511 0.049338032358487556
3.4456177490984827 0.09593506291928136 0.11347747442452137 0.08387465500942885 0.10360986795282387
3.648301146104276 0.09922426507651386 0.10360986795282387 0.09374226148112635 0.0789408517735801
3.850984543110069 0.08387465500942885 0.09867606471697511 0.0888084582452776 0.019735212943395024
4.053667940115862 0.09264586076204887 0.11347747442452137 0.11841127766037014 0.08387465500942885
4.2563513371216555 0.09922426507651386 0.0888084582452776 0.1578817035471602 0.1233450808962189
4.4590347341274486 0.10251346723374637 0.09867606471697511 0.1233450808962189 0.12827888413206764
4.661718131133242 0.13485728844653266 0.1332126873679164 0.09867606471697511 0.17268311325470645
4.864401528139035 0.15349610067085018 0.13814649060376516 0.19241832619810148 0.1332126873679164
5.067084925144828 0.19570752835533398 0.15294790031131142 0.2466901617924378 0.2762929812075303
5.269768322150621 0.21708734237734523 0.15294790031131142 0.222021145613194 0.16281550678300893
5.472451719156414 0.29109439091507655 0.25162396502828654 0.29109439091507655 0.2713591779716816
5.675135116162207 0.36948704232911794 0.3996380621037492 0.3552338329811104 0.32563101356601787
5.877818513168 0.402379063901443 0.5032479300565731 0.3651014394528079 0.29109439091507655
6.080501910173793 0.4007344628228267 0.5131155365282706 0.3453662265094129 0.39470425886790045
