0.0 0.6844609106034099 0.7195394977184588 0.45518313724282067 0.45220693980700216
0.5711986642890533 0.411599812563498 0.4240205993854276 0.3602949601714327 0.3651969324186631
1.1423973285781066 0.10366934164208452 0.08981113438675653 0.18890100195577056 0.17209423996526643
1.7135959928671598 0.01787561308200551 0.011029437556268347 0.07422986545805998 0.07002817496043395
2.284794657156213 0.003584336849948527 0.0007002817496043395 0.01978295942632259 0.02731098823456924
2.8559933214452666 0.0013913492656612535 0.0008753521870054244 0.009278733182257498 0.011554648868471601
3.4271919857343196 0.0015111343017777854 0.00017507043740108488 0.010154085369262923 0.011729719305872686
3.998390650023373 0.003584336849948527 0.0022759156862141032 0.021358593362932356 0.026085495172761645
4.569589314312426 0.017553114907845613 0.009103662744856413 0.0717788793344448 0.0717788793344448
5.140787978601479 0.10002971939085144 0.08280831689071315 0.1780466348369033 0.18312367752153477
5.711986642890533 0.40544470455381776 0.41036510526814296 0.36169552367064134 0.35959467842182835
