0.0 0.5245110304536502 0.5600503292460706 0.3438383390557307 0.3587193262348229
0.5711986642890533 0.38053863127512655 0.38217876484656826 0.3103998855121235 0.2995455183932562
1.1423973285781066 0.16050273416260513 0.1517860692267406 0.19397804464040203 0.20308170738525846
1.7135959928671598 0.04975686115609781 0.037640144041233246 0.10854367118867263 0.11239522081149647
2.284794657156213 0.015765553599645064 0.00892859230745533 0.05234606078292438 0.05987408959117103
2.8559933214452666 0.007325315670203288 0.002801126998417358 0.03221296048179961 0.03623958054202457
3.4271919857343196 0.0077491704133848625 0.0031512678732195276 0.04149169366405711 0.034313805730612636
3.998390650023373 0.015138985718420128 0.009278733182257498 0.05952394871636886 0.05794831477975909
4.569589314312426 0.04796008561434983 0.0381653553534365 0.11239522081149647 0.10486719200324984
5.140787978601479 0.1625482940101336 0.16088973197159698 0.1990550873250335 0.19590381945181398
5.711986642890533 0.3789077119372322 0.3958342589638529 0.29691946183223994 0.28781579908738353
