0.0 0.6792548686491146 0.719889638593261 0.44537919274835996 0.4385514456897176
0.5711986642890533 0.40672548301690986 0.4052880625835115 0.35014087480216977 0.34909045217776324
1.1423973285781066 0.10328234383309265 0.08823550045014678 0.17384494433927727 0.18802564976876515
1.7135959928671598 0.019414390084425567 0.009453803619658583 0.07387972458325782 0.07773127420608168
2.284794657156213 0.004892758013682951 0.0017507043740108488 0.028886622171179006 0.03326338310620613
2.8559933214452666 0.0018612751765799548 0.0 0.012780141930279196 0.016106480240899806
3.4271919857343196 0.0017507043740108488 0.0 0.016281550678300893 0.011729719305872686
3.998390650023373 0.00479140144466127 0.0021008452488130184 0.03413873529321155 0.02906169260858009
4.569589314312426 0.01909189191026568 0.009628874057059667 0.07335451327105456 0.07493014720766432
5.140787978601479 0.10394576864850728 0.08876071176235004 0.1873253680191608 0.18137297314752393
5.711986642890533 0.4056934888595982 0.42559623332203733 0.35469270617459797 0.35084115655177406
