0.0 0.6872159664340901 0.7202397794680632 0.45605848942982613 0.4574590529290347
0.5711986642890533 0.4068084111188367 0.41386651401616464 0.3669476367926739 0.3625708758576468
1.1423973285781066 0.09986386318699778 0.08473409170212508 0.17909705746130983 0.1841741001459413
1.7135959928671598 0.017166117098853743 0.00892859230745533 0.06845254102382418 0.07195394977184588
2.284794657156213 0.0038515496228238673 0.00017507043740108488 0.024334790798750797 0.028536481296376832
2.8559933214452666 0.001667776272084019 0.0 0.011904789743273771 0.014355775866888961
3.4271919857343196 0.001557205469514913 0.00035014087480216976 0.010504226244065093 0.01365549411728462
3.998390650023373 0.0037133361196124847 0.0021008452488130184 0.02398464992394863 0.023284368174344285
4.569589314312426 0.017405687171086807 0.013130282805081364 0.06932789321082962 0.06582648446280792
5.140787978601479 0.10151321099198696 0.09191197963556956 0.18539959320774888 0.18154804358492502
5.711986642890533 0.40994125052496133 0.4152670775153733 0.35469270617459797 0.3473397478037524
