0.0 0.6534918716505127 0.6960800591067134 0.4119407392047527 0.41964383845040043
0.5711986642890533 0.3992711680770426 0.4045877808339071 0.33683552155968727 0.3296576336262428
1.1423973285781066 0.11362071387330408 0.10469212156584876 0.18907607239317167 0.1771712826498979
1.7135959928671598 0.02361608058205161 0.014530846304290045 0.08981113438675653 0.07703099245647733
2.284794657156213 0.006228821878059652 0.0019257748114119336 0.03571436922982132 0.035539298792420224
2.8559933214452666 0.0029669832022710175 0.00017507043740108488 0.020308170738525845 0.019958029863723675
3.4271919857343196 0.0028103412319647834 0.00017507043740108488 0.015581268928696554 0.019958029863723675
3.998390650023373 0.006929103627663991 0.0017507043740108488 0.033613523981008295 0.03921577797784301
4.569589314312426 0.024141291894254863 0.015931409803498723 0.09156183876076739 0.0810576125167023
5.140787978601479 0.11361149963975667 0.09243719094777281 0.1878505793313641 0.20080579169904433
5.711986642890533 0.4040164983539668 0.41841834538859285 0.3384111554962971 0.350666086114373
