0.0 0.524722957825241 0.5630265266818889 0.34226270511912094 0.3641465097942565
0.5711986642890533 0.3847863929404897 0.38813115971820517 0.3018214340794703 0.309349462887717
1.1423973285781066 0.1628431494836512 0.15756339366097638 0.19205226982899012 0.20010550994944
1.7135959928671598 0.04958179071869672 0.03921577797784301 0.11309550256110083 0.10346662850404116
2.284794657156213 0.016263122211206044 0.009278733182257498 0.060224230465973194 0.05497211734394065
2.8559933214452666 0.007905812383691096 0.0031512678732195276 0.03518915791761806 0.03693986229162891
3.4271919857343196 0.007463529173414671 0.0026260565610162732 0.04061634147705169 0.031687749169596366
3.998390650023373 0.015203485353252107 0.0064776061838401405 0.05602253996834716 0.05304634253252872
4.569589314312426 0.04733351773312489 0.03641465097942565 0.10574254419025526 0.10556747375285418
5.140787978601479 0.15946152577174605 0.15038550572753193 0.20010550994944 0.19240241070379227
5.711986642890533 0.37513909041633514 0.39443369546464424 0.3035721384534812 0.299020307081053
