0.0 0.6847557660769276 0.7209400612176675 0.4574590529290347 0.44923074237118377
0.5711986642890533 0.4083011169535196 0.41019003483074185 0.35119129742657623 0.3578439740478175
1.1423973285781066 0.10163299602810348 0.09121169788596523 0.189776354142776 0.17997240964831526
1.7135959928671598 0.018059897752954017 0.009803944494460752 0.07002817496043395 0.07090352714743937
2.284794657156213 0.003685693418970208 0.0017507043740108488 0.027135917797168157 0.025910424735360562
2.8559933214452666 0.0013729207985664024 0.0 0.009103662744856413 0.012955212367680281
3.4271919857343196 0.0015756339366097638 0.00017507043740108488 0.011379578431070516 0.01330535324248245
3.998390650023373 0.004155619329888909 0.0010504226244065092 0.02976197435818443 0.028361410858975748
4.569589314312426 0.017737399578794125 0.011029437556268347 0.0717788793344448 0.07563042895726867
5.140787978601479 0.1032270584318081 0.0843839508273229 0.1804976209605185 0.18469931145814453
5.711986642890533 0.40620027170470663 0.42016904976260366 0.35259186092578493 0.35189157917618064
