0.0 0.6503958891785777 0.6754217474933853 0.4345248256294927 0.4222698950114167
0.5711986642890533 0.39775081954171737 0.4072138373949234 0.3420876346817198 0.3553929879242023
1.1423973285781066 0.11088408650971872 0.09891479713161296 0.17664607133769464 0.1896012837053749
1.7135959928671598 0.02238137328669659 0.012430001055477027 0.07528028808246649 0.07790634464348277
2.284794657156213 0.0063393926806287575 0.002450986123615188 0.0381653553534365 0.03151267873219527
2.8559933214452666 0.003390837945452591 0.00035014087480216976 0.02188380467513561 0.02153366380033344
3.4271919857343196 0.0030683397712926983 0.0007002817496043395 0.017682114177509572 0.018207325489712826
3.998390650023373 0.006975174795401119 0.0022759156862141032 0.03343845354360721 0.035364228355019144
4.569589314312426 0.024786288242574648 0.017156902865306318 0.08665986651353702 0.08123268295410338
5.140787978601479 0.11447763759321465 0.10451705112844767 0.18294860708413369 0.18014748008571635
5.711986642890533 0.4102545344655738 0.42927271250746013 0.34138735293211553 0.3375358033092916
