0.0 0.6758271737694722 0.7225156951542773 0.4544828554932163 0.45220693980700216
0.5711986642890533 0.40918568337407246 0.42121947238701024 0.34996580436476865 0.34856524086555996
1.1423973285781066 0.10717075039010622 0.09541338838359126 0.19030156545497925 0.19012649501757817
1.7135959928671598 0.01981981636051229 0.011729719305872686 0.076330710706873 0.07563042895726867
2.284794657156213 0.004994114582704631 0.0010504226244065092 0.02801126998417358 0.028711551733777922
2.8559933214452666 0.0021561306500975717 0.0 0.013480423679883535 0.014180705429487874
3.4271919857343196 0.0021745591171924224 0.0 0.01645662111570198 0.01365549411728462
3.998390650023373 0.004809829911756121 0.0008753521870054244 0.032738171794002874 0.029236763045981173
4.569589314312426 0.017958541183932336 0.010854367118867262 0.07265423152145023 0.06845254102382418
5.140787978601479 0.10309805916214414 0.09033634569895979 0.17997240964831526 0.18154804358492502
5.711986642890533 0.40350971550885834 0.3967096111508583 0.33631031024748403 0.3483901704281589
