0.0 0.6821389237494586 0.7268924560893044 0.46026017992745216 0.4445038405613545
0.5711986642890533 0.4045509238997174 0.38900651190521063 0.34103721205731335 0.3601198897340316
1.1423973285781066 0.10120914128492191 0.08981113438675653 0.16929311296684907 0.1887259315183695
1.7135959928671598 0.018050683519406592 0.011904789743273771 0.0717788793344448 0.07352958370845565
2.284794657156213 0.003925263491203272 0.001225493061807594 0.028711551733777922 0.02363450904914646
2.8559933214452666 0.0016585620385365935 0.0 0.011204507993669432 0.012430001055477027
3.4271919857343196 0.0015295627688726363 0.0 0.013130282805081364 0.00892859230745533
3.998390650023373 0.004155619329888909 0.0005252113122032546 0.03028718567038768 0.02275915686214103
4.569589314312426 0.018741751035463508 0.009278733182257498 0.07930690814269145 0.0728293019588513
5.140787978601479 0.10560433068704388 0.09996521975601946 0.19397804464040203 0.18539959320774888
5.711986642890533 0.4091396122063353 0.42209482457401565 0.3517165087387795 0.3578439740478175
