0.0 0.2697145768930653 0.3157634070943204 0.28122678444337906 0.202285932669799
0.2026833970057931 0.23188875208489151 0.22695494884904274 0.2762929812075303 0.222021145613194
0.4053667940115862 0.18035791828824896 0.1776169164905552 0.1677493100188577 0.1578817035471602
0.6080501910173793 0.1567853028280827 0.14801409707546268 0.1578817035471602 0.15294790031131142
0.8107335880231724 0.12005587873898638 0.10854367118867261 0.15294790031131142 0.0888084582452776
1.0134169850289656 0.10635086975051763 0.1332126873679164 0.09374226148112635 0.09867606471697511
1.2161003820347587 0.0910012596834326 0.07400704853773134 0.09867606471697511 0.09374226148112635
1.4187837790405518 0.08223005393081259 0.06907324530188258 0.11347747442452137 0.06413944206603382
1.6214671760463448 0.06633224350418883 0.06907324530188258 0.06413944206603382 0.03453662265094129
1.824150573052138 0.059753839189723816 0.06413944206603382 0.0789408517735801 0.05427183559433631
2.026833970057931 0.05920563883018507 0.05920563883018507 0.07400704853773134 0.029602819415092536
2.2295173670637243 0.059753839189723816 0.0444042291226388 0.10854367118867261 0.019735212943395024
2.4322007640695174 0.07400704853773134 0.05920563883018507 0.11841127766037014 0.0888084582452776
2.6348841610753104 0.06578404314465008 0.05427183559433631 0.11347747442452137 0.0789408517735801
2.8375675580811035 0.06962144566142132 0.0789408517735801 0.0888084582452776 0.05427183559433631
3.0402509550868966 0.0888084582452776 0.0888084582452776 0.08387465500942885 0.09374226148112635
3.2429343520926897 0.09812786435743637 0.12827888413206764 0.06907324530188258 0.14308029383961393
3.4456177490984827 0.11183287334590514 0.09374226148112635 0.09374226148112635 0.10360986795282387
3.648301146104276 0.12005587873898638 0.1332126873679164 0.10854367118867261 0.1332126873679164
3.850984543110069 0.12718248341299015 0.10360986795282387 0.13814649060376516 0.14801409707546268
4.053667940115862 0.15130329923269517 0.13814649060376516 0.13814649060376516 0.12827888413206764
4.2563513371216555 0.17103851217609017 0.12827888413206764 0.1874845229622527 0.2466901617924378
4.4590347341274486 0.18145431900732645 0.1776169164905552 0.1332126873679164 0.21215353914149648
4.661718131133242 0.2143463405796515 0.19735212943395022 0.222021145613194 0.28616058767922786
4.864401528139035 0.2691663765335266 0.3206972103301691 0.23188875208489151 0.26149157149998403
5.067084925144828 0.25600956790459656 0.2565577682641353 0.222021145613194 0.2664253747358328
5.269768322150621 0.2795821833647628 0.2664253747358328 0.20721973590564774 0.3009619973867741
5.472451719156414 0.32837201536371163 0.3009619973867741 0.29109439091507655 0.2713591779716816
5.675135116162207 0.3075404017012391 0.3157634070943204 0.3206972103301691 0.3009619973867741
5.877818513168 0.2943835930723091 0.29109439091507655 0.28616058767922786 0.3206972103301691
6.080501910173793 0.24175635855658903 0.3108296038584716 0.21215353914149648 0.2762929812075303
