0.0 0.19954493087210523 0.202285932669799 0.19735212943395022 0.21708734237734523
0.2026833970057931 0.22256934597273273 0.20721973590564774 0.2565577682641353 0.22695494884904274
0.4053667940115862 0.224213947051349 0.23188875208489151 0.15294790031131142 0.18255071972640394
0.6080501910173793 0.23462975388258525 0.2713591779716816 0.20721973590564774 0.1874845229622527
0.8107335880231724 0.22585854812996525 0.24175635855658903 0.25162396502828654 0.202285932669799
1.0134169850289656 0.21160533878195772 0.22695494884904274 0.18255071972640394 0.18255071972640394
1.2161003820347587 0.21050893806288024 0.2664253747358328 0.21708734237734523 0.1776169164905552
1.4187837790405518 0.18967732440040774 0.202285932669799 0.21708734237734523 0.13814649060376516
1.6214671760463448 0.19570752835533398 0.1578817035471602 0.20721973590564774 0.1874845229622527
1.824150573052138 0.16665290929978016 0.1776169164905552 0.21215353914149648 0.19241832619810148
2.026833970057931 0.17049031181655144 0.19735212943395022 0.14801409707546268 0.20721973590564774
2.2295173670637243 0.1321162866488389 0.11347747442452137 0.11841127766037014 0.11841127766037014
2.4322007640695174 0.14965869815407892 0.1578817035471602 0.1578817035471602 0.1233450808962189
2.6348841610753104 0.1354054888060714 0.1332126873679164 0.21215353914149648 0.11841127766037014
2.8375675580811035 0.14582129563730767 0.1776169164905552 0.13814649060376516 0.1332126873679164
3.0402509550868966 0.13869469096330392 0.09374226148112635 0.09374226148112635 0.16281550678300893
3.2429343520926897 0.13924289132284265 0.16281550678300893 0.1332126873679164 0.09867606471697511
3.4456177490984827 0.14965869815407892 0.18255071972640394 0.19735212943395022 0.15294790031131142
3.648301146104276 0.13705008988468764 0.1677493100188577 0.0888084582452776 0.09374226148112635
3.850984543110069 0.11073647262682762 0.08387465500942885 0.13814649060376516 0.1578817035471602
4.053667940115862 0.12005587873898638 0.10360986795282387 0.1233450808962189 0.1578817035471602
4.2563513371216555 0.08716385716666135 0.06413944206603382 0.05920563883018507 0.09374226148112635
4.4590347341274486 0.0964832632788201 0.10360986795282387 0.1233450808962189 0.11841127766037014
4.661718131133242 0.0910012596834326 0.06907324530188258 0.11347747442452137 0.09374226148112635
4.864401528139035 0.11292927406498263 0.10360986795282387 0.09374226148112635 0.1874845229622527
5.067084925144828 0.11786307730083138 0.10360986795282387 0.13814649060376516 0.11841127766037014
5.269768322150621 0.12389328125575765 0.11347747442452137 0.1233450808962189 0.1233450808962189
5.472451719156414 0.12827888413206764 0.12827888413206764 0.10854367118867261 0.1578817035471602
5.675135116162207 0.18529172152409773 0.1677493100188577 0.1233450808962189 0.24175635855658903
5.877818513168 0.1841953208050202 0.1578817035471602 0.22695494884904274 0.19241832619810148
6.080501910173793 0.1968039290744115 0.16281550678300893 0.17268311325470645 0.1874845229622527
