0.0 0.05098263343710381 0.049338032358487556 0.05920563883018507 0.03947042588679005
0.2026833970057931 0.06468764242557258 0.07400704853773134 0.06413944206603382 0.05427183559433631
0.4053667940115862 0.07181424709957633 0.03947042588679005 0.0888084582452776 0.0789408517735801
0.6080501910173793 0.06852504494234382 0.03453662265094129 0.10360986795282387 0.10854367118867261
0.8107335880231724 0.07455524889727008 0.06413944206603382 0.0789408517735801 0.049338032358487556
1.0134169850289656 0.11128467298636636 0.14801409707546268 0.11347747442452137 0.12827888413206764
1.2161003820347587 0.11073647262682762 0.0888084582452776 0.14801409707546268 0.15294790031131142
1.4187837790405518 0.13595368916561015 0.1332126873679164 0.1677493100188577 0.16281550678300893
1.6214671760463448 0.18090611864778772 0.18255071972640394 0.13814649060376516 0.202285932669799
1.824150573052138 0.21818374309642277 0.26149157149998403 0.20721973590564774 0.1776169164905552
2.026833970057931 0.2664253747358328 0.29602819415092535 0.21215353914149648 0.29602819415092535
2.2295173670637243 0.31795620853247536 0.3108296038584716 0.2664253747358328 0.32563101356601787
2.4322007640695174 0.3607158365764979 0.39470425886790045 0.29109439091507655 0.3206972103301691
2.6348841610753104 0.3974452606655942 0.4292408815188417 0.3453662265094129 0.3552338329811104
2.8375675580811035 0.3777100477221992 0.38483665239620296 0.3009619973867741 0.29109439091507655
3.0402509550868966 0.33659502075679293 0.46377750416978303 0.2762929812075303 0.2664253747358328
3.2429343520926897 0.3130224052966266 0.29602819415092535 0.34043242327356416 0.29602819415092535
3.4456177490984827 0.2708109776121428 0.25162396502828654 0.2713591779716816 0.2713591779716816
3.648301146104276 0.24175635855658903 0.222021145613194 0.2762929812075303 0.2664253747358328
3.850984543110069 0.19515932799579522 0.17268311325470645 0.28616058767922786 0.16281550678300893
4.053667940115862 0.16281550678300893 0.12827888413206764 0.14801409707546268 0.1677493100188577
4.2563513371216555 0.12224868017714138 0.1233450808962189 0.14308029383961393 0.10854367118867261
4.4590347341274486 0.09757966399789761 0.09374226148112635 0.11841127766037014 0.12827888413206764
4.661718131133242 0.0789408517735801 0.05920563883018507 0.15294790031131142 0.09867606471697511
4.864401528139035 0.057012837392030065 0.03453662265094129 0.07400704853773134 0.0789408517735801
5.067084925144828 0.041115026965406296 0.014801409707546268 0.024669016179243778 0.06413944206603382
5.269768322150621 0.04769343127987131 0.03947042588679005 0.049338032358487556 0.06413944206603382
5.472451719156414 0.03508482301048004 0.03453662265094129 0.05427183559433631 0.049338032358487556
5.675135116162207 0.0422114276844838 0.029602819415092536 0.06413944206603382 0.024669016179243778
5.877818513168 0.03727762444863504 0.03453662265094129 0.03453662265094129 0.0444042291226388
6.080501910173793 0.046597030560793805 0.0444042291226388 0.03453662265094129 0.09867606471697511
