0.0 0.17926151756917147 0.20721973590564774 0.16281550678300893 0.17268311325470645
0.2026833970057931 0.19077372511948523 0.19735212943395022 0.23682255532074029 0.21215353914149648
0.4053667940115862 0.18474352116455897 0.1578817035471602 0.10854367118867261 0.202285932669799
0.6080501910173793 0.21215353914149648 0.202285932669799 0.1776169164905552 0.21215353914149648
0.8107335880231724 0.21160533878195772 0.222021145613194 0.1677493100188577 0.19735212943395022
1.0134169850289656 0.2209247448941165 0.2466901617924378 0.17268311325470645 0.2713591779716816
1.2161003820347587 0.22585854812996525 0.21708734237734523 0.20721973590564774 0.2466901617924378
1.4187837790405518 0.224213947051349 0.22695494884904274 0.2565577682641353 0.21215353914149648
1.6214671760463448 0.20831613662472526 0.18255071972640394 0.23682255532074029 0.21708734237734523
1.824150573052138 0.23956355711843402 0.21215353914149648 0.26149157149998403 0.21708734237734523
2.026833970057931 0.2165391420178065 0.222021145613194 0.17268311325470645 0.21215353914149648
2.2295173670637243 0.19187012583856272 0.20721973590564774 0.18255071972640394 0.19241832619810148
2.4322007640695174 0.18035791828824896 0.19241832619810148 0.2565577682641353 0.18255071972640394
2.6348841610753104 0.18529172152409773 0.1874845229622527 0.1776169164905552 0.21215353914149648
2.8375675580811035 0.17268311325470645 0.17268311325470645 0.1677493100188577 0.1874845229622527
3.0402509550868966 0.14033929204192017 0.1233450808962189 0.10854367118867261 0.11841127766037014
3.2429343520926897 0.12553788233437388 0.12827888413206764 0.12827888413206764 0.1677493100188577
3.4456177490984827 0.11183287334590514 0.0789408517735801 0.11841127766037014 0.14801409707546268
3.648301146104276 0.10744727046959512 0.0789408517735801 0.15294790031131142 0.13814649060376516
3.850984543110069 0.10251346723374637 0.10854367118867261 0.09374226148112635 0.0789408517735801
4.053667940115862 0.09867606471697511 0.08387465500942885 0.09374226148112635 0.10854367118867261
4.2563513371216555 0.13869469096330392 0.14801409707546268 0.11841127766037014 0.1233450808962189
4.4590347341274486 0.11895947801990889 0.10360986795282387 0.1332126873679164 0.06907324530188258
4.661718131133242 0.12718248341299015 0.1578817035471602 0.1233450808962189 0.11841127766037014
4.864401528139035 0.10854367118867261 0.1332126873679164 0.1332126873679164 0.08387465500942885
5.067084925144828 0.11895947801990889 0.09867606471697511 0.13814649060376516 0.15294790031131142
5.269768322150621 0.10580266939097886 0.05920563883018507 0.16281550678300893 0.09867606471697511
5.472451719156414 0.08826025788573885 0.08387465500942885 0.11347747442452137 0.06413944206603382
5.675135116162207 0.11347747442452137 0.1233450808962189 0.09867606471697511 0.11347747442452137
5.877818513168 0.13814649060376516 0.202285932669799 0.1332126873679164 0.10854367118867261
6.080501910173793 0.1452730952777689 0.1677493100188577 0.13814649060376516 0.09374226148112635
