0.0 0.16939391109747395 0.17268311325470645 0.1874845229622527 0.1332126873679164
0.2026833970057931 0.18529172152409773 0.23682255532074029 0.19735212943395022 0.1578817035471602
0.4053667940115862 0.1776169164905552 0.19241832619810148 0.17268311325470645 0.1332126873679164
0.6080501910173793 0.16829751037839646 0.14308029383961393 0.1332126873679164 0.1776169164905552
0.8107335880231724 0.14856229743500143 0.09867606471697511 0.1578817035471602 0.1578817035471602
1.0134169850289656 0.13047168557022265 0.12827888413206764 0.1233450808962189 0.1578817035471602
1.2161003820347587 0.14746589671592392 0.10360986795282387 0.20721973590564774 0.1332126873679164
1.4187837790405518 0.12005587873898638 0.1332126873679164 0.14308029383961393 0.16281550678300893
1.6214671760463448 0.13869469096330392 0.10360986795282387 0.1677493100188577 0.16281550678300893
1.824150573052138 0.1299234852106839 0.1332126873679164 0.1776169164905552 0.13814649060376516
2.026833970057931 0.15733350318762143 0.12827888413206764 0.1578817035471602 0.19735212943395022
2.2295173670637243 0.16500830822116394 0.12827888413206764 0.14308029383961393 0.17268311325470645
2.4322007640695174 0.1841953208050202 0.17268311325470645 0.1677493100188577 0.17268311325470645
2.6348841610753104 0.18967732440040774 0.19735212943395022 0.21708734237734523 0.18255071972640394
2.8375675580811035 0.1929665265576402 0.24175635855658903 0.19241832619810148 0.14801409707546268
3.0402509550868966 0.17816511685009392 0.19735212943395022 0.18255071972640394 0.16281550678300893
3.2429343520926897 0.16994211145701268 0.16281550678300893 0.1233450808962189 0.202285932669799
3.4456177490984827 0.18583992188363646 0.19735212943395022 0.19241832619810148 0.16281550678300893
3.648301146104276 0.16500830822116394 0.19241832619810148 0.14308029383961393 0.1776169164905552
3.850984543110069 0.17158671253562893 0.14801409707546268 0.14308029383961393 0.19735212943395022
4.053667940115862 0.16062270534485393 0.18255071972640394 0.18255071972640394 0.13814649060376516
4.2563513371216555 0.16610470894024143 0.14801409707546268 0.21708734237734523 0.17268311325470645
4.4590347341274486 0.1375982902442264 0.0888084582452776 0.14308029383961393 0.1578817035471602
4.661718131133242 0.15568890210900518 0.13814649060376516 0.1776169164905552 0.12827888413206764
4.864401528139035 0.16117090570439266 0.1677493100188577 0.1332126873679164 0.1776169164905552
5.067084925144828 0.13924289132284265 0.15294790031131142 0.1332126873679164 0.10360986795282387
5.269768322150621 0.14691769635638516 0.14801409707546268 0.1332126873679164 0.14801409707546268
5.472451719156414 0.15294790031131142 0.16281550678300893 0.09374226148112635 0.22695494884904274
5.675135116162207 0.13705008988468764 0.16281550678300893 0.12827888413206764 0.12827888413206764
5.877818513168 0.14965869815407892 0.1874845229622527 0.16281550678300893 0.11841127766037014
6.080501910173793 0.15130329923269517 0.18255071972640394 0.09867606471697511 0.14308029383961393
