0.0 0.13047168557022265 0.12827888413206764 0.1233450808962189 0.16281550678300893
0.2026833970057931 0.14636949599684643 0.18255071972640394 0.14801409707546268 0.10854367118867261
0.4053667940115862 0.16007450498531517 0.12827888413206764 0.18255071972640394 0.21215353914149648
0.6080501910173793 0.17049031181655144 0.14801409707546268 0.15294790031131142 0.13814649060376516
0.8107335880231724 0.2011895319507215 0.21215353914149648 0.19241832619810148 0.19735212943395022
1.0134169850289656 0.19735212943395022 0.1578817035471602 0.20721973590564774 0.15294790031131142
1.2161003820347587 0.17268311325470645 0.1776169164905552 0.18255071972640394 0.1332126873679164
1.4187837790405518 0.16994211145701268 0.1776169164905552 0.19241832619810148 0.1776169164905552
1.6214671760463448 0.16117090570439266 0.20721973590564774 0.1874845229622527 0.1332126873679164
1.824150573052138 0.16062270534485393 0.1677493100188577 0.18255071972640394 0.1677493100188577
2.026833970057931 0.17158671253562893 0.1776169164905552 0.23188875208489151 0.1677493100188577
2.2295173670637243 0.18529172152409773 0.17268311325470645 0.15294790031131142 0.19241832619810148
2.4322007640695174 0.21050893806288024 0.19241832619810148 0.21215353914149648 0.1874845229622527
2.6348841610753104 0.222021145613194 0.24175635855658903 0.21215353914149648 0.202285932669799
2.8375675580811035 0.2340815535230465 0.29602819415092535 0.13814649060376516 0.29602819415092535
3.0402509550868966 0.21379814022011276 0.1874845229622527 0.14801409707546268 0.26149157149998403
3.2429343520926897 0.22585854812996525 0.21708734237734523 0.21215353914149648 0.1874845229622527
3.4456177490984827 0.202285932669799 0.19735212943395022 0.21215353914149648 0.21215353914149648
3.648301146104276 0.18474352116455897 0.22695494884904274 0.12827888413206764 0.20721973590564774
3.850984543110069 0.16391190750208645 0.1677493100188577 0.1677493100188577 0.1578817035471602
4.053667940115862 0.14308029383961393 0.17268311325470645 0.1332126873679164 0.15294790031131142
4.2563513371216555 0.13814649060376516 0.14308029383961393 0.13814649060376516 0.14308029383961393
4.4590347341274486 0.12937528485114516 0.1578817035471602 0.10360986795282387 0.11841127766037014
4.661718131133242 0.10799547082913387 0.10360986795282387 0.10854367118867261 0.10360986795282387
4.864401528139035 0.09374226148112635 0.06907324530188258 0.11347747442452137 0.09867606471697511
5.067084925144828 0.10744727046959512 0.09867606471697511 0.10854367118867261 0.11841127766037014
5.269768322150621 0.10306166759328511 0.1233450808962189 0.10360986795282387 0.09867606471697511
5.472451719156414 0.10141706651466886 0.049338032358487556 0.13814649060376516 0.10360986795282387
5.675135116162207 0.10415806831236263 0.06907324530188258 0.1578817035471602 0.09374226148112635
5.877818513168 0.09867606471697511 0.06413944206603382 0.12827888413206764 0.13814649060376516
6.080501910173793 0.12224868017714138 0.11841127766037014 0.1332126873679164 0.10854367118867261
