0.0 0.06962144566142132 0.0789408517735801 0.09374226148112635 0.0888084582452776
0.2026833970057931 0.06962144566142132 0.05920563883018507 0.0789408517735801 0.06413944206603382
0.4053667940115862 0.06578404314465008 0.05920563883018507 0.11347747442452137 0.05427183559433631
0.6080501910173793 0.052079034156181314 0.06907324530188258 0.06413944206603382 0.06413944206603382
0.8107335880231724 0.04001862624632879 0.024669016179243778 0.05427183559433631 0.049338032358487556
1.0134169850289656 0.05372363523479756 0.0444042291226388 0.03947042588679005 0.0789408517735801
1.2161003820347587 0.06085023990880132 0.029602819415092536 0.09867606471697511 0.09374226148112635
1.4187837790405518 0.07345884817819258 0.03453662265094129 0.11347747442452137 0.10854367118867261
1.6214671760463448 0.08387465500942885 0.05920563883018507 0.06907324530188258 0.1233450808962189
1.824150573052138 0.12553788233437388 0.12827888413206764 0.0789408517735801 0.19241832619810148
2.026833970057931 0.1354054888060714 0.12827888413206764 0.09374226148112635 0.16281550678300893
2.2295173670637243 0.1688457107379352 0.20721973590564774 0.10854367118867261 0.16281550678300893
2.4322007640695174 0.1787133172096327 0.22695494884904274 0.1578817035471602 0.14801409707546268
2.6348841610753104 0.2384671563993565 0.29602819415092535 0.222021145613194 0.22695494884904274
2.8375675580811035 0.24888296323059278 0.1776169164905552 0.19241832619810148 0.28616058767922786
3.0402509550868966 0.24614196143289904 0.23682255532074029 0.19735212943395022 0.2466901617924378
3.2429343520926897 0.26149157149998403 0.2713591779716816 0.23682255532074029 0.28122678444337906
3.4456177490984827 0.2576541689832128 0.24175635855658903 0.28616058767922786 0.26149157149998403
3.648301146104276 0.26313617257860034 0.2713591779716816 0.202285932669799 0.29602819415092535
3.850984543110069 0.27738938192660784 0.30589580062262284 0.2713591779716816 0.21215353914149648
4.053667940115862 0.26587717437629405 0.2713591779716816 0.2565577682641353 0.23682255532074029
4.2563513371216555 0.25600956790459656 0.3108296038584716 0.23682255532074029 0.21215353914149648
4.4590347341274486 0.2340815535230465 0.29109439091507655 0.2466901617924378 0.202285932669799
4.661718131133242 0.20996073770334148 0.19241832619810148 0.19241832619810148 0.1677493100188577
4.864401528139035 0.1820025193668652 0.1776169164905552 0.2565577682641353 0.1578817035471602
5.067084925144828 0.16829751037839646 0.17268311325470645 0.202285932669799 0.12827888413206764
5.269768322150621 0.1540443010303889 0.09867606471697511 0.20721973590564774 0.12827888413206764
5.472451719156414 0.14636949599684643 0.13814649060376516 0.19735212943395022 0.12827888413206764
5.675135116162207 0.13266448700837766 0.14801409707546268 0.16281550678300893 0.1332126873679164
5.877818513168 0.10854367118867261 0.06907324530188258 0.09374226148112635 0.14308029383961393
6.080501910173793 0.10525446903144012 0.11347747442452137 0.10854367118867261 0.09374226148112635
