0.0 0.14691769635638516 0.12827888413206764 0.17268311325470645 0.19735212943395022
0.2026833970057931 0.1354054888060714 0.1776169164905552 0.09867606471697511 0.10854367118867261
0.4053667940115862 0.14691769635638516 0.1332126873679164 0.12827888413206764 0.17268311325470645
0.6080501910173793 0.13814649060376516 0.10360986795282387 0.1332126873679164 0.14308029383961393
0.8107335880231724 0.14472489491823015 0.16281550678300893 0.11841127766037014 0.14801409707546268
1.0134169850289656 0.12553788233437388 0.13814649060376516 0.11841127766037014 0.1233450808962189
1.2161003820347587 0.1233450808962189 0.10854367118867261 0.16281550678300893 0.09374226148112635
1.4187837790405518 0.12608608269391264 0.11841127766037014 0.14801409707546268 0.12827888413206764
1.6214671760463448 0.11676667658175388 0.10854367118867261 0.15294790031131142 0.10854367118867261
1.824150573052138 0.12498968197483513 0.14308029383961393 0.1677493100188577 0.11347747442452137
2.026833970057931 0.14143569276099766 0.1677493100188577 0.18255071972640394 0.1332126873679164
2.2295173670637243 0.1578817035471602 0.14308029383961393 0.14308029383961393 0.24175635855658903
2.4322007640695174 0.17926151756917147 0.14308029383961393 0.1332126873679164 0.1874845229622527
2.6348841610753104 0.1743277143333227 0.15294790031131142 0.16281550678300893 0.1578817035471602
2.8375675580811035 0.18693632260271395 0.24175635855658903 0.13814649060376516 0.14801409707546268
3.0402509550868966 0.19132192547902396 0.202285932669799 0.1578817035471602 0.23188875208489151
3.2429343520926897 0.20009313123164396 0.1874845229622527 0.18255071972640394 0.19241832619810148
3.4456177490984827 0.18583992188363646 0.20721973590564774 0.1776169164905552 0.24175635855658903
3.648301146104276 0.19625572871487273 0.18255071972640394 0.16281550678300893 0.19735212943395022
3.850984543110069 0.202285932669799 0.1776169164905552 0.17268311325470645 0.222021145613194
4.053667940115862 0.1841953208050202 0.16281550678300893 0.18255071972640394 0.21215353914149648
4.2563513371216555 0.1885809236813302 0.202285932669799 0.19735212943395022 0.1578817035471602
4.4590347341274486 0.1622673064234702 0.21708734237734523 0.1677493100188577 0.13814649060376516
4.661718131133242 0.1721349128951677 0.15294790031131142 0.15294790031131142 0.13814649060376516
4.864401528139035 0.16829751037839646 0.1578817035471602 0.20721973590564774 0.1332126873679164
5.067084925144828 0.16007450498531517 0.202285932669799 0.19241832619810148 0.16281550678300893
5.269768322150621 0.16555650858070267 0.15294790031131142 0.17268311325470645 0.11347747442452137
5.472451719156414 0.13814649060376516 0.12827888413206764 0.16281550678300893 0.1233450808962189
5.675135116162207 0.1540443010303889 0.1677493100188577 0.1578817035471602 0.14308029383961393
5.877818513168 0.14691769635638516 0.10360986795282387 0.1874845229622527 0.18255071972640394
6.080501910173793 0.14911049779454016 0.1578817035471602 0.13814649060376516 0.13814649060376516
