0.0 0.16500830822116394 0.1776169164905552 0.15294790031131142 0.12827888413206764
0.2026833970057931 0.17706871613101643 0.16281550678300893 0.19735212943395022 0.15294790031131142
0.4053667940115862 0.19461112763625646 0.1776169164905552 0.2466901617924378 0.18255071972640394
0.6080501910173793 0.20941253734380275 0.2466901617924378 0.23682255532074029 0.21708734237734523
0.8107335880231724 0.23956355711843402 0.2466901617924378 0.19735212943395022 0.21708734237734523
1.0134169850289656 0.250527564309209 0.33056481680186667 0.29109439091507655 0.23682255532074029
1.2161003820347587 0.2675217754549103 0.23682255532074029 0.21215353914149648 0.2664253747358328
1.4187837790405518 0.26203977185952276 0.28122678444337906 0.23188875208489151 0.29602819415092535
1.6214671760463448 0.2691663765335266 0.23682255532074029 0.24175635855658903 0.3009619973867741
1.824150573052138 0.2867087880387666 0.3009619973867741 0.19241832619810148 0.26149157149998403
2.026833970057931 0.2741001797693753 0.22695494884904274 0.26149157149998403 0.23682255532074029
2.2295173670637243 0.2647807736572166 0.26149157149998403 0.1874845229622527 0.2713591779716816
2.4322007640695174 0.2209247448941165 0.24175635855658903 0.2664253747358328 0.21708734237734523
2.6348841610753104 0.1968039290744115 0.21708734237734523 0.25162396502828654 0.20721973590564774
2.8375675580811035 0.16994211145701268 0.17268311325470645 0.0888084582452776 0.222021145613194
3.0402509550868966 0.12060407909852515 0.1332126873679164 0.09867606471697511 0.09374226148112635
3.2429343520926897 0.08277825429035134 0.06907324530188258 0.08387465500942885 0.10854367118867261
3.4456177490984827 0.07839265141404135 0.0444042291226388 0.1233450808962189 0.10360986795282387
3.648301146104276 0.057012837392030065 0.03947042588679005 0.10360986795282387 0.05920563883018507
3.850984543110069 0.04824163163941005 0.0444042291226388 0.05427183559433631 0.06907324530188258
4.053667940115862 0.049338032358487556 0.03947042588679005 0.03947042588679005 0.0444042291226388
4.2563513371216555 0.06633224350418883 0.06413944206603382 0.0888084582452776 0.08387465500942885
4.4590347341274486 0.07455524889727008 0.06907324530188258 0.05920563883018507 0.06413944206603382
4.661718131133242 0.0811336532117351 0.09374226148112635 0.08387465500942885 0.12827888413206764
4.864401528139035 0.07784445105450259 0.06413944206603382 0.09867606471697511 0.06413944206603382
5.067084925144828 0.0964832632788201 0.1233450808962189 0.09374226148112635 0.08387465500942885
5.269768322150621 0.11786307730083138 0.09374226148112635 0.10854367118867261 0.10854367118867261
5.472451719156414 0.11731487694129263 0.11347747442452137 0.14308029383961393 0.1233450808962189
5.675135116162207 0.14143569276099766 0.1578817035471602 0.17268311325470645 0.1233450808962189
5.877818513168 0.13266448700837766 0.11841127766037014 0.13814649060376516 0.1233450808962189
6.080501910173793 0.14362849419915266 0.14801409707546268 0.1874845229622527 0.13814649060376516
