0.0 0.29712459487000287 0.30589580062262284 0.21708734237734523 0.2664253747358328
0.2026833970057931 0.30644400098216157 0.30589580062262284 0.2565577682641353 0.30589580062262284
0.4053667940115862 0.2872569883983053 0.3157634070943204 0.28122678444337906 0.19241832619810148
0.6080501910173793 0.31795620853247536 0.29602819415092535 0.32563101356601787 0.29602819415092535
0.8107335880231724 0.29712459487000287 0.3009619973867741 0.3552338329811104 0.29109439091507655
1.0134169850289656 0.27355197940983655 0.3354986200377154 0.25162396502828654 0.21708734237734523
1.2161003820347587 0.2477865625115153 0.2565577682641353 0.22695494884904274 0.3009619973867741
1.4187837790405518 0.22476214741088776 0.22695494884904274 0.22695494884904274 0.1874845229622527
1.6214671760463448 0.206671535546109 0.222021145613194 0.1874845229622527 0.20721973590564774
1.824150573052138 0.1874845229622527 0.19735212943395022 0.14801409707546268 0.23682255532074029
2.026833970057931 0.17597231541193895 0.15294790031131142 0.18255071972640394 0.1776169164905552
2.2295173670637243 0.13924289132284265 0.11841127766037014 0.15294790031131142 0.1776169164905552
2.4322007640695174 0.13156808628930017 0.1233450808962189 0.15294790031131142 0.11347747442452137
2.6348841610753104 0.11786307730083138 0.11347747442452137 0.10854367118867261 0.10854367118867261
2.8375675580811035 0.11183287334590514 0.06413944206603382 0.11841127766037014 0.10360986795282387
3.0402509550868966 0.0942904618406651 0.09867606471697511 0.09867606471697511 0.0888084582452776
3.2429343520926897 0.0899048589643551 0.0888084582452776 0.07400704853773134 0.09867606471697511
3.4456177490984827 0.06359124170649508 0.07400704853773134 0.08387465500942885 0.06907324530188258
3.648301146104276 0.06468764242557258 0.0888084582452776 0.08387465500942885 0.0789408517735801
3.850984543110069 0.051530833796642556 0.029602819415092536 0.07400704853773134 0.06413944206603382
4.053667940115862 0.0444042291226388 0.0444042291226388 0.08387465500942885 0.019735212943395024
4.2563513371216555 0.04824163163941005 0.019735212943395024 0.07400704853773134 0.05427183559433631
4.4590347341274486 0.0455006298417163 0.0444042291226388 0.05427183559433631 0.049338032358487556
4.661718131133242 0.052079034156181314 0.019735212943395024 0.05920563883018507 0.08387465500942885
4.864401528139035 0.06578404314465008 0.0789408517735801 0.11347747442452137 0.0888084582452776
5.067084925144828 0.07784445105450259 0.05920563883018507 0.09867606471697511 0.09374226148112635
5.269768322150621 0.08168185357127385 0.09867606471697511 0.08387465500942885 0.08387465500942885
5.472451719156414 0.14033929204192017 0.10854367118867261 0.12827888413206764 0.15294790031131142
5.675135116162207 0.18967732440040774 0.1874845229622527 0.20721973590564774 0.202285932669799
5.877818513168 0.228599549927659 0.26149157149998403 0.23188875208489151 0.23682255532074029
6.080501910173793 0.2730037790502978 0.29602819415092535 0.19241832619810148 0.28616058767922786
