0.0 0.3258906874205362 0.3157634070943204 0.33056481680186667 0.34043242327356416
0.2026833970057931 0.3108296038584716 0.3700352426886567 0.2713591779716816 0.20721973590564774
0.4053667940115862 0.29187341247863163 0.35030002974526164 0.25162396502828654 0.30589580062262284
0.6080501910173793 0.2646076577542043 0.29602819415092535 0.23188875208489151 0.1874845229622527
0.8107335880231724 0.24591114022888272 0.202285932669799 0.29602819415092535 0.19735212943395022
1.0134169850289656 0.17527985179989 0.19735212943395022 0.202285932669799 0.15294790031131142
1.2161003820347587 0.1215273639145904 0.13814649060376516 0.14308029383961393 0.12827888413206764
1.4187837790405518 0.0906261752269061 0.07400704853773134 0.16281550678300893 0.0444042291226388
1.6214671760463448 0.05920563883018507 0.06907324530188258 0.12827888413206764 0.03453662265094129
1.824150573052138 0.0444042291226388 0.03453662265094129 0.10854367118867261 0.029602819415092536
2.026833970057931 0.02934314556057418 0.009867606471697512 0.06413944206603382 0.024669016179243778
2.2295173670637243 0.014541735853027912 0.0 0.049338032358487556 0.024669016179243778
2.4322007640695174 0.00882891105362409 0.0 0.014801409707546268 0.03453662265094129
2.6348841610753104 0.010127280326215867 0.0 0.029602819415092536 0.0444042291226388
2.8375675580811035 0.009607932617179156 0.004933803235848756 0.004933803235848756 0.019735212943395024
3.0402509550868966 0.019215865234358313 0.019735212943395024 0.004933803235848756 0.049338032358487556
3.2429343520926897 0.027006080869908976 0.014801409707546268 0.0 0.0789408517735801
3.4456177490984827 0.03297857952383116 0.024669016179243778 0.009867606471697512 0.09867606471697511
3.648301146104276 0.056089552575964804 0.049338032358487556 0.019735212943395024 0.1233450808962189
3.850984543110069 0.08179726417328201 0.07400704853773134 0.10360986795282387 0.1332126873679164
4.053667940115862 0.11737258224229671 0.1332126873679164 0.15294790031131142 0.11347747442452137
4.2563513371216555 0.14541735853027912 0.09867606471697511 0.1332126873679164 0.24175635855658903
4.4590347341274486 0.18670550139869763 0.11347747442452137 0.21215353914149648 0.21215353914149648
4.661718131133242 0.21475027768668004 0.21708734237734523 0.20721973590564774 0.23682255532074029
4.864401528139035 0.23007103510326302 0.21215353914149648 0.19735212943395022 0.3157634070943204
5.067084925144828 0.2617512453545024 0.2664253747358328 0.25162396502828654 0.23188875208489151
5.269768322150621 0.2638286361906493 0.2762929812075303 0.29109439091507655 0.21215353914149648
5.472451719156414 0.2916137386241133 0.26149157149998403 0.23682255532074029 0.2713591779716816
5.675135116162207 0.33445992461964197 0.32563101356601787 0.26149157149998403 0.34043242327356416
5.877818513168 0.3362776416012705 0.3996380621037492 0.29109439091507655 0.23682255532074029
6.080501910173793 0.3318631860744584 0.38483665239620296 0.2713591779716816 0.26149157149998403
