0.0 0.23370646906652 0.34043242327356416 0.24175635855658903 0.19735212943395022
0.2026833970057931 0.2144906038321617 0.1776169164905552 0.14308029383961393 0.19241832619810148
0.4053667940115862 0.19839082485202364 0.1874845229622527 0.16281550678300893 0.26149157149998403
0.6080501910173793 0.1677493100188577 0.14308029383961393 0.11841127766037014 0.23188875208489151
0.8107335880231724 0.12698051485947587 0.09867606471697511 0.0789408517735801 0.15294790031131142
1.0134169850289656 0.0893278059543143 0.07400704853773134 0.0888084582452776 0.16281550678300893
1.2161003820347587 0.053492814030781245 0.05920563883018507 0.029602819415092536 0.09374226148112635
1.4187837790405518 0.030901188687684312 0.009867606471697512 0.05920563883018507 0.09867606471697511
1.6214671760463448 0.017398148252729822 0.0 0.024669016179243778 0.07400704853773134
1.824150573052138 0.0163594528346564 0.004933803235848756 0.009867606471697512 0.0789408517735801
2.026833970057931 0.019735212943395024 0.004933803235848756 0.03453662265094129 0.07400704853773134
2.2295173670637243 0.035055970359978 0.019735212943395024 0.03453662265094129 0.05427183559433631
2.4322007640695174 0.05193477090367111 0.049338032358487556 0.03947042588679005 0.0444042291226388
2.6348841610753104 0.07504574395580475 0.09374226148112635 0.05920563883018507 0.05920563883018507
2.8375675580811035 0.09322291377208965 0.10854367118867261 0.09867606471697511 0.07400704853773134
3.0402509550868966 0.11944997307844356 0.14308029383961393 0.14801409707546268 0.12827888413206764
3.2429343520926897 0.14411898925768735 0.13814649060376516 0.1677493100188577 0.09374226148112635
3.4456177490984827 0.16333485449204563 0.18255071972640394 0.19241832619810148 0.09867606471697511
3.648301146104276 0.1786556119086286 0.21708734237734523 0.15294790031131142 0.14308029383961393
3.850984543110069 0.2116341914324598 0.17268311325470645 0.22695494884904274 0.20721973590564774
4.053667940115862 0.1968327817249135 0.18255071972640394 0.222021145613194 0.20721973590564774
4.2563513371216555 0.1859264798351426 0.15294790031131142 0.26149157149998403 0.16281550678300893
4.4590347341274486 0.21189386528697812 0.16281550678300893 0.21215353914149648 0.2565577682641353
4.661718131133242 0.2308500566668181 0.23188875208489151 0.28616058767922786 0.3009619973867741
4.864401528139035 0.23526451219363012 0.16281550678300893 0.28616058767922786 0.24175635855658903
5.067084925144828 0.2726575472442733 0.19241832619810148 0.29109439091507655 0.23188875208489151
5.269768322150621 0.27785102433464043 0.29602819415092535 0.28616058767922786 0.202285932669799
5.472451719156414 0.2944701510238152 0.3354986200377154 0.25162396502828654 0.1776169164905552
5.675135116162207 0.2734365688078284 0.3453662265094129 0.28122678444337906 0.19735212943395022
5.877818513168 0.26512700546324103 0.35030002974526164 0.21708734237734523 0.222021145613194
6.080501910173793 0.24850787877406624 0.29602819415092535 0.22695494884904274 0.21215353914149648
