0.0 0.37237230737932187 0.3651014394528079 0.3749690459245054 0.3009619973867741
0.2026833970057931 0.3580902453808123 0.3749690459245054 0.29602819415092535 0.35030002974526164
0.4053667940115862 0.41288142868418537 0.4144394718112955 0.38483665239620296 0.3651014394528079
0.6080501910173793 0.4411858788266861 0.4193732750471443 0.38483665239620296 0.444042291226388
0.8107335880231724 0.4222296874468461 0.4588437009339343 0.33056481680186667 0.34043242327356416
1.0134169850289656 0.3625047009076244 0.36016763621695913 0.33056481680186667 0.3700352426886567
1.2161003820347587 0.2762929812075303 0.3009619973867741 0.2565577682641353 0.2664253747358328
1.4187837790405518 0.1957940863068401 0.202285932669799 0.1874845229622527 0.20721973590564774
1.6214671760463448 0.12620149329592079 0.13814649060376516 0.09867606471697511 0.16281550678300893
1.824150573052138 0.08465367657298391 0.03947042588679005 0.09374226148112635 0.13814649060376516
2.026833970057931 0.04985738006752427 0.024669016179243778 0.03453662265094129 0.11347747442452137
2.2295173670637243 0.03765270890516156 0.0 0.09374226148112635 0.0888084582452776
2.4322007640695174 0.02259162534309693 0.0 0.0444042291226388 0.0888084582452776
2.6348841610753104 0.009867606471697512 0.0 0.029602819415092536 0.0444042291226388
2.8375675580811035 0.005712824799403823 0.0 0.024669016179243778 0.03453662265094129
3.0402509550868966 0.0015580431271101335 0.0 0.004933803235848756 0.004933803235848756
3.2429343520926897 0.0010386954180734223 0.0 0.004933803235848756 0.009867606471697512
3.4456177490984827 0.0020773908361468446 0.0 0.024669016179243778 0.004933803235848756
3.648301146104276 0.0025967385451835553 0.0 0.029602819415092536 0.0
3.850984543110069 0.005972498653922178 0.0 0.03947042588679005 0.004933803235848756
4.053667940115862 0.014022388143991201 0.0 0.06413944206603382 0.0
4.2563513371216555 0.027006080869908976 0.009867606471697512 0.0888084582452776 0.024669016179243778
4.4590347341274486 0.0490783585039692 0.019735212943395024 0.10854367118867261 0.024669016179243778
4.661718131133242 0.07192965770158449 0.009867606471697512 0.14308029383961393 0.07400704853773134
4.864401528139035 0.11140008358837454 0.05427183559433631 0.1233450808962189 0.06907324530188258
5.067084925144828 0.1397045337308753 0.14801409707546268 0.1677493100188577 0.1233450808962189
5.269768322150621 0.18956191379839954 0.1677493100188577 0.19735212943395022 0.1677493100188577
5.472451719156414 0.2204631024860839 0.23682255532074029 0.23682255532074029 0.202285932669799
5.675135116162207 0.27914939360723223 0.3749690459245054 0.24175635855658903 0.2713591779716816
5.877818513168 0.3009619973867741 0.4144394718112955 0.22695494884904274 0.29602819415092535
6.080501910173793 0.3393937278554907 0.3996380621037492 0.2664253747358328 0.34043242327356416
