0.0 0.41911360119262586 0.38483665239620296 0.39470425886790045 0.3552338329811104
0.2026833970057931 0.4066492561757448 0.46871130740563177 0.28122678444337906 0.34043242327356416
0.4053667940115862 0.37678676290613394 0.4588437009339343 0.24175635855658903 0.3453662265094129
0.6080501910173793 0.24513211866532764 0.22695494884904274 0.1578817035471602 0.25162396502828654
0.8107335880231724 0.2015069111062439 0.19735212943395022 0.21708734237734523 0.20721973590564774
1.0134169850289656 0.12490312402332902 0.14801409707546268 0.17268311325470645 0.11347747442452137
1.2161003820347587 0.07997954719165351 0.03947042588679005 0.10360986795282387 0.09374226148112635
1.4187837790405518 0.05686857413951987 0.019735212943395024 0.11841127766037014 0.09867606471697511
1.6214671760463448 0.0397300997413084 0.009867606471697512 0.08387465500942885 0.03453662265094129
1.824150573052138 0.01765782210724818 0.004933803235848756 0.03947042588679005 0.024669016179243778
2.026833970057931 0.015320757416582977 0.0 0.06413944206603382 0.024669016179243778
2.2295173670637243 0.010386954180734221 0.0 0.049338032358487556 0.009867606471697512
2.4322007640695174 0.003635433963256978 0.0 0.03453662265094129 0.004933803235848756
2.6348841610753104 0.003116086254220267 0.0 0.019735212943395024 0.014801409707546268
2.8375675580811035 0.0023370646906651998 0.0 0.014801409707546268 0.004933803235848756
3.0402509550868966 0.003635433963256978 0.0 0.024669016179243778 0.009867606471697512
3.2429343520926897 0.006751520217477244 0.0 0.024669016179243778 0.03947042588679005
3.4456177490984827 0.009088584908142445 0.0 0.024669016179243778 0.019735212943395024
3.648301146104276 0.018436843670803244 0.0 0.03453662265094129 0.0444042291226388
3.850984543110069 0.0303818409786476 0.014801409707546268 0.06907324530188258 0.06413944206603382
4.053667940115862 0.05660890028500151 0.05920563883018507 0.0888084582452776 0.11347747442452137
4.2563513371216555 0.09166487064497951 0.08387465500942885 0.202285932669799 0.11841127766037014
4.4590347341274486 0.13944485987635694 0.13814649060376516 0.19735212943395022 0.1233450808962189
4.661718131133242 0.20176658496076227 0.1677493100188577 0.202285932669799 0.202285932669799
4.864401528139035 0.26201091920902075 0.21215353914149648 0.30589580062262284 0.2664253747358328
5.067084925144828 0.2903153693515215 0.25162396502828654 0.2762929812075303 0.29109439091507655
5.269768322150621 0.3103102561494349 0.3108296038584716 0.2762929812075303 0.26149157149998403
5.472451719156414 0.33497927232867863 0.38483665239620296 0.2762929812075303 0.33056481680186667
5.675135116162207 0.35081937745429836 0.43417468475469045 0.36016763621695913 0.40950566857544674
5.877818513168 0.4040525176305612 0.40950566857544674 0.2762929812075303 0.34043242327356416
6.080501910173793 0.42041197046521767 0.5081817332924218 0.3009619973867741 0.3749690459245054
