0.0 0.5229831429999681 0.5131155365282706 0.5229831429999681 0.3897704556320517
0.2026833970057931 0.5559617225237993 0.6167254044810945 0.4292408815188417 0.404571865339598
0.4053667940115862 0.5170106443460459 0.606857798009397 0.40950566857544674 0.35030002974526164
0.6080501910173793 0.46299848260622795 0.5279169462358169 0.3897704556320517 0.34043242327356416
0.8107335880231724 0.36224502705310596 0.4884465203490268 0.3206972103301691 0.29602819415092535
1.0134169850289656 0.24331440168369914 0.2762929812075303 0.3009619973867741 0.2466901617924378
1.2161003820347587 0.15995909438330702 0.1776169164905552 0.202285932669799 0.16281550678300893
1.4187837790405518 0.09166487064497951 0.06413944206603382 0.16281550678300893 0.17268311325470645
1.6214671760463448 0.05816694341211165 0.029602819415092536 0.06907324530188258 0.0789408517735801
1.824150573052138 0.02986249326961089 0.004933803235848756 0.05427183559433631 0.019735212943395024
2.026833970057931 0.020254560652431735 0.0 0.06413944206603382 0.049338032358487556
2.2295173670637243 0.009348258762660799 0.0 0.014801409707546268 0.029602819415092536
2.4322007640695174 0.003635433963256978 0.0 0.009867606471697512 0.014801409707546268
2.6348841610753104 0.0025967385451835553 0.0 0.009867606471697512 0.029602819415092536
2.8375675580811035 0.0010386954180734223 0.0 0.009867606471697512 0.009867606471697512
3.0402509550868966 0.0015580431271101335 0.0 0.004933803235848756 0.009867606471697512
3.2429343520926897 0.003116086254220267 0.0 0.009867606471697512 0.029602819415092536
3.4456177490984827 0.007790215635550666 0.0 0.029602819415092536 0.03453662265094129
3.648301146104276 0.008569237199105734 0.0 0.004933803235848756 0.05920563883018507
3.850984543110069 0.013503040434954488 0.0 0.009867606471697512 0.03453662265094129
4.053667940115862 0.019475539088876666 0.0 0.009867606471697512 0.07400704853773134
4.2563513371216555 0.02986249326961089 0.004933803235848756 0.014801409707546268 0.10360986795282387
4.4590347341274486 0.04050912130486347 0.009867606471697512 0.03453662265094129 0.06413944206603382
4.661718131133242 0.06128302966633191 0.024669016179243778 0.0789408517735801 0.09867606471697511
4.864401528139035 0.07530541781032311 0.049338032358487556 0.09374226148112635 0.1677493100188577
5.067084925144828 0.11996932078748027 0.10854367118867261 0.14308029383961393 0.222021145613194
5.269768322150621 0.15840105125619688 0.1677493100188577 0.19735212943395022 0.18255071972640394
5.472451719156414 0.2160486469592718 0.20721973590564774 0.25162396502828654 0.21708734237734523
5.675135116162207 0.30070232353225573 0.3157634070943204 0.28616058767922786 0.2762929812075303
5.877818513168 0.38457697854168454 0.3206972103301691 0.43417468475469045 0.3206972103301691
6.080501910173793 0.45209218071645707 0.4193732750471443 0.36016763621695913 0.444042291226388
