0.0 0.19086028307099132 0.20721973590564774 0.1677493100188577 0.1677493100188577
0.2026833970057931 0.1654122453281925 0.13814649060376516 0.15294790031131142 0.14801409707546268
0.4053667940115862 0.14879311863901773 0.1332126873679164 0.09867606471697511 0.13814649060376516
0.6080501910173793 0.12048866849651697 0.0888084582452776 0.10360986795282387 0.14308029383961393
0.8107335880231724 0.10127280326215866 0.03453662265094129 0.09374226148112635 0.13814649060376516
1.0134169850289656 0.09841639086245675 0.08387465500942885 0.08387465500942885 0.14801409707546268
1.2161003820347587 0.0963390000263099 0.11841127766037014 0.07400704853773134 0.11347747442452137
1.4187837790405518 0.1004937816986036 0.16281550678300893 0.08387465500942885 0.08387465500942885
1.6214671760463448 0.11347747442452137 0.1874845229622527 0.08387465500942885 0.11347747442452137
1.824150573052138 0.13503040434954489 0.20721973590564774 0.09867606471697511 0.10854367118867261
2.026833970057931 0.15138985718420128 0.222021145613194 0.11347747442452137 0.09374226148112635
2.2295173670637243 0.1537269218748665 0.12827888413206764 0.09867606471697511 0.10854367118867261
2.4322007640695174 0.14957214020257278 0.1233450808962189 0.14801409707546268 0.14801409707546268
2.6348841610753104 0.15113018332968292 0.10360986795282387 0.1776169164905552 0.1874845229622527
2.8375675580811035 0.1420415984215405 0.07400704853773134 0.13814649060376516 0.23188875208489151
3.0402509550868966 0.1508705094751646 0.1578817035471602 0.202285932669799 0.1677493100188577
3.2429343520926897 0.15502529114745828 0.10854367118867261 0.2565577682641353 0.11347747442452137
3.4456177490984827 0.15242855260227473 0.1233450808962189 0.2466901617924378 0.15294790031131142
3.648301146104276 0.14048355529443035 0.11841127766037014 0.20721973590564774 0.11347747442452137
3.850984543110069 0.1326933396588797 0.1332126873679164 0.21215353914149648 0.11841127766037014
4.053667940115862 0.14359964154865063 0.16281550678300893 0.23188875208489151 0.0789408517735801
4.2563513371216555 0.1425609461305772 0.19735212943395022 0.16281550678300893 0.1332126873679164
4.4590347341274486 0.16619126689174754 0.15294790031131142 0.10360986795282387 0.09867606471697511
4.661718131133242 0.19605376016135845 0.202285932669799 0.23188875208489151 0.1677493100188577
4.864401528139035 0.2108551698689047 0.20721973590564774 0.20721973590564774 0.18255071972640394
5.067084925144828 0.21423092997764334 0.18255071972640394 0.1776169164905552 0.2565577682641353
5.269768322150621 0.2074794097601661 0.1874845229622527 0.21215353914149648 0.3157634070943204
5.472451719156414 0.21215353914149648 0.222021145613194 0.1874845229622527 0.222021145613194
5.675135116162207 0.23526451219363012 0.2664253747358328 0.23188875208489151 0.2762929812075303
5.877818513168 0.2313694043758548 0.2565577682641353 0.21708734237734523 0.2664253747358328
6.080501910173793 0.22409853644934083 0.24175635855658903 0.12827888413206764 0.19735212943395022
