0.0 0.25162396502828654 0.18255071972640394 0.222021145613194 0.3009619973867741
0.2026833970057931 0.2015069111062439 0.13814649060376516 0.20721973590564774 0.3206972103301691
0.4053667940115862 0.16697028845530262 0.10360986795282387 0.14308029383961393 0.2466901617924378
0.6080501910173793 0.14385931540316899 0.09867606471697511 0.12827888413206764 0.21215353914149648
0.8107335880231724 0.12931757955014106 0.14308029383961393 0.12827888413206764 0.20721973590564774
1.0134169850289656 0.11269845286096632 0.15294790031131142 0.05920563883018507 0.10854367118867261
1.2161003820347587 0.10257117253475045 0.13814649060376516 0.09374226148112635 0.12827888413206764
1.4187837790405518 0.1010131294076403 0.13814649060376516 0.06907324530188258 0.10360986795282387
1.6214671760463448 0.0789408517735801 0.08387465500942885 0.0444042291226388 0.0888084582452776
1.824150573052138 0.0958196523172732 0.10854367118867261 0.08387465500942885 0.09867606471697511
2.026833970057931 0.10179215097119537 0.09374226148112635 0.10360986795282387 0.14308029383961393
2.2295173670637243 0.09555997846275485 0.08387465500942885 0.11347747442452137 0.11841127766037014
2.4322007640695174 0.08231661188231872 0.03453662265094129 0.09374226148112635 0.08387465500942885
2.6348841610753104 0.06829422373832751 0.029602819415092536 0.03947042588679005 0.11841127766037014
2.8375675580811035 0.06569748519314396 0.05920563883018507 0.08387465500942885 0.10854367118867261
3.0402509550868966 0.061023355811813555 0.03947042588679005 0.05920563883018507 0.08387465500942885
3.2429343520926897 0.07504574395580475 0.03947042588679005 0.06907324530188258 0.11347747442452137
3.4456177490984827 0.08621171970009404 0.08387465500942885 0.07400704853773134 0.11347747442452137
3.648301146104276 0.1116597574428929 0.15294790031131142 0.11347747442452137 0.1233450808962189
3.850984543110069 0.11607421296970494 0.13814649060376516 0.13814649060376516 0.0789408517735801
4.053667940115862 0.1337320350769531 0.11347747442452137 0.1332126873679164 0.09374226148112635
4.2563513371216555 0.13425138278598983 0.11841127766037014 0.22695494884904274 0.06907324530188258
4.4590347341274486 0.14100290300346707 0.15294790031131142 0.1874845229622527 0.09374226148112635
4.661718131133242 0.17216376554566973 0.1332126873679164 0.29109439091507655 0.10854367118867261
4.864401528139035 0.1968327817249135 0.1874845229622527 0.22695494884904274 0.14801409707546268
5.067084925144828 0.27239787338975496 0.36016763621695913 0.3108296038584716 0.1874845229622527
5.269768322150621 0.32121655803920585 0.33056481680186667 0.404571865339598 0.1874845229622527
5.472451719156414 0.3552338329811104 0.43417468475469045 0.28616058767922786 0.19735212943395022
5.675135116162207 0.34718394349104137 0.39470425886790045 0.33056481680186667 0.29602819415092535
5.877818513168 0.3326422076380135 0.39470425886790045 0.21215353914149648 0.3749690459245054
6.080501910173793 0.27914939360723223 0.2713591779716816 0.2565577682641353 0.2762929812075303
