0.0 0.27992841517078726 0.222021145613194 0.30589580062262284 0.30589580062262284
0.2026833970057931 0.2869396092427829 0.2466901617924378 0.34043242327356416 0.222021145613194
0.4053667940115862 0.3056361267681045 0.30589580062262284 0.3206972103301691 0.2664253747358328
0.6080501910173793 0.31290699469461847 0.36016763621695913 0.4193732750471443 0.202285932669799
0.8107335880231724 0.280447762879824 0.35030002974526164 0.32563101356601787 0.1578817035471602
1.0134169850289656 0.25162396502828654 0.2466901617924378 0.3009619973867741 0.18255071972640394
1.2161003820347587 0.210335822159868 0.16281550678300893 0.222021145613194 0.17268311325470645
1.4187837790405518 0.1542462695839032 0.1677493100188577 0.1874845229622527 0.12827888413206764
1.6214671760463448 0.12620149329592079 0.08387465500942885 0.1677493100188577 0.13814649060376516
1.824150573052138 0.10880334504319099 0.1233450808962189 0.09867606471697511 0.12827888413206764
2.026833970057931 0.09452128304468142 0.0789408517735801 0.029602819415092536 0.1677493100188577
2.2295173670637243 0.05868629112114836 0.06413944206603382 0.014801409707546268 0.10360986795282387
2.4322007640695174 0.0490783585039692 0.0444042291226388 0.009867606471697512 0.12827888413206764
2.6348841610753104 0.027525428578945688 0.014801409707546268 0.024669016179243778 0.09374226148112635
2.8375675580811035 0.02051423450695009 0.004933803235848756 0.004933803235848756 0.08387465500942885
3.0402509550868966 0.013503040434954488 0.0 0.024669016179243778 0.09867606471697511
3.2429343520926897 0.014801409707546268 0.0 0.029602819415092536 0.0444042291226388
3.4456177490984827 0.017398148252729822 0.0 0.03453662265094129 0.08387465500942885
3.648301146104276 0.033238253378349514 0.004933803235848756 0.0888084582452776 0.0444042291226388
3.850984543110069 0.05998466039374013 0.03453662265094129 0.13814649060376516 0.05920563883018507
4.053667940115862 0.09166487064497951 0.029602819415092536 0.14308029383961393 0.10854367118867261
4.2563513371216555 0.13503040434954489 0.0888084582452776 0.16281550678300893 0.11841127766037014
4.4590347341274486 0.1747605040908533 0.17268311325470645 0.13814649060376516 0.09867606471697511
4.661718131133242 0.2098164744508313 0.22695494884904274 0.1874845229622527 0.202285932669799
4.864401528139035 0.210335822159868 0.32563101356601787 0.1332126873679164 0.20721973590564774
5.067084925144828 0.2116341914324598 0.2713591779716816 0.12827888413206764 0.18255071972640394
5.269768322150621 0.23864027230236878 0.3354986200377154 0.1578817035471602 0.22695494884904274
5.472451719156414 0.23059038281229974 0.24175635855658903 0.1578817035471602 0.24175635855658903
5.675135116162207 0.23396614292103834 0.2466901617924378 0.1776169164905552 0.1874845229622527
5.877818513168 0.24876755262858463 0.23682255532074029 0.19241832619810148 0.2565577682641353
6.080501910173793 0.24227570626562572 0.24175635855658903 0.2664253747358328 0.29109439091507655
