0.0 0.2653866793177594 0.3108296038584716 0.2713591779716816 0.19241832619810148
0.2026833970057931 0.2326677736484466 0.202285932669799 0.2565577682641353 0.17268311325470645
0.4053667940115862 0.18540713212610588 0.222021145613194 0.24175635855658903 0.14801409707546268
0.6080501910173793 0.13762714289472844 0.07400704853773134 0.202285932669799 0.1233450808962189
0.8107335880231724 0.10438888951637894 0.11841127766037014 0.1578817035471602 0.10360986795282387
1.0134169850289656 0.08179726417328201 0.06907324530188258 0.11347747442452137 0.07400704853773134
1.2161003820347587 0.07686346093743325 0.06413944206603382 0.05920563883018507 0.11841127766037014
1.4187837790405518 0.0771231347919516 0.05920563883018507 0.05920563883018507 0.10854367118867261
1.6214671760463448 0.08439400271846556 0.10854367118867261 0.05427183559433631 0.11841127766037014
1.824150573052138 0.07218933155610284 0.0789408517735801 0.019735212943395024 0.14801409707546268
2.026833970057931 0.05842661726663 0.05920563883018507 0.024669016179243778 0.1578817035471602
2.2295173670637243 0.05842661726663 0.03947042588679005 0.014801409707546268 0.14308029383961393
2.4322007640695174 0.07556509166484146 0.03947042588679005 0.024669016179243778 0.1776169164905552
2.6348841610753104 0.08725041511816746 0.09867606471697511 0.029602819415092536 0.15294790031131142
2.8375675580811035 0.1028308463892688 0.0888084582452776 0.0444042291226388 0.1332126873679164
3.0402509550868966 0.10412921566186059 0.09867606471697511 0.09374226148112635 0.11841127766037014
3.2429343520926897 0.13606909976761833 0.09867606471697511 0.11347747442452137 0.1233450808962189
3.4456177490984827 0.1578817035471602 0.13814649060376516 0.10854367118867261 0.1578817035471602
3.648301146104276 0.16359452834656402 0.1874845229622527 0.1332126873679164 0.1332126873679164
3.850984543110069 0.18618615368966093 0.2664253747358328 0.14801409707546268 0.1776169164905552
4.053667940115862 0.19657310787039514 0.23682255532074029 0.17268311325470645 0.14801409707546268
4.2563513371216555 0.16878800543693112 0.18255071972640394 0.15294790031131142 0.1332126873679164
4.4590347341274486 0.16385420220108238 0.16281550678300893 0.19735212943395022 0.17268311325470645
4.661718131133242 0.17813626419959191 0.23188875208489151 0.24175635855658903 0.14308029383961393
4.864401528139035 0.18800387067128943 0.19735212943395022 0.202285932669799 0.1578817035471602
5.067084925144828 0.20721973590564774 0.20721973590564774 0.222021145613194 0.20721973590564774
5.269768322150621 0.24175635855658903 0.26149157149998403 0.3206972103301691 0.26149157149998403
5.472451719156414 0.25214331273732327 0.21215353914149648 0.3354986200377154 0.23682255532074029
5.675135116162207 0.27032048255360813 0.20721973590564774 0.23682255532074029 0.28122678444337906
5.877818513168 0.31108927771299 0.3108296038584716 0.35030002974526164 0.222021145613194
6.080501910173793 0.30771351760425136 0.3009619973867741 0.33056481680186667 0.1874845229622527
