0.0 0.26876243942649797 0.3009619973867741 0.2762929812075303 0.22695494884904274
0.2026833970057931 0.2934314556057418 0.3700352426886567 0.29109439091507655 0.2713591779716816
0.4053667940115862 0.2944701510238152 0.3206972103301691 0.3009619973867741 0.23682255532074029
0.6080501910173793 0.32874709982023814 0.3552338329811104 0.26149157149998403 0.30589580062262284
0.8107335880231724 0.31654242865787546 0.3700352426886567 0.3206972103301691 0.2713591779716816
1.0134169850289656 0.30252004051388426 0.34043242327356416 0.19735212943395022 0.22695494884904274
1.2161003820347587 0.25915450680931884 0.21708734237734523 0.23188875208489151 0.26149157149998403
1.4187837790405518 0.2163083208137902 0.20721973590564774 0.19241832619810148 0.2565577682641353
1.6214671760463448 0.19423604317972998 0.18255071972640394 0.18255071972640394 0.2713591779716816
1.824150573052138 0.1622961590739722 0.1332126873679164 0.13814649060376516 0.24175635855658903
2.026833970057931 0.13295301351339806 0.09867606471697511 0.11347747442452137 0.23188875208489151
2.2295173670637243 0.09893573857149346 0.05920563883018507 0.05427183559433631 0.18255071972640394
2.4322007640695174 0.0794601994826168 0.049338032358487556 0.06413944206603382 0.20721973590564774
2.6348841610753104 0.05427183559433631 0.049338032358487556 0.049338032358487556 0.09374226148112635
2.8375675580811035 0.044923576831675506 0.03453662265094129 0.06907324530188258 0.05427183559433631
3.0402509550868966 0.037393035050643196 0.029602819415092536 0.07400704853773134 0.049338032358487556
3.2429343520926897 0.028044776287982402 0.014801409707546268 0.049338032358487556 0.014801409707546268
3.4456177490984827 0.034796296505459644 0.03947042588679005 0.05427183559433631 0.009867606471697512
3.648301146104276 0.02726575472442733 0.029602819415092536 0.024669016179243778 0.0
3.850984543110069 0.03687368734160649 0.05920563883018507 0.03947042588679005 0.009867606471697512
4.053667940115862 0.04258651214101031 0.0789408517735801 0.014801409707546268 0.009867606471697512
4.2563513371216555 0.0607636819572952 0.11841127766037014 0.06413944206603382 0.014801409707546268
4.4590347341274486 0.08205693802780036 0.11347747442452137 0.07400704853773134 0.0888084582452776
4.661718131133242 0.1010131294076403 0.09867606471697511 0.09867606471697511 0.10360986795282387
4.864401528139035 0.13165464424080628 0.09374226148112635 0.12827888413206764 0.1233450808962189
5.067084925144828 0.15268822645679309 0.09374226148112635 0.1776169164905552 0.15294790031131142
5.269768322150621 0.17450083023633492 0.20721973590564774 0.18255071972640394 0.1233450808962189
5.472451719156414 0.21319223455956993 0.1776169164905552 0.2664253747358328 0.20721973590564774
5.675135116162207 0.23864027230236878 0.21215353914149648 0.3157634070943204 0.222021145613194
5.877818513168 0.2586351591002821 0.20721973590564774 0.34043242327356416 0.23188875208489151
6.080501910173793 0.26668504859035114 0.2713591779716816 0.28616058767922786 0.23188875208489151
