0.0 1.196826841204298
0.2026833970057931 0.9948246764376237
0.4053667940115862 0.5713368495371182
0.6080501910173793 0.22670880074391145
0.8107335880231724 0.062154844042841446
1.0134169850289656 0.011773674911233108
1.2161003820347587 0.0015409181007612442
1.4187837790405518 0.00013934055336442186
1.6214671760463448 8.705745412570587e-06
1.824150573052138 3.758069885099832e-07
2.026833970057931 1.1208672988442114e-08
2.2295173670637243 2.3097980124886723e-10
2.4322007640695174 3.288700053107176e-12
2.6348841610753104 3.23522868745918e-14
2.8375675580811035 2.1989541643475825e-16
3.0402509550868966 1.0360117068297866e-18
3.2429343520926897 1.0360117068297866e-18
3.4456177490984827 2.1989541643475825e-16
3.648301146104276 3.23522868745918e-14
3.850984543110069 3.288700053107176e-12
4.053667940115862 2.3097980124886886e-10
4.2563513371216555 1.1208672988442233e-08
4.4590347341274486 3.7580698850998457e-07
4.661718131133242 8.705745412570602e-06
4.864401528139035 0.0001393405533644221
5.067084925144828 0.0015409181007612468
5.269768322150621 0.011773674911233139
5.472451719156414 0.06215484404284147
5.675135116162207 0.22670880074391153
5.877818513168 0.5713368495371182
6.080501910173793 0.9948246764376237
