#mmax= 5
#m-states: all states (FBR)
#Nr. of sites: 10

0.0  0.0 
0.1  0.025712459863502644 
0.2  0.0559173892031511 
0.3  0.09633832127106208 
0.4  0.1558012614413683 
0.5  0.24563081341666082 
0.6  0.3519066638204898 
0.7  0.43162007250771495 
0.8  0.48315577701410334 
0.9  0.5196390044761259 
1.0  0.5478685253456979 
1.1  0.5709233752029755 
1.2  0.5903943485293807 
1.3  0.6072094903656035 
1.4  0.6219703559080215 
1.5  0.6350922063085611 
1.6  0.6468745583514535 
1.7  0.6575421456106683 
1.8  0.6672676522367538 
1.9  0.6761870563563223 
2.0  0.6844092724341115 
2.1  0.6920230691287521 
2.2  0.6991016599633902 
2.3  0.705706185200195 
2.4  0.7118881608909399 
2.5  0.7176913582371163 
2.6  0.7231535456993748 
2.7  0.7283071886249041 
2.8  0.7331804879883015 
2.9  0.7377962629444322 
3.0  0.7421798836438211 
3.1  0.7463490092564188 
3.2  0.7503204723384787 
3.3  0.7541098046326954 
3.4  0.757729735956729 
3.5  0.7611930222754109 
3.6  0.7645102184531919 
3.7  0.7676916475885468 
3.8  0.7707460376593579 
3.9  0.7736816459397797 
4.0  0.7765059410938525 
