mmax= 5
m-states: all states (FBR)
Nr. of sites: 10

0.0  -0.0 
0.1  0.003173056791511253 
0.2  0.013351422848210483 
0.3  0.03336230713168057 
0.4  0.07266319979950561 
0.5  0.15641426064821667 
0.6  0.2739147844219681 
0.7  0.33428779624156935 
0.8  0.3491469154539661 
0.9  0.3520988662479205 
1.0  0.3526031044985556 
1.1  0.3526110289224775 
1.2  0.3525268591529716 
1.3  0.35243621811155573 
1.4  0.3523557627179943 
1.5  0.3522868425146037 
1.6  0.3522278089322282 
1.7  0.35217677881500925 
1.8  0.35213218952812114 
1.9  0.35209283036223993 
2.0  0.35205777298786767 
2.1  0.3520263004687165 
2.2  0.3519978516276441 
2.3  0.35197198084432757 
2.4  0.3519483187802719 
2.5  0.35192659321132286 
2.6  0.351906554431258 
2.7  0.351887998854575 
2.8  0.3518707508904649 
2.9  0.35185467982814295 
3.0  0.35183965719916066 
3.1  0.35182557670017617 
3.2  0.3518123459947149 
3.3  0.3517998855356164 
3.4  0.3517881265290014 
3.5  0.35177700758246955 
3.6  0.3517664748372447 
3.7  0.35175647970060214 
3.8  0.35174697946320876 
3.9  0.3517379361120809 
4.0  0.3517293154389394 
