-1.097985927590566
-0.7301420848043161
-0.5628480541169791
-0.9720836698547626
-1.3495628978508436
-0.7971755722185695
0.9758120035800844
0.4672493411388807
-0.8631212379415082
0.051663052941016196
-1.2522936640405697
-1.686392798885896
-2.0497979109533304
-1.8697228604716987
-1.381760559216683
-3.0677311328364922
-3.2124331857222432
-2.6032646043071455
-3.693965139643047
-2.8305152270073464
-2.350503914432225
-2.644451102815642
-2.644451102815642
-3.3099596663894246
-1.4260180420621194
-2.3196739994482596
-1.6181755918569993
-0.9403272821130608
-1.269543116199258
-1.4148620155066067
-1.8498649452760152
-1.1088050324150405
-1.1279120476504474
-1.8035931679815291
-0.05611565935759505
0.09085793483411442
-3.2800335463295425
-2.373846792194087
-2.7394190936743783
-2.471373272861269
-3.402760467835306
-2.5325932593629066
-2.8430389999447354
-2.455211642393896
-2.427452711746871
-1.5033996590311296
-1.8594706288402687
-1.478199218192549
-3.224772931892399
-2.53197641294131
-2.3984303866110714
-2.1629191488948387
-2.008611412444835
-0.9043077364500038
-2.641275766585602
-2.471710194592306
-3.33255164419101
-2.6236893926958738
-1.2303482343061605
-2.264884360280835
-0.9752590060848035
-1.8272729674744308
-3.0489610393321236
-3.073544633749109
-2.4344499322741293
-1.6852090792712542
-1.2353538382180211
-2.503570934227108
-2.6743772228755227
-2.7754386393374357
-3.282642009366538
-2.5695165999500476
-4.640610170160373
-3.5047256792213
-3.438780013498363
-3.894544653387538
-2.136064013171897
-2.428356506670954
-3.615679727749952
-3.253178410606601
-2.9201406922231863
-1.516827226892601
-4.441118478107196
-3.527317657022887
-3.179898602625366
-3.534314877550145
-2.50129939292115
-1.377938674919466
-1.2019427555919595
-1.553750567479741
-1.8390458404515393
-1.6020139613896272
-1.7532422595329173
-1.2417841855522327
-3.060683939080682
-1.58277289261554
-0.5253078671082426
-0.32264083882502576
-0.35574229511494815
-0.6533773142569022
0.1832174626558553
-0.19118232703351296
0.7751365919122652
1.8052339871681249
-0.01428261278192261
-0.3821561572137518
-0.6442129043167864
0.36481315448316676
1.0806726265055606
1.4399986074188718
1.8877825569825744
2.1210222533928507
-0.9890234956773116
-0.4834748205325701
1.2352602876461232
0.5220389803063058
-0.05294032312755367
-1.4310236459739778
-1.1152353797492527
-1.6465513689256217
-1.3972756416168801
-2.667043080617227
-3.803264493287337
-3.5712382181372844
-3.23820049975387
-3.830119629010279
-1.8004178317514883
-3.829215834086196
-4.288802358272591
-3.8409387338347547
-4.254303453955212
-4.827115567976216
-4.082129418924922
-4.064727071802429
-2.2151003250252685
-5.334494510802778
-2.943173943648911
-4.710068093844388
-3.444122539141258
-4.206511035315045
-3.750746395425869
-4.391671364582667
-3.7905878253861442
-4.192179672529489
-4.813688000114744
-3.688622614000149
-4.108984554647866
-4.574664504437433
-2.3120599324994044
-4.101650412389569
-2.940565480611917
-3.1878495913052585
-5.1584985914752695
-5.09255292575233
-5.4642186528357986
-3.707392707504516
-3.206002838388031
-4.065630866726512
-4.3075724517769585
-3.520887309688673
-4.369079386781083
-5.944229965410922
-2.945908006254813
-3.8842924217561077
-3.8339415133074968
-5.013179692167924
-5.139728497970902
-4.484472166028549
-5.346217410551339
-4.983253572108041
-5.833275916882269
-5.9741560854708045
-5.305472185666977
-3.7663411527001966
-3.6506114517216934
-5.530164318558738
-4.8110795370777515
-4.959006899422095
-3.4349581292011444
-1.4804707594985071
-0.9752590060848028
-2.9367435963146975
-2.2450264450851507
-2.099707545777802
-4.086392576846279
-3.847369081168967
-1.1624109519678234
-0.5677577601055114
-1.6316031597184697
-2.572154764632621
-0.03186898667164756
1.0797688315814773
-0.11506410455327465
-0.5750919023638084
-0.38858650454796306
0.747634908122147
1.3966449194975197
0.44266574672189757
2.485353838218022
2.698273098132669
1.4411823270335145
0.83191784769509
0.775136591912265
2.3989833841063537
2.5758830983579433
2.2364150326403163
-0.2591196093718498
0.058660273468273516
0.9408802796083418
0.06309900418708914
0.814331473805363
1.6889374129965753
0.3697228604717
1.1043524259984625
-0.12849167241474624
-1.7666698273943875
-1.5935919974400141
-2.362410840948014
-3.1690794978008907
-2.070118347448958
-2.7865946658929484
-3.2420223840510873
-2.5422286445727402
-1.6251728123842577
-1.3489163497836667
-0.25911960937184925
-0.822942886250196
-2.3260543735539203
-2.2964651752250766
-1.831711698193243
-2.0949818665565014
-1.6729652310244247
-1.9860194346432485
-1.8202757469471704
-2.3126268056924504
-0.6829665125857458
-0.0028466615358496428
-2.1526669172634083
-0.7505668731930448
-1.7420862329774032
-2.6412757665856006
-0.6840543342770603
-2.3668495716668287
-0.9494916920531754
-0.8106031400800395
-1.1152353797492527
-1.4556072403909628
-1.103799428503181
-1.8518565618914127
-2.4965737136998496
-2.1233873452707037
-2.5571768537798913
-2.5281545286440923
-1.1554137314405657
-2.1061378931120154
-3.3529764325797395
0.3562952926102284
-1.6738690259485085
-1.1398189741662375
-1.759335685136092
-0.5440779606126109
-1.9066462010588388
-0.9629192599146474
-1.4573119085038753
-1.8562952926102274
-0.11671879943763619
-0.3349805849951814
0.3091197203916588
0.41307654839305297
0.790651674312461
0.06661126214816715
0.48601943464324865
0.6014122138907152
-0.5740040806724925
1.4089846656676743
1.0345848759783063
-1.3645111070579947
0.16062548485427003
-1.3258830983579428
-0.6759692920584879
-1.2121949872233884
-0.8106031400800406
-0.46470472702820054
-0.7435696526657869
-0.42168796083788573
0.2833524063600321
1.6509262507181197
1.2792605236346535
-0.40291786733351753
-2.3378272465310306
-2.1855111266964253
-0.5317382144424545
-0.8302770285084922
-0.23363222003078143
-1.3788424698435486
-0.31773113283649146
-0.19118232703351246
0.15680360055705256
-1.413958220582522
-0.2260181530819274
-1.1328217536389786
-1.37060453266117
-1.0944736696294863
-2.67347342795144
-2.481625504492698
-2.477803620195481
-4.668369100807399
-4.738753497249151
-3.4180183033785947
-3.468369211827206
-3.8629638384432963
-3.4801420848043154
-1.3478285280923523
-1.750508196927015
-3.536923340587141
-3.577668565471497
-2.7572354190261126
-3.485955585716931
-4.3681755918570015
-2.6040155042674242
-2.3190571530266624
-1.3384068712953305
-1.8562952926102274
-2.813449801615891
-1.679211551591406
-1.6058358456868431
1.0261629120286946
0.6351602182478148
-1.9002158537246254
-1.2901434773854443
0.027079458524033678
0.8706714559640489
0.818153358102581
-0.4834748205325687
0.7311363559237355
0.6014122138907156
0.17023116841852348
-0.41634543519498773
-0.5080584149495528
0.2013410080930476
1.6116516939508911
0.704281220200794
0.3006018585187213
-0.6706267664155894
-1.3393106662194134
-2.3615070460239322
-2.5571768537798905
-3.4081029934782014
-3.5304929932529263
-3.349154548282521
-2.444959410762465
-3.728154417624284
-2.959335574116284
-3.5009037949240835
-4.163157347393694
-4.163157347393694
-3.537827135511223
-3.129238067840617
-3.223869136968316
-1.2245347333935444
-1.643942905888626
-2.0888884409533275
-0.5708287444424519
0.07743036697264238
-0.5965960584740788
0.21541512402169527
0.582642120386347
-0.4834748205325693
-0.5379845350094361
-0.7734957727256689
0.4057424061347563
-0.8662965741715489
-1.3319765239611177
-0.5543301922440409
-1.2487814060794915
-1.1923370720277044
-2.40542760713833
-3.12190392558232
-2.172083558834954
-0.7509037949240831
-0.4538856222037252
-2.221530672359482
-1.911988726701735
-1.0431962884231394
-0.877115678996025
-0.6407006463557089
-0.09946934727894707
-0.6100236263355491
-1.5464164252214445
-0.8616005965958284
-2.0331950068618183
-2.319057153026663
-2.226256351580782
-1.0100948321332175
0.42541629456320806
0.2625906962402653
-0.27636906153053764
-1.4797198595382284
-1.6665348836902107
-2.018246797654668
-1.4052563319423519
-1.903470864828798
-1.4374539933081916
-1.1489833841063515
-2.2757034651053094
-1.5528467725556578
-2.1711797639108705
-2.008274490713797
-1.2191922077506474
-0.1724122335291442
-0.9230778299543722
-2.92974637578744
-2.0873677996076463
-0.3990959830363004
-0.6307853364553151
0.988055851826913
-1.6679596271125643
-1.8384289940299423
-1.5318051377453314
-2.4746282839654405
0.26576603247030645
-0.3403231106380774
-0.371000130658237
-2.0331950068618183
-1.8820626066418535
-2.5791519851598794
-1.7163189189457766
-2.813449801615891
-3.378176873418321
-4.052203298865043
-3.568504155531382
-3.1860193236234404
-4.058633646199255
-3.1652576135036723
-1.6031976810042687
-2.029939995757647
-0.9096502620929008
-1.9209775638443936
-4.491469386555807
-4.331068224502627
-3.5530849710545125
-4.210949766033862
-4.611020971831527
-2.8231810847490504
-3.0317115871734357
-1.9538217732774095
-2.962590585220456
-3.2988036398339116
-3.8113495355059115
-2.5672450586440885
-1.6299484648341094
-0.07488575286196264
-2.045534753031973
-2.2680596965108744
-2.6383576772124657
-0.9618314382233315
-3.7472341374647913
-3.0129414936690666
-3.269214441505067
-1.5710000196384295
-2.5715082165654444
-2.90932158739871
-3.3819987577155373
-2.913710344888975
-3.4151002140054603
-2.175258895064993
-1.5971042554010937
-0.899398030461471
-1.101807811887782
-2.1131351136392733
-2.8047479129757207
-1.687296593809978
-2.1061378931120154
-1.6802993732827203
-2.175905443132171
-3.176076718328149
-2.6113496465257184
-0.6337034258284496
0.18257091458867947
-0.07870763715918017
-0.22919348931196604
-1.1624109519678218
0.05284677255565934
-1.3312256240008407
-2.8902145721633055
-3.87256952200755
-3.0897062642164816
-3.7820699635132073
-4.130055891103773
-2.362410840948015
-2.756668545833067
-2.8306992537745788
-0.20460989489498266
0.7317829039909134
-2.028285300873285
-1.4064400515569964
-0.07488575286196397
0.1568036005570534
1.7844722770483585
1.1365500873643017
-0.7365724321385283
-0.0007591469971243714
-1.641855391349901
-1.1984304976308806
-0.3103969905781965
0.8216656160636585
0.2892618051959742
-0.01627422939732004
-0.4990695778068973
-1.7581519655214506
-2.2687062445780515
-1.1811810454721923
-1.8317116981932435
-1.0051851261446845
-3.6506114517216943
-2.37475058711817
0.49136196028614626
0.5293731225646022
0.19173532452879388
-0.1516505234093775
-1.8199388252161333
-0.5810013011997501
-0.92689971425159
0.15037325322283918
0.18520907927125452
1.1638677443871879
1.119300635205612
1.0951880160583474
0.613656062137545
0.39430645488868454
-1.754330081224233
-0.5010611944222956
-1.8240976312443888
0.2727632529975642
0.15997893678709263
0.1874806205772122
-1.1521587203363926
-1.299469236259139
-2.4210223644126585
-4.812784205190665
-4.1418287640808815
-3.3819987577155373
-2.3056295851651916
-3.813516724918767
-4.641513965084457
-1.866804771098564
-3.4622757862240303
-0.7933536879213514
-0.5080584149495533
-0.5402560763153921
0.5899762626446432
-1.1978636244378342
-1.1972467780162386
-1.6819540681670815
-1.010094832133216
0.17722838894578255
0.8480794781624622
0.1134499126357002
-1.7118801882269632
-0.33115870069796277
2.8283341618967266
2.624242390191156
2.3763914063047675
0.6865989483877408
-1.3446531918623101
-0.933896934778848
-0.9928453799745274
-1.3220612140607246
-0.621179652891062
0.6485877861092857
-0.8978773891157912
-0.006948470523625849
-0.4105319342823717
-1.1709288138407612
-1.0030976116059591
-0.10589969461315984
0.6690125744980155
-0.12206132508053369
0.3214594665618139
-0.6272730784942382
-0.31881895452780723
0.7537283337253216
1.5613007855022802
1.3061156593575958
1.228263067118866
0.8802771395283011
0.43032600055174125
1.358633757219064
1.1166921721686185
1.7086113014250275
0.4687699824845606
-1.417780104879741
-0.14664491949751773
-1.9951838445833623
-1.4010975259140968
-0.9670780659429019
-1.005185126144684
1.000395597997069
0.48402781802785116
1.496442941470658
2.274426194918772
3.7029401010879393
2.963710455908783
1.222920541475969
1.0571768537798922
2.333941513307498
1.104352425998462
-0.09747773066354892
2.232593148343099
-0.31621049149081165
2.4853538382180216
1.0314095397482663
-1.0830377183834137
-0.44745527486951153
1.0106478296284993
-2.5507465064456785
-1.8495280235449774
-1.2748856418421541
-1.4705554495981132
-2.7464163142016362
-2.435353727198211
-1.9040377380218434
-2.124907986616383
-2.3615070460239322
-0.8765488058029784
-0.39710436642090086
-1.3354887819221959
-0.4512771591667296
1.090021063212908
-0.6276100002252752
-1.7839192795530772
-1.636945685361368
-1.9104680853560563
-1.0932899500148436
-0.9740752864701605
-2.0401922273890767
-1.9200737689203096
-1.6568036005570512
-1.095377464553569
-2.2100947211134083
-1.3765139314971127
-0.29314753841950836
-0.020096113694538176
0.8062464315867894
-0.4822911009179275
-0.3226408388250248
0.08386071430685649
0.5899762626446426
0.20397917277562316
0.28335240636003145
-0.442112749226616
0.5220389803063057
-1.693726941144192
-1.856295292610228
0.03025479475407339
0.8822687561436993
0.3471308826701146
-0.17884258086335747
-1.3715083275852533
-0.2122536634894189
-1.7297464868072487
-0.7002159647444348
-2.251456792419363
-0.3955837250752215
-2.3120599324994044
-3.0199387141963263
-2.575330100862663
-1.0288649256375855
-2.115743576676269
-1.2695431161992572
-0.6062017420383314
-0.36108482075784537
-0.9998426005017866
-1.3446531918623104
-2.4959568672782533
-1.4186838998038227
-1.8571990875343114
-2.198938694557896
-1.0326868099348037
-1.3147270718024302
-1.3580807597237818
-1.1869945463848077
-0.5892619162157818
-1.321157419136642
-1.1885151877304867
-3.41510021400546
-3.5234957727256684
-2.019767439000348
-2.667043080617227
-1.1955124082577455
-0.03796241227482272
-1.3580807597237823
-1.9907451138645489
-2.4522935530207612
-2.1618313272035232
-3.140057172665091
-3.63444982125432
-2.0853761829922473
-1.9426657467218944
-1.7657660324703044
-1.814933221304273
-0.7971755722185692
0.11344991263570026
-0.32307365847938907
-1.2541239317223885
-0.5718368912596357
-2.362410840948015
-1.24712671119513
0.9758120035800837
-0.03504432290168907
-0.9392394604217458
-2.2154372467563066
-2.5844945108027773
-2.7674876506575434
-2.6032646043071455
-1.6841212575799385
-2.5791519851598803
-1.3220612140607257
-1.0100948321332173
-1.9907451138645476
-2.587669847032817
-3.4678023386341597
-3.8945446533875376
-2.5373189385842077
-1.5349804739753725
-1.269543116199258
-2.112568240446228
-2.5753301008626623
-3.3459792120524816
-2.283654453785202
-3.638271705551538
-3.7663411527001975
-3.3026255241311278
-2.9769219480060105
-2.3398188631464287
-2.920140692223187
-2.53197641294131
-2.9297463757874396
-2.6374538822883826
-2.870693578698659
-3.2305864328050147
-2.4713732728612694
-2.173738253719314
-1.7409025133627607
-2.471373272861269
-1.809119720391658
-2.660045860089969
-3.3916044412797905
-2.308804921395233
-3.294981755536693
-2.7897700021229888
-2.9405654806119146
-2.9141516185131118
-3.790587825386143
-1.6876335155410156
-2.4614579629608753
-2.041712868734756
-2.457945704999797
-3.7229874647788437
-2.767487650657543
-2.109959777409231
-2.926234117826361
-3.651699273413008
-4.83354591531043
-4.71355305641057
-4.199176893056753
-3.2124331857222432
-3.760998627057301
-4.3122981309982595
-5.6385099040503945
-4.849707545777802
-3.624844137690067
-3.9604903191104763
-2.471710194592306
-2.83694557434156
-4.046860773222144
-4.683963858081725
-1.9005527754556644
-3.076278696355011
-3.36322866421117
-3.4488482183625595
-3.522878926304072
-3.3287297598937924
-3.28537607197244
-4.702117105164497
-3.8275111659732843
-3.6506114517216948
-3.9674875396377356
-3.7176449391359485
-2.399334181535156
-2.028285300873286
-2.482529299416783
-2.281045990748207
-0.8372742490357501
-2.6084315571525845
-3.2815541876752228
-4.123625543769559
-3.1266296048036217
-4.823940231746175
-3.5642409976100256
-3.7718177318817765
-4.30757245177696
-3.128334272916533
-3.2800335463295434
-3.6869679191157885
-3.242022384051088
-1.9623396351503466
-3.9974136596976146
-3.5903452333726906
-2.1810723959776093
-3.012941493669066
-3.1238955421977184
-1.6216878498180773
-1.6573704737500967
-1.6009261396983117
-3.196838428447916
-2.8665347726704034
-2.3677533665909127
-3.0993119477807345
-2.2358620351450345
-3.5486462403356978
-4.697391425943197
-4.301142104442746
-2.485137762453777
-3.2124331857222432
-3.6478773891157914
-0.9925084582434918
-2.0401922273890767
-0.13548889294200483
-0.26464616178197964
-1.231531953920802
-0.9494916920531767
-0.5194943661956266
-0.4946308470880836
-0.3053913866663368
-1.4095194898637087
-0.14782863911216007
0.2967799742215026
-1.288959757770803
-0.23363222003078288
-0.07597357455327902
-0.4369457963811765
0.22274926627999114
0.6137519600608697
-0.013098893167280468
0.2956921525301877
-0.17032471899041965
0.1568036005570514
-0.4255098451351037
-1.138164279281876
-1.467380113368074
-1.9382270160030826
-0.783748004357099
-0.664196419081378
-2.015608632972092
-0.7531753362300407
0.4924497819774616
-0.5555139118586829
0.07100001963842961
0.6743551001409116
0.11662524886574027
1.2754386393374357
1.3430389999447356
0.1825709145886791
0.8700249078968716
0.15798732017169426
0.6485877861092852
0.6743551001409123
1.501785467113555
1.4411823270335133
0.4110849317776539
2.753966532224177
2.0337480043571
2.2413247386288497
2.553291120556358
1.9441225391412602
1.5521363755621653
1.6406740190866904
3.0969468559028814
2.383725548563063
1.5923147272534772
1.605742295114948
0.8872743600555595
0.09085793483411364
1.5697227494518917
1.4593355741162846
0.1085402066471664
0.27310017472860154
1.5881559212252223
2.724377333895332
1.4953551197793413
2.845920535786452
2.2003954869772593
1.4399986074188713
1.5665474132218502
1.5387088077006945
1.1107827733326743
1.3793954673388298
1.7484527313853009
1.3532912315761665
0.7472979863911087
1.706619684809628
1.377874825993151
0.9704694779371865
0.4008327001462235
-0.4453677603307869
-0.7446574743571026
0.5653926682276579
-1.0792158340861961
-1.7903496268872892
-1.7399987184386787
-0.9371519458830204
0.9306280479769122
-0.03677869266018158
-0.17566724463331618
-1.358080759723782
0.9236308274496534
-1.5710000196384295
-1.983410971606253
0.780142195824125
0.2071545090056629
-1.1831726620875909
-0.6776239869428483
-0.4266935647497462
-0.6636295458883317
0.2154151240216946
1.4850069902245848
1.2739179979917565
0.5166964546634083
1.7876476132783987
0.6154066549452324
1.4396616856878337
-0.43511552869935705
1.6406740190866897
-0.15689715112894834
-0.08712960110879261
1.021157308116835
1.3184554055277513
0.026742536792994542
1.3568034895372445
-0.5118802992467711
1.5366212931619696
1.8052339871681256
2.4197450942261205
2.402158720336394
2.9598885716115655
4.6290806683424055
2.021328583312813
1.277430255952835
2.6376699580526277
2.1066908906072968
1.0829441678115184
1.5697227494518917
1.498610130883514
0.6298176926049174
1.7618802992467733
2.4739178869719485
1.263098893167281
1.7742200454169281
0.1380335070526844
1.1146046576298927
0.2039791727756225
2.3403718606417114
0.8181533581025809
-0.14465330288211897
-1.4363661716168759
-1.614353707559782
-1.70072416167145
-1.4808076812295443
-2.421926159336741
-1.2974776196437412
-0.11932726247463121
-0.2046098948949836
-0.7283118171224972
-1.7098885716115657
-1.9591642989203073
-2.0627842051906633
-1.702891351084308
-3.1825070656623624
-0.9998426005017875
-2.457945704999798
-3.077799337700691
-3.370091831199747
-2.782435859864694
-3.6098662268373367
-2.9765850262749733
-1.5484080418368438
-2.074557078167773
-3.1464875199993054
-2.003268886801937
-0.833761991074672
-2.5909248581369897
-2.9459080062548137
-3.474799559161419
-3.0993119477807354
-1.4508815611696626
-2.53197641294131
-2.030586543824823
-3.444122539141258
-1.8562952926102279
-2.2441226501610667
-2.385002818749601
-1.9362353993876824
-2.9154150130018857
-1.335488781922196
-2.3554136204207574
-2.106137893112015
-1.3220612140607257
-1.249118327810529
-2.9941714001646997
-3.2531784106066017
-2.2112784407280515
-2.7935918864202076
-2.3677533665909123
-1.7118801882269625
-1.517731021816684
-2.022942775230389
-1.4673801133680733
-0.9000445785286486
-1.2787075261393732
-1.2748856418421552
-1.4878049017568027
-2.1989386945578957
-1.852473408313011
-2.5619025330011915
-1.256115548337787
-2.6804706484786993
-3.070289622644937
-1.627781275421253
-2.9903495158674818
-3.35297643257974
-3.6072577638003414
-3.359406779913953
-1.7976837691455856
-2.9373901443818755
-1.8632925131374867
-2.009515207368917
-1.0792158340861968
-1.3316668976249793
-2.399951027956752
-2.4165836336938438
-2.9453411330617674
-1.9254162945632074
-1.723316139473036
-2.160927532279441
-2.4561154373179788
-2.5844945108027777
-3.6037728012341605
-4.854433224999103
-4.029611321063455
-2.3243996786695598
-2.235862035145035
-3.3061377820922067
-2.386523460095281
-2.823518006480088
-0.8701184584687669
-1.6606254848542692
-0.049118438830336564
-0.18176067023649195
0.4490960940561091
0.830830026003773
1.5665474132218504
0.9440556158383824
0.5672229359094776
-0.8501349437041755
-0.15108365021633163
-0.9081296207472214
-0.23835789925208295
0.7885641597737358
0.28652774259007263
-0.11090529852502062
1.1435473078915595
0.2677576490857044
-1.1263914063047666
-1.378842469843549
-1.2787075261393723
-0.2582158144477664
-0.333150317313361
0.7687062445780526
-0.5712700180665902
0.7215306723594822
0.5396253541960323
1.338033396032876
1.0100012815613217
0.652409670406503
0.5879846460292442
0.7763203115269071
-1.5586602734682744
-2.27570346510531
-1.8310948517716465
-1.3960919220022376
-1.7724833283070043
-1.7286586651159324
-1.4620375877251761
-1.2487814060794908
-1.8840542232572526
-1.929238178860425
-1.5779972401656872
-1.3876699580526255
0.29569215253018744
-0.856690890607295
-0.9494916920531767
-0.5048830787195131
0.9210223644126592
0.49627166627467983
0.2174067406370942
-2.27570346510531
-2.727079347504224
-3.089706264216482
-2.5979220786642485
-1.345741013553627
-1.5173941000856468
-0.7397477683685694
-1.2561155483377868
-0.44427993863947274
-1.6316031597184708
-0.6878762185742795
-0.9928453799745292
-1.3817605592166833
-1.5967673336700559
-0.8475264806671806
-0.9825931483430983
-1.427201761676761
-2.435353727198212
-0.9564889125804348
-1.9231447532572497
0.0774303669726425
-0.6138455106327673
-2.698057022368425
-1.2860416683976688
0.08768259860407329
-2.1925083472236833
-3.158827266169461
-2.3952550503810324
-3.511722899748558
-3.034012830124973
-2.3120599324994036
-2.6166921721686167
-3.3647493055568507
-3.2124331857222446
-2.5545683907428955
-1.228356617690762
-1.4969693116969183
-2.002181065110622
-3.6075946855313794
-4.029611321063457
-3.4413884765353573
-2.945004211330731
-3.438780013498364
-4.089310666219414
-3.5642409976100264
-3.893456831696223
-3.7417575582832137
-4.727317546003078
-5.720491600671798
-5.518391445581628
-5.1350028187496015
-5.879238067840617
-3.324004080672492
-4.112806438945083
-3.949334292554965
-3.972830065280631
-3.208611301425027
-3.298803639833912
-1.9327504368215032
-2.70722143230854
-4.42159748464255
-4.578176762398513
-3.3265625704809367
-4.378685070345337
-5.149334181535156
-2.714218652835799
-4.149729779532223
-4.285884268899457
-4.285884268899457
-2.6508814501498557
-2.0888884409533275
-2.8000222337544187
-3.2385374214849065
-3.083612838613306
-2.6954485593314295
-3.0735446337491084
-2.5742422791713464
-3.0221059036091824
-2.33816416826207
-2.661700554974331
-3.7733383732274564
-2.7779971291458803
-4.008849610943689
-3.3755684103813266
-5.6111922470275095
-3.4151002140054603
-5.6229651200046185
-5.504963877720157
-4.519874865270009
-5.449270443628647
-4.344495792364099
-3.621022253392849
-4.398668585109928
-3.561506935004125
-4.265122558779691
-3.888114306053326
-3.42687308698257
-5.5617451335029795
-5.110706172835105
-4.2109497660338615
-3.189841207920658
-3.3357269804210516
-2.9271379127504455
-3.059780144156601
-2.9734096900449316
-2.1629191488948396
-1.9426657467218948
-1.7666698273943875
-3.0858843799192632
-3.096703484743739
-3.158260392976415
-2.5844945108027773
-2.4704694779371854
-2.091806530326461
-1.9764137510789948
-1.2004221142462783
-1.5575724517769582
-1.8970405174945855
-2.268706244578052
-1.0358621461648438
-2.1667410331920562
-2.172083558834954
-1.679395578358637
-0.31238860719359507
-2.1313383339505956
-3.103133832077952
-3.146487519999305
-1.5806057032026826
-1.9968385394677237
-2.830699253774579
-2.421022364412657
-2.6321113566454857
-1.4547034454668795
-0.7681532470827717
-0.7247995591614187
-0.5596727178869381
-0.6138455106327667
-0.4700472526710981
-0.7505668731930446
-0.939239460421745
-2.0021810651106207
-0.7499999999999992
-0.05294032312755387
-1.867114397434704
-0.17884258086335725
-2.1533134653305863
-0.03886620719890649
-1.2417841855522327
-1.437453993308193
-2.1855111266964258
-0.6346072207525341
-0.8121237814257218
-0.8993980304614716
-2.9007240506516414
-4.8968831179963725
-4.9826866989149945
-4.8136880001147455
-5.518391445581626
-6.101321737695379
-5.518391445581627
-4.0703565459478135
-1.6196962332026794
-1.6535485894528796
-2.8477646791660356
-1.431023645973979
-1.7098885716115646
-1.5349804739753736
-1.600926139698312
-1.7892618051959746
-1.9292381788604247
-2.5545683907428955
-2.703062626280284
-1.984931612951933
-3.261129399286494
-2.696065405753026
-4.010841227559087
-2.1494915810333683
-2.684292532775916
-3.053686718553424
-1.7708286334226435
-1.1471531164245334
-1.8100235153157413
-2.1494915810333683
-2.4943021723938927
-2.5619025330011915
-1.4298399263593362
-1.3864862384379837
-1.6246059391912127
-1.6031976810042678
-0.4453677603307866
-0.023351124798710154
-0.5183106465809837
-0.8261978973543687
-2.2687062445780515
-3.856533491109083
-2.596267383779887
-2.7072214323085397
-2.214533451832224
-2.543749285918421
-2.1195654609734866
-2.937390144381876
-2.549225865099998
-3.530492993252928
-1.8770570027299947
-3.056295181590421
-3.7042173712744773
-2.6504401765257155
-3.4441225391412607
-2.215100325025269
-1.618175591857001
-0.8437045963699643
-0.8609540485286522
-3.0167633779662846
-3.285376071972441
-3.108813279451887
-2.5829441678115184
-2.9324804383933425
-5.584337111304566
-3.475703354085501
-4.166979231690911
-3.960490319110478
-2.6884513388041715
-3.4982953318870886
-1.3992672582322794
-1.2813159891763692
-1.8603744237643527
-2.764569561284408
-1.9869232295673318
-1.8170207358430004
-2.254632128649404
-0.43402770700804194
-0.6173577685938455
-1.1451614998091355
-1.8530402815060558
-0.34840815285665167
-1.3654149019820774
-1.2851378734735857
-1.8562952926102285
-0.16389437165620696
-1.3820178060735904
-0.2951391550349063
0.13604189043728498
-0.21486212652641445
-0.2087687009232393
-1.4846295655267625
-1.7459081172746225
-1.527646331717078
-2.9326644651605744
-2.1061378931120154
-1.8407005353359007
-1.8632925131374867
-1.5882494717971178
-1.7147982776000985
-0.7538218842972175
-1.8065112573546631
-0.17184536033609954
-1.3619026440210007
-0.6996490915513891
-0.961831438223332
-2.0392884324649936
-2.015608632972093
-1.527646331717077
-2.5580806487039736
-1.3871030848595798
-1.6802993732827212
-0.6008592163954349
-1.4550403671979184
-0.8991407836045651
-0.4577075065009437
-1.2057646398891768
-1.1317339319476651
-0.5010611944222961
-1.0792158340861966
-0.8229428862501967
-1.5238244474198597
-1.2851378734735865
-1.1378273575508389
-1.1747506981379794
-1.3688998645482582
-0.1880069908034716
-1.4486100198637053
-3.2177757113651406
-2.8729651200046176
-1.4202045411495035
-2.5393105551996062
-2.7125639579514367
-3.023760598493544
-1.6928231462201087
-1.1340054732536213
-1.0062729478360004
-1.0830377183834137
-1.195512408257746
-2.149491581033368
-1.208939976119217
-1.2857047466666305
-1.0170920526604759
-1.4374539933081922
-0.9564889125804343
-1.2356907599490576
-0.27636906153053775
-1.0186126940061548
-0.38476462025074554
0.35629529261022885
0.39014764886042874
-0.43402770700804183
-1.322061214060726
0.08125225126985923
-1.165923209928902
-0.27471436664617793
1.6755098451351031
1.3606253738344614
0.904860733945285
-0.9978509838863888
-0.12206132508053305
0.9950530723541706
0.7472979863911089
0.10428550269558451
0.030254794754073056
-0.5236531722238809
-1.0422924934990574
-1.2643761633538193
-1.8562952926102283
-0.8765488058029798
-1.7109763933028803
-1.527983253448115
-1.6627129993929946
-0.2313606787248253
-0.08131610019617641
0.32636917255034703
0.6259958083076993
-0.7499999999999997
-0.5505083079468234
0.25551380083887504
-1.132821753638979
-1.8691060140501015
-2.153313465330585
-2.579151985159879
-1.6411044913896229
-1.1996712142860002
-2.445605958829643
-1.4846295655267614
-1.8932186331973682
-1.0850293349988118
-1.0534485200545696
0.8946085023138555
2.08409891280571
0.23999871843867976
2.528707526139373
2.393640858463456
2.3699610589705546
2.182809113087534
2.279768720561669
3.6285724714153886
2.611902644021
1.6705042412232447
-0.06254600669180777
1.1869009958129118
0.11662524886574022
0.6555850066365433
0.8626907656385753
1.280348345325969
1.548961039332125
1.3392171156475179
-0.3595641794121647
-0.20143455866494286
0.4962716662746799
1.12312251950283
0.06309900418708794
-1.8744485396929997
-0.31773113283649224
-0.4538856222037251
-1.9228078315262112
-0.6553689308723003
-0.7509037949240831
-0.0945596412904145
0.3164538626499547
1.3134498016158915
0.613751960060871
-1.2552117534137035
-0.09946934727894785
0.31937195202308766
-0.3680820412851026
-2.022942775230389
-0.2046098948949835
-1.0584541239664302
-1.0416756470774606
-1.1091419541460774
-2.677295312248658
-3.4522075813598336
-3.5706713449442393
-2.5185488450798386
-2.210094721113408
-3.6327951263699605
-4.382506954642555
-3.27194850411097
-3.294981755536693
-4.003507085300792
-3.232857974110973
-1.381760559216684
-2.976585026274972
-1.3314096507680726
0.5392884324649945
0.25050819692701526
-0.9268997142515891
-1.2118580654923503
-1.631603159718471
-0.9790808903820202
-2.4848008407227398
-2.217708788062264
-1.5774303669726422
-3.0785502376609677
-1.4846295655267625
-1.913076548393052
-0.23562383664618025
-1.219192207750647
-1.9464876310191146
-1.3211574191366418
-2.459033526691113
-1.4437003138751725
0.055484937238233
1.017645050155756
0.044328910682720324
-0.0872254990321179
-0.09247212675168909
-0.8021811761304292
0.3996489805315816
0.8688411882822284
-0.8953188993073476
0.34713088267011377
-0.4009262507181194
1.858839906720908
-0.3519204108177306
-0.08131610019617674
-1.1697450942261192
-2.428356506670953
-1.8015056534428024
-0.03186898667164842
-0.1519874451404153
-1.2759734635334703
-0.7499999999999994
0.8946085023138549
-0.0748857528619633
0.828221562966778
1.5498648342562076
-0.43194019246931725
0.7958983020320318
-0.5836097642367455
-0.2754652666064551
1.0023872146124657
0.9851377624537783
1.6736795774532855
1.9737117374701048
1.4760181530819287
2.4627618604164354
2.8878494802854515
1.4791934893119687
1.59349844686812
1.8278259649697102
1.9151002140054616
2.0234957727256684
2.0595153183887263
0.7713147076150477
-0.06344980161589098
0.7053690418921088
0.6620153539707564
0.5879846460292444
-0.6878762185742784
-0.3906740190866884
0.6609275322794413
-1.0760404978561553
-0.38215615721375035
0.2657660324703062
0.03407667905129097
-0.7028244277814283
0.29768376914558625
0.22974648680724896
-0.41435381857958964
-0.873293794698807
-1.1082381592219948
-1.5464164252214456
-1.1471531164245323
-1.1697450942261185
-1.9588273771892686
-0.7971755722185692
-1.4878049017568022
-1.8932186331973684
-1.23535383821802
-1.6235181174998963
-1.2057646398891757
-0.8528690063100774
-1.3334971653067977
0.030254794754072778
0.08768259860407401
-2.308804921395232
-1.309384546159532
-2.44235094772547
-2.2349582402209527
-2.3190571530266637
-1.3817605592166835
-1.9265041162545224
-1.019700515697471
-2.1052340981879323
-1.1984304976308802
-2.0762117730521332
-0.8701184584687665
-1.0036644847990042
-0.5355600987396729
0.5653926682276584
-1.7045460459686677
-1.6615292797783523
-1.4846295655267618
-1.9860194346432483
-1.96724934113888
-2.185511126696425
-2.202760578855113
-1.8364373774145437
-2.25527867671658
-2.4933983774698087
-1.7543300812242322
-2.1249079866163836
-0.9134721463901198
-1.9066462010588396
-1.8138453996129589
-1.3600723763391813
-0.952667028283217
-2.015608632972092
-0.7365724321385295
-1.545232705606804
-2.4605541680367935
-2.531976412941311
-2.5303217180569497
-3.302625524131128
-2.1491546593023303
-1.8744485396929997
-2.471373272861269
-1.4383577882322753
-1.1697450942261196
-0.09412682163605068
0.7349582402209521
-0.9360641241917058
0.21097639330287954
-0.809515318388727
-0.16659873261652924
-0.5444148823436494
-0.9752590060848041
-0.16859034923192712
1.4706756274390294
-0.33849284295626025
-0.0748857528619648
0.6259958083076985
-1.0501935089503998
0.6259958083076977
0.11879243827859559
-0.49690238839404155
-1.115235379749254
-0.6706267664155909
-1.0760404978561566
1.8362479289193194
0.5408090738106721
1.3134498016158895
0.7422923824792484
1.100530541701243
2.6154149019820765
3.393061233699154
2.217644939135947
0.9666475936399683
0.5692145525248755
-0.32416148017070595
-0.20143455866494392
0.26958791676752175
-1.789261805195975
-1.2261894282779058
-0.35574229511494915
0.9605541680367926
0.894608502313855
0.48402781802784955
0.022920652495775518
-2.050444459020507
-1.713710455908784
-0.561664334502338
-2.135160218247814
-1.9400572836849013
-0.9307215985488093
0.3213635686384853
0.5466225747232892
-1.0358621461648447
-2.367753366590915
-3.0199387141963263
-1.760239480060178
-1.06044574058183
-2.198938694557897
-2.2215306723594828
-2.1494915810333692
-2.179080779362213
-1.3141601986093845
-1.1205779053921516
-1.4438843406424053
-2.019430517269311
-2.4456059588296433
-1.0400209521931
-0.5596727178869396
-2.850036220471994
-2.7566685458330675
-2.069214552524875
-3.6028690063100783
-2.8306992537745796
-1.5206491111898182
-1.2491183278105291
-1.0062729478359995
-2.40225227090829
-2.134543371826217
-2.149491581033367
-1.4186838998038231
-0.11671879943763674
-0.6149333323240823
0.41198872670173675
-0.1562506030617719
0.6485877861092846
0.5354665481677765
0.12687748049716968
-0.1654150130018856
-1.0727854867519835
-0.2652130349750247
1.2856908709688661
0.3059443841616176
-1.0485388140660372
-1.846946855902881
-0.7151641739515855
-1.7740039696526844
-1.3911822160137046
-0.7766711089557092
1.3152800692977105
-1.0186126940061555
-2.4643760523340097
-1.590107034873835
-2.575330100862662
-2.3416491308282485
-2.9373901443818755
-2.477803620195482
-1.2541239317223893
-2.773917997991756
-2.364682382253972
-0.32472835336375083
-1.1317339319476636
-1.5085666118765695
-2.3955122972379375
-2.5507465064456776
-3.042530691997911
-3.4349581292011435
-2.607527762228501
-3.0463525762951287
-3.6280194739201073
-1.7666698273943875
-3.3717465260841073
-2.192508347223683
-2.953242148513109
-0.9600011705415115
-2.975834126314695
-1.0463716246531802
-1.2335235705362007
-2.052531973559232
-2.7537504564599327
-2.4787074151195654
-2.5724120114895284
-2.9704916006717985
-3.7663411527001975
-2.3243996786695598
-1.8122950566216982
-3.65794559397999
-2.682637837891555
-3.084229685034903
-2.895557097806202
-2.731468104994486
-2.893726830124384
-2.5641740743071484
-1.6872965938099789
-2.9631574584135016
-2.367753366590912
-1.8498649452760154
-2.1957633583278553
-4.148825984608139
-3.833941513307497
-3.195183733563556
-2.670298091721399
-1.12574485823759
-2.3152352687294453
-2.3260543735539203
-2.2622758972438386
-3.27194850411097
-3.34432451716812
-3.534651799281182
-3.9470627512490046
-4.665193764577357
-2.4717101945923066
-3.6816253934728906
-3.6436142311944355
-4.058633646199254
-5.1467257184981605
-5.160153286359631
-3.1878495913052585
-4.4844721660285485
-4.756906744331921
-3.9133147468919054
-4.9698260042465705
-4.232924897413849
-4.849707545777802
-5.153156065832373
-4.910310685857843
-3.0182840193119644
-2.069214552524875
-2.586766052108734
-2.58415758907174
-1.3188858778306853
-3.172254834030932
-3.182507065662362
-1.5897701131427975
-3.1690794978008907
-2.9100724873589887
-2.4590335266911127
-2.6837256595828705
-1.6111783713297412
-2.6504401765257155
-3.2902857779609738
-2.592579553021352
-2.119565460973486
-2.706884510577503
-2.424197700642699
-1.4980571333882327
-0.753821884297218
-1.7769220590258186
-1.0894680657176263
-1.0288649256375857
-1.1398189741662381
-1.647197916992798
-0.8159456657229375
-0.6706267664155897
-2.7566685458330666
-2.421022364412657
-1.4846295655267607
-2.026764659527606
-2.6547033344470723
-2.7528466615358496
-2.962253663489419
-2.690722880110129
-1.8759691810386798
-2.6339416243273046
-2.500395597997068
-0.22219626878471
-1.1328217536389793
-0.7815808149442425
-0.7799261200598806
-1.0361990678958806
-0.8340989128057101
0.6485877861092846
0.8254875003608755
-1.9971754611987615
-1.611178371329741
-0.09946934727894796
0.03208506243589193
-1.0186126940061548
-2.173738253719315
-1.984931612951933
-2.192508347223683
-2.1319052071436424
-1.7909165000803355
-2.879962340531874
-3.23820049975387
-4.3444957923641
-3.349154548282522
-2.544653080842502
-3.249356526309383
-4.0506826575193635
-4.7273175460030785
-4.163157347393694
-2.1870317680421048
-3.9792604126148454
-2.4471266001753222
-3.085884379919265
-3.142665635702088
-3.674291251214597
-2.7974137707174256
-3.625460984111665
-2.8070194542816793
-4.245448670351239
-3.5416490198084407
-2.537318938584207
-2.4172004801154405
-1.8202757469471713
-2.232686698914995
-1.9951838445833632
-1.7651491860487094
-2.706884510577502
-1.5897701131427975
-0.9890234956773107
-2.677295312248658
-2.6043524259984614
-2.1023160088147987
-1.3683329913552127
-2.7191283588243307
-2.0401922273890762
-1.7903496268872892
-3.8699610589705546
-3.9171366311891247
-4.1423956372739275
-3.920311967419165
-2.4245346223737365
-2.4965737136998496
-4.088222844528099
-3.747234137464792
-5.269452640003924
-5.031332939250694
-3.3513217376953786
-5.262118497745626
-4.142732559004965
-4.910310685857843
-4.112806438945084
-3.408102993478203
-4.411529279778353
-3.674291251214595
-3.2124331857222432
-4.41852650030561
-3.182507065662362
-3.133059952137834
-3.523495772725669
-3.048961039332124
-3.797018172720357
-3.833037718383414
-3.66347214639012
-3.1353314934437915
-2.673473427951441
-1.010094832133217
-0.840192338408885
-0.6100236263355484
-0.5552339871681236
-2.112568240446228
-2.2016727571637973
-1.139818974166237
-0.18266446516057477
-2.4300112015553146
-2.732988746340166
-0.6668048821183719
-1.6481017119168806
-2.24502644508515
-0.18736044273629443
-0.379679341464754
-1.7010610834024869
-2.399334181535155
-1.0830377183834137
-1.6207840548939947
-2.1855111266964244
-1.690551604914151
-2.8638007100645013
-1.3542588754265648
-0.6544651359482163
-1.0186126940061548
-0.8191210019529784
-1.5636658773801342
-1.6568036005570521
-0.6717145881069055
-0.6571991985541199
-0.5253078671082428
-2.699887290050244
-3.018284019311965
-2.0765486947831713
-0.7263202005070981
-0.5648396707323768
-1.7163189189457775
-2.1313383339505965
-3.0623886071935953
-2.3758384088094866
-2.180168601053528
-2.5636072011141033
-2.598538925085845
-2.440263433186745
-2.1823357904663845
-2.6034486310743783
-2.5384067602755223
-2.8541950265002485
-1.7297464868072479
-0.39819218811221724
-3.442601897795579
-2.5549053124739327
-1.795692152530187
-1.5710000196384297
-0.7489121783086841
-0.10481187292184435
-0.17393287487482356
-2.0191208909331704
-1.2315319539208027
-0.9268997142515905
-0.47846921662071007
-1.3182393297635078
-2.6105987465654414
-0.7681532470827714
-1.5053912756465277
-1.640121021591408
-3.979260412614845
-2.1893330109936424
-1.4658594720223932
-1.3086336461992545
-2.1153023030521303
-1.7253077560884336
-0.16859034923192667
-2.196667153251938
-0.6952103608325747
-0.11823944078331605
0.7789584762094829
0.7514567924193647
-0.3476572528963733
-0.22919348931196798
0.624907986616384
0.1606254848542698
1.6003997694720504
0.7387801245181707
1.1537995395229892
1.761880299246773
2.1634721463901205
1.9264402673282066
3.0504178317514876
1.5831503173133623
0.44148202710725426
-0.183001386891612
-0.03886620719890649
0.29034962688729066
-0.03186898667164839
2.620420505893939
0.5446309581078925
0.5478062943379329
1.8465960584740793
1.5129414936690684
0.3397967404118173
0.9408802796083415
1.0399274016212021
2.7313745544225907
1.7220388692864974
0.5220389803063054
1.931782792971104
1.336041779417478
0.7958983020320314
1.0571768537798913
-0.20724805957755904
-0.499069577806896
-0.43312391208395834
-1.2819625372435448
-2.109959777409234
-0.7611560265555124
0.8480794781624623
0.7709777858840103
0.35629529261022874
-1.2089399761192168
-0.4216879608378867
0.4529179783533275
0.15146107491415517
0.151461074914155
0.9098663378571459
1.222920541475969
1.895763247308047
1.0817604481968761
1.294679708111524
1.0437492859184203
-0.3879399564807864
0.22974648680724927
0.329544508780388
0.5580585259693632
-1.1037994285031805
0.10111016646554472
-0.3349805849951793
-1.2883132097036252
0.19754882544141056
-1.846043060978797
-1.541410821309585
-0.5344722770483579
-2.3914331660838135
-1.9104680853560572
-1.527646331717077
-1.6143537075597825
-2.1233873452707037
-0.8229428862501971
0.3697228604716991
0.058660273468274404
-1.2283566176907623
-1.8026893730574458
-2.6242103411941455
-2.2273441732720984
-2.8163678909890253
-2.6216018781571493
-0.88997637366445
-0.7104681963758648
-1.824097631244389
-0.6030264058082916
-2.225352556656699
-0.13548889294200528
-0.9928453799745298
-0.28398312847939466
-0.86629657417155
-0.6035932790013367
-2.2027605788551146
-1.3619026440210007
-1.8413470834030776
-1.727138023770254
-1.5153065855469217
-1.6070195653014858
-0.4700472526710992
-1.6246059391912133
-1.5522299261340617
-1.6020139613896278
-0.6346072207525353
-0.21259058522045737
-1.339310666219414
-2.684292532775916
-1.8788872704118142
-2.6473691921887776
-2.6826378378915554
-1.7214858717912171
-2.3340053622338126
-2.4520363061638557
-2.1484037593420533
-2.8902145721633046
-3.999685201003574
-2.4456059588296424
-1.587036050536896
-1.6503732532228392
-0.8692146635446842
-2.836041779417477
-3.2988036398339116
-3.09197780552244
-3.906884399557695
-3.298803639833911
-3.2666059784680717
-2.646618292228498
-2.5571768537798913
-1.707154509005664
-1.8632925131374862
-1.1302132906019846
-2.464039130602974
-2.9262341178263633
-3.4613719912999485
-2.750238198498856
-2.0487897641361466
-2.040192227389077
-1.05845412396643
-0.8331951178816264
-3.36474930555685
-1.983410971606254
-2.2279610196936943
-2.081554298695031
-2.537318938584207
-2.065392668227658
-1.8337033148086417
-2.7636657663603255
-3.4081029934782032
-1.5399860778872334
-2.8369455743415597
-3.2681266198137537
-3.3647493055568516
-3.285376071972441
-4.491469386555809
-3.57384668117428
-3.0498648342562076
-2.125244908347422
-2.418104275039523
-1.98601943464325
-1.529166973062758
-1.1820848403962758
-1.7306502817313318
-1.7666698273943888
-2.022942775230389
-2.7989344120631046
-3.2186795062892246
-1.0903718606417105
-2.0627842051906637
-2.861192247027507
-2.6403719716615175
-2.640938844854563
-3.1174651948635055
-3.0724568120577938
-2.912806549964891
-1.035862146164844
-1.6105318232625647
-1.205764639889177
-2.0251099646432453
-1.6749568476398238
-2.178176984438129
-0.8927104362703525
-1.4113497575455274
-2.538406760275523
-2.202760578855114
-1.5018790176854504
-2.690722880110129
-2.9765850262749733
-1.9104680853560554
-1.2974776196437414
-1.3249793034338593
-1.7109763933028805
-1.07069797221326
-2.202760578855114
-1.874448539693001
-2.4965737136998505
-2.4933983774698096
-2.36684957166683
-1.139818974166238
-0.10589969461316065
-0.591253532831181
-1.126391406304767
-0.31039699057819853
0.32636917255034636
0.364813154483166
0.5466225747232897
0.460252120611622
-0.18002630047799956
-0.888888551973136
-1.753242259532918
-0.29131727073768987
-2.4016057228411136
-1.624863186048119
-1.8460430609787983
-0.841712979754565
-0.5306503927511408
-1.6738690259485083
-2.6113496465257198
-1.3650779802510407
-2.3439206721342067
-2.0765486947831717
-1.8932186331973688
-2.514726960782622
-1.0926434019476683
-1.7221324198583936
-1.6937269411441922
-2.268706244578052
-2.0647758218060615
-2.7340765680314814
-1.347828528092353
-1.236874479563701
-2.088888440953328
-2.0493566373291916
-1.2959569782980622
-1.7605764017912144
-1.2921350940008445
-1.3715083275852533
-0.7761042357626646
-1.966161519447565
-1.4240264254467219
-0.8701184584687676
-1.4014344476451353
-2.560998738077108
-2.1163901247434462
-2.2317829039909114
-0.8003509084486107
-0.7263202005070991
-0.8267647705474134
-1.6000223447742286
-0.27636906153053936
0.41273962666201414
0.17939557835863673
-0.046200349457203305
-0.5740040806724932
0.013651890662560479
-0.6410375680867473
0.5692145525248753
0.011484701249703355
-0.09213520502065242
-0.3607478990268076
-0.0452965545331204
0.19282314622010804
0.5826421203863463
0.37705700272999393
0.1471979169927981
-0.6173577685938461
0.2731001747286004
1.2390821719433398
1.1231225195028298
1.1301197400300884
0.4538217732774096
1.3998202557275592
-0.3981921881122168
-0.5654862187995546
0.573036436822093
1.3966449194975181
1.240169993634657
1.8052339871681247
2.594653191862312
2.6089845546478654
2.34537746455357
1.2873455658532271
0.6620153539707565
0.8615070460239325
1.8597437016449905
1.2024957530872387
1.7928942409979687
2.507945816019606
0.13921722666732606
1.220649000170011
1.8310013011997512
0.5777324143978134
-0.22511435815784414
0.9417840745324253
1.8555848956167353
1.5613007855022798
0.778311928142305
0.23617683414146173
1.7446308470880827
1.6110848207578445
1.8032423705527247
1.950552886475471
0.807901126471149
0.09785515536137124
0.8442575938652437
2.432084840396275
1.703268775782129
1.0609987380771082
1.0100012815613206
0.21859046025173517
0.18781754230824926
0.3129416046888761
0.5879846460292439
-0.7435696526657868
-0.8870582842913152
0.24382060273589623
-1.412870398891207
-1.823451083177212
-3.0225471772333203
-2.6837256595828713
-2.445605958829643
-2.433833085852532
-3.438780013498362
-2.8000222337544214
-1.7666698273943882
-0.20460989489498385
-0.61002362633555
-1.2959569782980616
-1.2851378734735859
-0.78692334058714
-0.881891331445877
1.8813522096483606
1.758058414949554
0.948214421866637
0.5949818665565021
1.2528466615358496
1.3172716859131086
0.3231938363203063
-0.050302158444979594
0.44266574672189507
0.13803350705268314
2.5029402121077453
3.476256351580781
3.6197449832063118
1.7557868736435949
1.767222824889668
1.6303258895319304
3.2891044056977607
1.4625905852204548
2.053084971054511
3.0102394800601746
1.338033396032874
1.186900995812911
-0.5080584149495546
-1.211107165532073
-0.518310646580985
-1.0062729478360013
-1.4658594720223936
-0.4335948873536776
-0.8566908906072966
-0.1284916724147468
-1.0051851261446858
1.1664762074241808
1.0733384842472626
-0.43511552869935777
-0.41587445992527045
-0.5268285084539233
-1.0071767427600842
-0.9258118925602765
-1.7172227138698617
-2.1855111266964258
-1.968769982484561
-2.305629585165192
-0.9998426005017875
-1.8208426201402177
0.7226184940507965
-0.9119515050444407
-0.6346072207525344
-1.8310948517716472
-2.355076698689719
-2.033195006861818
-1.6863927988858958
-1.2057646398891753
-1.1585890676706059
-0.9772506227002018
0.3858844909390725
1.024979192414052
-0.9412310770371448
-0.6932187442171758
-1.0116154734788971
0.6524096704065034
0.5826421203863473
-1.1489833841063515
-0.8662965741715498
-1.3147270718024298
-0.48229110091792676
-2.5979220786642485
-1.5955836140554136
-2.516894150195477
-2.3254875003608753
-3.1889374129965744
-1.6685265003056107
-3.223869136968317
-1.758151965521451
-1.380672737525369
-0.6544651359482176
-1.9362353993876829
-1.3290584345879837
-1.7409025133627631
-1.4470596768724455
-1.274885641842155
-1.3393106662194145
-2.477803620195481
-2.9520014318579895
-3.2296826378809325
-1.7903496268872894
-0.9383356654976625
-1.3489163497836671
-2.5185488450798394
-0.5563218088594399
-1.7335683711044665
-1.2985654413350571
-0.6518566729112225
0.657105647982223
0.613751960060871
0.42389565321752765
0.6351602182478135
1.51937184100328
0.9892395714415542
1.3656309777463216
1.971314596595239
1.884607220752534
1.0100012815613213
0.6989386945578959
0.4942800496592805
1.0507465064456794
2.055076587669912
1.8969469669226902
1.4399986074188709
1.7634009405924513
1.8412535328311814
2.3588050324150416
1.9317827929711044
2.7243773338953323
0.7403007658638505
0.12578965880585485
0.8904496962855999
1.209492973614498
0.28543992089875736
-0.2432676052406159
-0.46152939079816035
0.10319768100426935
-0.15425898644637348
-0.7048160443968285
0.757887139753576
-0.6008592163954349
0.6175738443580877
0.03025479475407214
-1.891697991851689
-1.7194942551758183
-0.0277101806433937
-1.1018078118877828
-0.22601815308192824
0.29034962688728955
-0.43511552869935743
-0.7907452248843576
-1.3023873256322744
-1.4251142471380365
-1.28252941043659
-0.7553425256428976
-0.5976838801653939
-1.2836172321279058
-0.28662129316196855
1.8240040806724935
2.432084840396276
2.3415555802563524
1.545139155034907
1.5026892620376375
0.9965737136998497
0.5047895281476169
0.1465513689256216
0.5041726817260207
0.6319052071436422
0.7917394960037759
-0.8701184584687675
-0.70282442778143
0.30911972039165825
-0.5440779606126107
0.24317405466871989
-0.9790808903820212
-2.1421574387750724
-1.644559752310223
-1.8878761075544714
-1.833703314808643
-1.0476350191419534
-0.1293954673388289
-0.5874316485339629
0.022920652495777072
0.2903496268872903
0.19481476283550758
2.097526480667181
2.4926879804763167
1.2475041358929526
2.130627936957104
2.0840989128057106
2.224075286470161
0.31294160468887566
0.8009039059438915
1.0817604481968761
1.6078298096536732
1.1385417039796994
1.3532912315761654
2.08409891280571
2.1271156789960255
1.848587675089477
2.315788266224726
1.2615782518216005
1.8052339871681236
2.21382305483873
1.6180820412851031
2.5752365502907666
1.996744988895828
2.013243541094239
1.2824358598646937
1.1527117178316733
-0.18266446516057566
0.5589623208934449
-0.20143455866494375
-0.33650122634086127
0.5208552606916625
-0.45478941712780924
0.38206260664185443
2.361133570761477
2.1016852866954356
1.2405069153656936
1.4399986074188704
1.6168983216704609
1.7322911009179267
0.49627166627467895
0.28717429065724864
0.5918065303264614
1.597320331165337
-0.735051790792849
0.5949818665565014
-0.3853314934437926
-0.15242871876455455
0.601412213890715
-0.07488575286196408
-0.3425946519440364
0.539288432464994
-0.37133705238927595
1.4089846656676739
0.5343787264764611
0.4356685261946374
0.08476450923093859
0.7906516743124608
0.758454012946622
0.5539567169815856
1.6078298096536732
1.126297855732871
2.798224015069612
1.9349581292011444
0.80472579024111
-0.37650400523471383
-0.2025223803562582
-0.6594707398600763
-0.10329123157616363
-0.17150843860506115
0.5220389803063061
-0.049118438830335676
-0.8003509084486103
-0.634607220752533
0.5899762626446426
0.9482144218666376
-0.06463352123053226
0.038235485079545384
-1.7370806290655443
-0.755342525642897
-0.5740040806724923
-0.3311587006979634
-0.6967310021782545
-1.7297464868072483
-2.1720835588349536
0.7183553361294421
-1.9075499959829207
-0.7696738884284515
-0.22601815308192685
1.199240741983067
1.5263690615305388
-0.4937270521639999
-1.7007241616714495
-1.8460430609787974
-2.056353857856449
-3.103133832077952
-3.5879207971029268
-2.210094721113409
-1.9576436575746263
-0.5344722770483579
-1.9499998889801904
-1.1190572640464702
-0.6170208468628071
0.44418638806757726
-1.943569541645978
-2.6772953122486585
-1.2561155483377868
-2.055786984663406
-1.162410951967824
-1.0830377183834143
-1.0431962884231405
0.09620046047701075
-1.3147270718024295
-1.6193593114716425
-2.460554168036792
-2.6772953122486585
-2.5855823324940927
-0.561664334502337
-0.22219626878471002
0.009493084634305177
1.6755098451351047
1.0475711702156383
1.3172716859131093
1.2083092539998557
-0.11289691514041894
0.8576851617267147
-0.6932187442171758
-0.8267647705474146
-1.3715083275852533
-1.5381558102054131
-2.1424943605061095
-2.181689242399207
-0.7675863738897262
-0.4577075065009422
-0.9778971707673776
-0.46504164875923876
-0.87972414203302
-1.3979221896840572
-1.460612844302823
-0.688309038228643
-0.7869233405871394
-0.67062676641559
-0.8958857725003924
-1.602013961389626
-2.348079478162461
-0.5853441339952383
-0.8331951178816264
-0.9855112377162333
-2.854195026500248
-2.142157438775072
-1.2889597577708034
-2.294810480340715
-0.5306503927511402
-2.0466225747232896
-1.5821560461939432
-2.1233873452707046
-1.7335683711044665
-0.6460431719986066
-1.387103084859581
-0.6833034343167836
-0.7489121783086851
-1.041204671807741
0.30911972039165825
-0.2582158144477671
0.43032600055174
-0.8352826324203524
-0.8372742490357514
-0.9000445785286483
-1.9403942054159375
-2.159743812664798
-3.0065111463348546
-1.126391406304767
-1.5452327056068034
-1.3196367777909628
-0.3917618407780046
-1.589770113142798
-2.002181065110622
-1.5425945409242279
-1.0566238562846102
-0.7066463120786467
0.45291797835332703
0.09085793483411359
0.053493320622835405
0.5794667841563063
0.027079458524031652
-0.5514121028709068
0.6846073317723422
0.5826421203863469
-0.09213520502065155
-0.5552339871681247
-1.09037186064171
-0.643125082625472
-0.7869233405871401
0.28835801027189106
0.27493044241041986
-0.3015695023691193
0.1134499126356987
-0.04268809149612454
0.6559219283675811
-0.3311587006979638
0.6105766238308297
-0.026526461028751294
0.4130765483930521
0.1503732532228397
-0.16007248735898866
0.027079458524031735
-0.689396859919958
-0.01093170375442283
0.2657660324703054
-0.2942353601108242
-1.4186838998038236
-2.0493566373291916
-1.9828440984132079
-1.412870398891207
-1.1831726620875898
-0.7365724321385292
-0.3745123886193155
-1.3339681405765162
-0.4834748205325695
0.5012772701865386
-0.27636906153053814
-0.7623397461701553
-0.9510123333988558
-1.2057646398891753
0.10002234477422906
-0.23102375699378708
-0.3621726424491606
-0.7209776748642007
-0.6173577685938446
-0.6533773142569007
0.26958791676752325
-0.8598662268373359
-0.026526461028751114
-0.7263202005070983
-1.3408313075650933
0.40574240613475676
0.5012772701865391
0.2335683711044667
-1.5935919974400155
-3.3278259649697097
-3.2296826378809325
-2.1163901247434453
-2.3416491308282485
-2.2027605788551132
-2.471373272861269
-1.7581519655214506
-0.657199198554119
0.08977011314279776
0.14655136892562212
0.9048607339452859
1.4657659214504979
-1.0657882662247253
-0.009277008870060999
-0.9157436876960765
0.16914334672720815
-0.7795891983288437
-0.20786490599915558
-0.7569972205272579
-1.4444512138354497
-1.544586157539625
-1.1585890676706052
0.32528135085903204
-0.44536776033078684
0.25017127519597776
-0.3434025489447918
-0.49372705216399915
0.3923148382732863
-2.645097650882818
-1.1758385198292933
-0.7028244277814284
-1.167753477610721
-0.3273368164007455
-1.7409025133627614
-1.418683899803823
-3.55507658766991
-1.3393106662194143
-0.15625060306177058
1.007729740255365
2.641182216013706
0.6228204720776596
-2.8219973651344095
-2.106137893112015
-2.253111487303724
-0.5543301922440402
0.1568036005570526
-0.2291934893119678
0.004487480722446868
1.4335682600846593
1.8032423705527265
0.8860906404409173
0.9654638740253265
-0.1562506030617708
-0.9752590060848025
-0.2517854671135535
-0.4615293907981612
-0.693218744217176
-1.119057264046471
-1.618175591856999
-0.9061380041318241
-1.208939976119217
-1.2203759273652894
-0.3844276985197087
-0.8401923384088853
-0.7725919778015854
-1.5329888573599737
-3.0263690615305374
-2.148587786109284
-2.457041910075714
-3.5343148775501443
-3.3491545482825225
-1.527983253448114
-0.7365724321385289
0.030254794754072556
-1.1462493215004503
-2.4172004801154396
-2.036370343091859
-4.830937452273434
-3.7545682797230873
-3.6805375717815756
-2.8799623405318746
-2.500395597997067
-2.2288648146177774
-2.6113496465257198
-4.344495792364098
-4.046860773222144
-4.3986685851099265
-4.052203298865041
-2.605256220922544
-1.3768508532281503
-1.2748856418421548
-1.4014344476451346
-2.7050542428956827
-1.158589067670606
-0.9195655719932947
-1.5276463317170768
-1.0235223999946885
-0.5596727178869381
-1.7233161394730359
-1.4808076812295445
-0.28171158717343575
-2.0701183474489584
-1.2994692362591396
-1.951830156662011
-1.1082381592219954
-1.4517853560937466
-2.6980570223684253
-1.7532422595329178
-2.0156086329720924
-3.1760767183281495
-2.6166921721686167
-1.614353707559783
-1.5033996590311307
-0.7869233405871405
-2.136064013171897
-3.321395617635498
-3.973917886971948
-3.0011686206919577
-3.12190392558232
-2.7184818107571544
-3.400768851219907
-4.323117235822735
-5.011659050822242
-3.9604903191104768
-3.038708807700693
-3.9604903191104754
-3.371179652891062
-2.283037607363605
-1.693726941144191
-2.780164318558736
-2.2358620351450353
-3.358318958222636
-1.925416294563207
-2.897548714421601
-4.126234006806554
-4.604590624497315
-4.075883098357942
-4.119236786279295
-2.471373272861268
-3.7835906048588854
-3.4912981113598285
-3.6136881111345542
-2.1099597774092325
-3.041010050652232
-1.861020971831528
-1.6389373019767666
-1.265279958277901
-2.6113496465257198
-1.9907451138645484
-4.271552906113903
-3.7472341374647917
-1.6005892179672734
-1.8932186331973675
-2.102316008814798
-2.7770933342217967
-1.339310666219413
-2.172083558834953
-3.219430406249503
-3.3105765128110214
-3.3160530919926003
-2.9045459349488594
-3.10847635772085
-2.767487650657543
-2.5138231658585384
-1.771579533382921
-2.172083558834954
-3.6201184584687662
-3.670469366917377
-3.551901251439869
-1.469034808252434
-1.1164760964043725
-1.479719859538229
-0.5370807400853521
-1.5763425452813267
-1.346924733168269
-2.7464163142016362
-2.480978956425523
-1.8138453996129575
-4.186837146886594
-3.9133147468919067
-2.5683328803354044
-2.5753301008626623
-1.8208426201402164
-1.640767569658585
-1.3220612140607253
-2.0229427752303883
-3.2627840941708555
-3.2918064193066527
-3.026369061530538
-2.840767458638777
-1.6175290437898227
-2.476715798504166
-4.205607240390963
-2.854195026500248
-2.8767870043018338
-2.308238048202187
-2.9930835784733834
-5.7204916006717985
-4.61419630806157
-5.464218652835798
-5.115144903553918
-4.73875349724915
-3.5964386589758646
-5.565567017800196
-5.309294069964195
-6.223094891048507
-5.305472185666979
-3.5550765876699097
-4.282372010938376
-3.2554499519125577
-2.3056295851651916
-2.2091909261893257
-2.6177799938599313
-2.1839904853507455
-1.498057133388233
-1.9277175375147446
-1.5279832534481144
-1.4743773338953317
-0.7821976613658388
-0.21486212652641445
0.4242325749485649
-0.5552339871681247
-1.1340054732536222
-2.324399678669561
-1.67405305271574
-2.918590349231927
-2.9578149327706047
-2.292952917263998
-0.8079946770430464
-0.92689971425159
-3.2012771591667306
-2.258454012946622
-3.05629518159042
-2.080370579080389
-1.2787075261393726
-0.7350517907928495
-1.6418553913499012
-1.1313970102166264
-2.5774972902755198
-0.5543301922440409
-0.4749569586596317
-0.17884258086335741
-1.3688998645482588
-2.275703465105311
-0.7066463120786475
-0.8331951178816266
-1.955005492892051
-2.561902533001192
-2.3528051573837625
-2.7206490001700114
-3.1878495913052594
-2.807019454281678
-2.0156086329720933
-3.067114286414896
-1.3634232853666788
-3.20600283838803
-4.375172812384259
-4.8175098844119635
-5.03042914432661
-4.618018192358787
-3.837763397604717
-2.905162781370457
-3.2745569671479644
-1.3220612140607255
-2.3624108409480153
-2.204281220200794
-2.4037729122539706
-2.0754608730918562
-0.8095153183887263
-0.9590973756174304
-1.0422924934990567
-0.38685213478947167
-0.22919348931196826
-2.3785724714153877
-3.085884379919264
-1.9158106109989541
-2.9089846656676737
-2.0197674390003484
-1.8867882858631562
-2.058962320893445
-2.6916266750342124
-3.1588272661694616
-3.5512547033726936
-3.445026334065342
-2.6539524344867935
-3.2401921163692684
-4.344495792364098
-3.3287297598937933
-4.4780418186943365
-3.760998627057301
-3.6742912512145947
-3.524399567649752
-4.378243796721198
-4.5647491945370415
-4.453795146008391
-4.016183753201985
-4.6549415329459265
-3.7545682797230886
-2.0931515988746825
-2.294473558609677
-3.8565334911090834
-3.23820049975387
-3.146487519999305
-3.663472146390119
-3.5416490198084403
-1.04319628842314
-2.757235419026113
-2.307150226510872
-1.04319628842314
-1.8513855866216946
0.10002234477422925
-1.4186838998038227
-0.16007248735898846
-1.7912534218113727
-0.7254164055830159
-1.534980473975373
-2.123387345270704
-2.585582332494093
-2.1421574387750724
-1.5774303669726417
-0.29513915503490634
-0.04268809149612407
-1.301299503940959
-1.813845399612958
-1.3220612140607249
-2.433362110582813
-1.7769220590258183
-2.923316028453227
-2.115743576676268
-2.720649000170009
-0.673802102645631
-0.9322422398944875
-2.033195006861818
-1.7666698273943882
-1.3527382340808847
-0.9125683514660367
0.23999871843867948
-1.2197590809436933
-2.009178285637881
-2.300903905943891
-2.6435473078915583
-2.567995958604366
-2.0853761829922473
-2.1421574387750715
-0.5247409939151964
-2.389912524738134
-0.46413785383515455
-0.2620376987449841
-0.2496979525748288
0.6195654609734865
-0.3847646202507459
-0.9494916920531751
-1.4536156237755637
-1.9499998889801908
-0.4577075065009425
-0.7274080221984134
-0.7274080221984129
-3.080541854276366
-1.6902146831831124
-1.3023873256322736
-0.8385376435245235
-1.8970405174945855
-0.8095153183887251
-1.976413751078994
-2.8108413385788946
-3.3090558714653406
-2.5373189385842077
-1.1811810454721914
-0.7043747707726895
-2.0331950068618188
-0.20843177919220168
-0.9494916920531753
-1.1554137314405653
-1.6975488254414088
-1.3941003053868388
-1.595583614055414
-1.0224345783033728
-1.3077298512751712
-0.26704330265684423
-1.3806727375253678
-1.589770113142797
-1.2625458956719995
-0.9693496072488592
-0.3053913866663371
-0.1788425808633564
1.3805791869534723
-0.4020140724094354
0.01682722689260177
1.179903775285654
1.0817604481968761
-0.3917618407780053
0.49944700250471924
-0.07488575286196325
-1.2476935843881758
-1.4427965189510883
-0.799263086757295
-0.41252355089777115
1.5231937253004992
0.5446309581078923
0.9286364313615136
0.09620046047701197
-0.2537770837289514
-0.2951391550349056
0.7575502180225393
-0.6533773142569015
-1.4620375877251761
-0.7005528864754713
-3.068634927760575
-0.2897966293920087
-1.0431962884231385
-0.07687736947736123
-1.3446531918623095
-1.2051180918219984
0.34513926605471623
-0.16507809127084805
-0.3053913866663364
-0.40319779202407596
-1.2417841855522322
-0.9629192599146467
-1.058454123966429
-1.6439429058886266
1.715351275095379
-0.4940639738950371
-0.44536776033078707
0.7970820216466736
-0.7681532470827719
-0.5297465978270568
0.07861408658728591
-0.24861013088351286
-1.5142187638556055
-2.560998738077109
-1.4186838998038227
-1.1340054732536209
-0.12149445188748709
-1.0285280039065474
-1.7109763933028797
-2.2326866989149945
-3.1582603929764144
-2.3984303866110714
-2.1494915810333675
-2.111480418754912
-1.4743773338953312
-2.2027605788551137
-3.006511146334855
-3.36474930555685
-2.509384435139726
-2.3047257902411085
-1.414862015506605
-2.3302131795821754
-1.0546322396692125
-2.4787074151195645
-2.4869680301355963
-1.8498649452760152
-0.22601815308192758
-1.2787075261393737
-1.117226996364652
-1.1451614998091346
-0.6571991985541201
-2.3398188631464296
-1.7271380237702538
-2.7050542428956827
-1.437453993308192
0.0029668393767663115
-0.34874507458768955
-0.5113134260537259
-0.5256447888392806
-0.4650416487592387
-0.5010611944222961
-0.7611560265555138
0.1392172266673254
0.3923148382732857
-0.35256695888490763
-0.9338969347788488
-1.0036644847990046
-0.5985876750894769
-1.358080759723783
-0.48029948430252967
-0.1841851065062552
-0.968261785557545
-0.0739819579378812
-0.26903491927224354
1.057176853779891
-1.1152353797492536
-0.15198744514041548
-1.5349804739753734
-2.9089846656676737
-2.337827246531031
-0.2705555606179217
-0.7489121783086845
-0.8815544097148398
-0.22828969438788493
-1.745908117274622
-2.792688091496125
-3.1951837335635553
-2.501299392921151
-1.5645696723042182
-2.4541238207025815
-3.6274526007270627
-2.772830176300441
-2.032107185170504
-4.053857993749403
-3.262784094170855
-2.326391295284959
-4.038775731003573
-3.219430406249502
-3.294981755536693
-3.6037728012341605
-3.7147268497628128
-3.089706264216481
-3.3685711898540682
-2.00417268172602
-2.2979858165707556
-3.067114286414895
-2.262275897243838
-2.9137103448889734
-2.033195006861818
-2.1287298709136007
-2.8714444786589364
-4.581094851771649
-3.0173302511593305
-2.417200480115441
-2.896644919497517
-2.718040537133015
-2.252023665612409
-2.070118347448958
-3.9171366311891247
-4.069452751023731
-3.638271705551539
-2.6600458600899684
-2.6734734279514396
-2.8172716859131084
-3.4795252383827195
-4.268944443076907
-3.317573733338279
-1.8138453996129584
-2.0589623208934444
-0.967078065942902
-2.268706244578052
-2.3324847208881323
-1.8310948517716472
-2.1667410331920567
-2.0385375325047153
-2.788249360777309
-2.6043524259984605
-2.033195006861818
-2.268706244578051
-2.85037314220303
-0.8507018168972205
-1.506574995261171
-1.7045460459686668
-0.9875028543316303
0.1465513689256226
0.3963939694274099
-0.2620376987449842
-1.5423146162336678
-2.1360640131718966
-1.0918925019873897
-1.9435695416459784
-0.7766711089557099
-1.816453862649954
-0.19118232703351334
-1.2191922077506474
-0.9740752864701615
-2.435353727198213
-0.7263202005070991
-0.22219626878471038
-1.5279832534481153
-2.853107204808933
-4.022614100536197
-3.1180820412851036
-3.0387088077006936
-3.4042811091809853
-4.016183753201985
-5.122479045812214
-4.072965008984808
-3.9142185418159894
-2.422543005758337
-3.1266296048036213
-1.329058434587984
-2.7502381984988546
-3.926742314753377
-4.252782812609534
-3.482133701419715
-3.239288321445186
-3.507901015451341
-1.667313079045389
-3.0797909543160893
-4.126234006806555
-2.3378272465310306
-2.9036421400247767
-2.179080779362213
-2.691626675034213
-2.434449932274129
-4.136486238437985
-3.0606839390806835
-1.643942905888627
-1.0320402618676263
-1.2837131300512332
-0.010931703754423996
-1.0968022079759228
-1.0400209521930992
-0.7623397461701547
-1.0288649256375857
-1.8138453996129587
-4.222105792589374
-2.066296463151741
-5.139728497970902
-3.6324582046389224
-2.181689242399207
-3.634449821254321
-3.013508366862113
-1.1521587203363932
-1.6401210215914093
-2.7238243364000514
-1.1955124082577457
-3.0702896226449363
-3.085884379919264
-3.055391386666337
-0.904307736450004
-2.3143314738053617
-1.9725918667817768
-1.7093216984185193
-3.284472277048357
-2.452036306163855
-2.7153064745271136
-3.2431102057424024
-2.979840037379145
-3.2238691369683163
-2.604919299191507
-2.6166921721686167
-1.8562952926102279
-3.0033358101048133
-4.538644958774377
-3.5047256792213
-3.6136881111345542
-3.395426325577009
-2.0382006107736776
-2.677295312248658
-2.160310685857843
-2.8231810847490513
-3.907972221249009
-3.215608521952284
-3.779768720561668
-3.7959303510290416
-4.120891481163656
-3.5234957727256684
-2.603264604307146
-1.8932186331973677
-0.9445819860646427
-1.1205779053921503
-1.2787075261393726
-2.2470180617005493
-2.521157308116834
-3.3160530919926003
-2.9265710395574
-2.5211573081168344
-3.2806503927511397
-1.9426657467218957
-2.956160237886243
-2.368841188282228
-4.094653191862311
-1.385839690370807
-2.1667410331920554
-2.130721487529
-2.9995139258075967
-2.8659678994773574
-2.0267646595276068
-1.9066462010588383
-1.7335683711044656
-3.006511146334854
-2.1249079866163836
-3.888114306053325
-2.5437492859184196
-1.4910599128609745
-1.201942755591958
-2.0401922273890767
-3.8070863775845547
-3.954059971776263
-2.9271379127504447
-3.2258607535837136
-3.4575501070027297
-3.4660976705212483
-1.8724569230776007
-2.1204692558975693
-1.2159371966464754
-2.0589623208934458
-2.53197641294131
-2.381180934452384
-3.042530691997912
-1.9661615194475648
-1.995183844583364
-2.3920000392768603
-3.1480081613449844
-0.9960207162045692
-2.301807700867974
-1.796259025723232
-1.1955124082577453
-1.3446531918623104
-2.0021810651106207
-3.0126045719380294
-1.5636658773801329
-2.379660293106704
-2.2027605788551137
-1.7409025133627616
-3.2988036398339116
-1.929238178860425
-2.5281545286440927
-2.192508347223683
-2.1807854474751243
-1.5484080418368438
-1.6193593114716414
-2.4643760523340106
-2.046622574723289
-1.723316139473036
-1.636945685361368
-1.4014344476451357
-2.5012993929211507
-1.7344721660285496
0.1966450305173265
-0.21894125768053818
0.745210471852383
2.8424082778253745
0.9634722574099273
0.5756448998590885
-0.9564889125804346
-0.13057918695347154
0.7053690418921097
0.635160218247814
-0.9714371217875848
-0.5102256043624103
0.414906816074871
-1.070697972213259
-0.16007248735898896
-1.2787075261393732
-2.5979220786642485
-1.3826643541407666
-0.9445819860646427
-1.4969693116969172
-0.5080584149495543
-0.6706267664155903
-0.13548889294200395
-0.12849167241474596
-0.22601815308192733
-1.5763425452813271
-1.0308565422529847
-2.2461142667764666
-3.5111560265555126
-2.908984665667673
-0.39375345739340345
-0.42868518136514433
0.8132436521140471
-0.34874507458768933
0.3263691725503465
-0.6706267664155905
-0.8539568280013926
0.6559219283675805
0.3562952926102282
-0.13548889294200406
-0.8331951178816267
-1.9464876310191124
-0.767249452158688
-0.4711350743624141
-0.7365724321385294
-1.260554279056601
-1.55922714666132
-1.3826643541407675
-1.0492897140263153
-0.4090112929366938
0.004487480722444648
-0.06254600669180976
0.5531488199808292
-1.0830377183834141
-1.5018790176854508
-1.6852090792712533
0.3075990790459793
-0.5670068601452344
-1.2315319539208036
-1.4846295655267632
-2.268706244578053
-2.019430517269311
-2.3056295851651933
-2.5138231658585397
-1.4148620155066065
-3.085884379919266
-3.199005617860773
-2.780164318558737
-1.3032911205563582
-1.7892618051959759
-1.4632213073398195
-3.049864834256208
-2.739419093674379
-4.209429124688182
-3.9171366311891247
-2.8430389999447363
-3.1786851813651444
-4.223760487473735
-3.8113495355059115
-3.675195046138678
-3.890722769090322
-4.764240886590218
-3.7835906048588868
-2.83694557434156
-3.172254834030933
-2.341649130828249
-3.385511015676617
-4.1315765324494516
-3.2086113014250266
-2.72764622069727
-2.634508497520352
-2.5941001943670314
-2.4605541680367935
-2.983919168533269
-3.8842924217561086
-1.7440778495928027
-1.1585890676706065
-1.8085028739700613
-0.9816893534190151
-0.14664491949751707
1.5161168298991083
0.8404357095680259
-0.824030707941512
-0.4995405530766167
1.039590479890165
-0.4442799386394728
-1.3510835391965246
0.581554298695031
-0.7130766594128607
-0.44045805434225466
0.41490681607487134
-0.18583980139061498
-0.12206132508053352
0.04141082130958562
-0.3885865045479633
-0.9559220393873891
-1.868635038780384
-1.0030976116059591
-0.5543301922440402
-0.6932187442171753
-0.09946934727894796
-0.8662965741715491
-1.1279120476504467
-1.4084316681723925
-2.0627842051906624
-0.6677086770424556
-1.3048117619020363
-1.4374539933081913
-1.9119887267017357
-1.846043060978797
-1.839612713644585
0.615486329819363
1.5972244332420105
1.128032225491363
1.8246506287396702
-0.7942574828454346
-1.058791045697467
-0.8229428862501973
-0.8405292601399222
-0.3311587006979629
-0.18583980139061634
-0.310396990578197
0.821665616063658
0.5396253541960322
0.5156086329720935
1.1251141361182289
-1.1321752055718024
-0.008940087139024694
0.46025212061162213
0.46634554621479635
0.2534262863001498
-1.5403229996182706
-1.527983253448115
-1.618175591857
-0.16507809127084805
-0.005118202841808195
-0.6533773142569022
1.6755098451351045
1.1177799938599327
-0.28597474509479176
0.8407453359041657
0.6125682404462282
0.8254875003608765
1.0138231658585388
1.6889374129965753
1.432664465160575
0.5331950068618196
0.6249079866163846
2.3784789208434933
0.10002234477422872
-0.324161480170704
-0.07106386856474539
0.4265041162545239
-0.22919348931196765
0.655585006636544
1.1591420651658872
-0.41435381857959
0.8234958837454776
0.056022108785698854
-0.8041727927458282
-0.22219626878471
-1.05344852005457
-2.1647494165766585
-2.116390124743446
-0.22919348931196765
-0.9606477186086892
-0.5478998449098279
-1.3258830983579428
-1.1076213128003982
-0.05872412239458974
-0.3955837250752225
0.07743036697264305
-0.8095153183887251
-0.26203769874498395
-0.9125683514660363
-0.6588538934384798
-1.1811810454721914
-0.9864150326403163
-1.5671781353412124
-1.1295667425348075
-0.6170208468628073
0.4490960940561085
-1.2169206664446897
-1.7839192795530772
-0.5440779606126103
0.35947062884026987
0.8286628365909161
-1.5168272268926017
-0.9023161198346056
-0.8417129797545652
0.2523384646088353
0.04050702638550352
-0.41053193428237233
-1.1002871705421027
-0.4351155286993573
-0.7189860582488024
-0.049118438830336786
-0.7569972205272584
-0.5221325308782019
0.18138719497403633
-0.07979545885049666
-0.22511435815784409
-0.18909481249478682
-0.9322422398944874
-2.5817604481968752
-0.7564303473342118
1.8989385835380888
0.22241234454895334
-1.1750876198690157
1.050179633252633
1.240169993634657
0.5096992341361505
-1.504303453955213
-0.617020846862808
-0.34458626855943425
-0.413602918619312
-1.0657882662247258
-2.0818912204260682
-1.5636658773801342
-2.057441679547765
-1.766669827394388
-3.2853760719724403
-2.099707545777802
-3.059029244196322
-3.1330599521378337
-1.5575724517769594
-1.23186887565184
-2.153313465330586
-2.217091941640667
-1.3032911205563569
-1.9435695416459786
-2.974313484969015
-1.3806727375253676
-1.6134499126356987
-2.3850028187496006
-0.8191210019529782
-2.232040150847818
-3.2446308470880822
-2.288380133006503
-2.8079232492057606
-2.550746506445678
-1.0523606983632545
-3.0970404064747776
-2.5507465064456785
-2.8902145721633046
-2.926571039557399
-3.212433185722243
-2.859537552143145
-2.1790807793622116
-4.24635246527532
-2.7088761271929007
-3.7545682797230873
-1.6354250440156877
-1.9238956532175275
-1.8000809100204505
-1.6872965938099789
-2.3120599324994036
-1.8428677247487575
-1.88787610755447
-2.577497290275519
-2.3474626317408642
-2.5855823324940927
-2.865967899477358
-1.29747761964374
-2.5806726265055597
-2.59092485813699
-1.7045460459686672
-1.7941715111845071
-1.8310948517716472
-2.1485877861092844
-2.180168601053527
-2.337827246531031
-2.537318938584207
-2.5173354238196164
-2.304725790241109
-2.3184902798336173
-0.902316119834606
