0.0 0.03713336119612484 0.0888084582452776 0.03453662265094129 0.024669016179243778
0.2026833970057931 0.028304450142500756 0.03453662265094129 0.019735212943395024 0.009867606471697512
0.4053667940115862 0.028044776287982402 0.029602819415092536 0.049338032358487556 0.009867606471697512
0.6080501910173793 0.02726575472442733 0.009867606471697512 0.03947042588679005 0.004933803235848756
0.8107335880231724 0.03168021025123938 0.009867606471697512 0.05920563883018507 0.0
1.0134169850289656 0.018436843670803244 0.004933803235848756 0.029602819415092536 0.004933803235848756
1.2161003820347587 0.01817716981628489 0.0 0.07400704853773134 0.029602819415092536
1.4187837790405518 0.024149668470207067 0.0 0.029602819415092536 0.0444042291226388
1.6214671760463448 0.04102846901390018 0.009867606471697512 0.029602819415092536 0.0789408517735801
1.824150573052138 0.0514154231946344 0.03947042588679005 0.029602819415092536 0.0888084582452776
2.026833970057931 0.07530541781032311 0.09374226148112635 0.0789408517735801 0.11841127766037014
2.2295173670637243 0.09737769544438334 0.10854367118867261 0.09867606471697511 0.0888084582452776
2.4322007640695174 0.11893062536940685 0.10360986795282387 0.12827888413206764 0.1332126873679164
2.6348841610753104 0.14100290300346707 0.15294790031131142 0.202285932669799 0.1578817035471602
2.8375675580811035 0.1729427871092248 0.20721973590564774 0.18255071972640394 0.19735212943395022
3.0402509550868966 0.21994375477704714 0.23188875208489151 0.2664253747358328 0.19241832619810148
3.2429343520926897 0.25603842055509857 0.20721973590564774 0.3108296038584716 0.222021145613194
3.4456177490984827 0.29550884644188863 0.2565577682641353 0.39470425886790045 0.26149157149998403
3.648301146104276 0.35185807287237175 0.34043242327356416 0.32563101356601787 0.34043242327356416
3.850984543110069 0.3905494771956068 0.38483665239620296 0.3700352426886567 0.29602819415092535
4.053667940115862 0.42015229661069925 0.43417468475469045 0.36016763621695913 0.3453662265094129
4.2563513371216555 0.39522360657693717 0.4144394718112955 0.2713591779716816 0.44897609446223674
4.4590347341274486 0.3728916550883586 0.39470425886790045 0.29109439091507655 0.3749690459245054
4.661718131133242 0.3580902453808123 0.3206972103301691 0.21708734237734523 0.4539098976980855
4.864401528139035 0.2752542857894569 0.30589580062262284 0.24175635855658903 0.3157634070943204
5.067084925144828 0.20721973590564774 0.23188875208489151 0.24175635855658903 0.24175635855658903
5.269768322150621 0.15346724802034814 0.11841127766037014 0.14308029383961393 0.14801409707546268
5.472451719156414 0.11477584369711316 0.0888084582452776 0.1677493100188577 0.0888084582452776
5.675135116162207 0.09452128304468142 0.10854367118867261 0.14308029383961393 0.10360986795282387
5.877818513168 0.0724490054106212 0.09374226148112635 0.07400704853773134 0.06907324530188258
6.080501910173793 0.04466390297715715 0.10854367118867261 0.029602819415092536 0.03947042588679005
