0.0 0.08906813209979596 0.11841127766037014 0.08387465500942885 0.0789408517735801
0.2026833970057931 0.09166487064497951 0.07400704853773134 0.09374226148112635 0.0888084582452776
0.4053667940115862 0.08725041511816746 0.1332126873679164 0.06413944206603382 0.09867606471697511
0.6080501910173793 0.08491335042750227 0.13814649060376516 0.05427183559433631 0.09374226148112635
0.8107335880231724 0.07530541781032311 0.049338032358487556 0.024669016179243778 0.12827888413206764
1.0134169850289656 0.05842661726663 0.0444042291226388 0.014801409707546268 0.1332126873679164
1.2161003820347587 0.03947042588679005 0.024669016179243778 0.004933803235848756 0.09374226148112635
1.4187837790405518 0.029083471706055825 0.0 0.014801409707546268 0.10360986795282387
1.6214671760463448 0.029083471706055825 0.0 0.024669016179243778 0.0888084582452776
1.824150573052138 0.03713336119612484 0.014801409707546268 0.049338032358487556 0.0888084582452776
2.026833970057931 0.0672555283202541 0.029602819415092536 0.07400704853773134 0.10360986795282387
2.2295173670637243 0.10153247711667703 0.0789408517735801 0.11841127766037014 0.10854367118867261
2.4322007640695174 0.13710779518569174 0.11347747442452137 0.202285932669799 0.17268311325470645
2.6348841610753104 0.19657310787039514 0.16281550678300893 0.19735212943395022 0.1578817035471602
2.8375675580811035 0.2705801564081265 0.29602819415092535 0.222021145613194 0.21215353914149648
3.0402509550868966 0.3534161159994819 0.44897609446223674 0.30589580062262284 0.222021145613194
3.2429343520926897 0.35263709443592683 0.38483665239620296 0.22695494884904274 0.3206972103301691
3.4456177490984827 0.36562078716184465 0.37990284916035416 0.3108296038584716 0.38483665239620296
3.648301146104276 0.3466645957820047 0.3897704556320517 0.3009619973867741 0.3009619973867741
3.850984543110069 0.33056481680186667 0.3651014394528079 0.2713591779716816 0.39470425886790045
4.053667940115862 0.29369112946026016 0.2713591779716816 0.25162396502828654 0.36016763621695913
4.2563513371216555 0.24357407553821753 0.28122678444337906 0.19241832619810148 0.3453662265094129
4.4590347341274486 0.2079987574692028 0.19241832619810148 0.19241832619810148 0.23188875208489151
4.661718131133242 0.16359452834656402 0.16281550678300893 0.19241832619810148 0.15294790031131142
4.864401528139035 0.14178192456702213 0.06907324530188258 0.25162396502828654 0.10854367118867261
5.067084925144828 0.13658844747665502 0.15294790031131142 0.2713591779716816 0.05427183559433631
5.269768322150621 0.13113529653176956 0.08387465500942885 0.21708734237734523 0.03453662265094129
5.472451719156414 0.12698051485947587 0.11347747442452137 0.22695494884904274 0.03453662265094129
5.675135116162207 0.12230638547814547 0.1332126873679164 0.1874845229622527 0.05427183559433631
5.877818513168 0.11893062536940685 0.08387465500942885 0.13814649060376516 0.06413944206603382
6.080501910173793 0.10386954180734222 0.14308029383961393 0.15294790031131142 0.11841127766037014
