0.0 0.08205693802780036 0.0789408517735801 0.09867606471697511 0.06413944206603382
0.2026833970057931 0.05193477090367111 0.05920563883018507 0.06413944206603382 0.06907324530188258
0.4053667940115862 0.03193988410575773 0.004933803235848756 0.09374226148112635 0.03453662265094129
0.6080501910173793 0.020773908361468443 0.0 0.0888084582452776 0.03453662265094129
0.8107335880231724 0.012724018871399422 0.0 0.03947042588679005 0.03453662265094129
1.0134169850289656 0.022072277634060222 0.009867606471697512 0.05920563883018507 0.03453662265094129
1.2161003820347587 0.023370646906652002 0.014801409707546268 0.029602819415092536 0.019735212943395024
1.4187837790405518 0.04648161995878565 0.05920563883018507 0.05427183559433631 0.06907324530188258
1.6214671760463448 0.056089552575964804 0.0444042291226388 0.07400704853773134 0.09374226148112635
1.824150573052138 0.09867606471697511 0.13814649060376516 0.1332126873679164 0.10360986795282387
2.026833970057931 0.12983692725917778 0.1233450808962189 0.1332126873679164 0.09374226148112635
2.2295173670637243 0.17787659034507358 0.1874845229622527 0.12827888413206764 0.1332126873679164
2.4322007640695174 0.1970924555794319 0.202285932669799 0.2664253747358328 0.12827888413206764
2.6348841610753104 0.2233195148857858 0.19241832619810148 0.24175635855658903 0.1677493100188577
2.8375675580811035 0.2342258167755567 0.3206972103301691 0.21215353914149648 0.1874845229622527
3.0402509550868966 0.24513211866532764 0.21708734237734523 0.34043242327356416 0.20721973590564774
3.2429343520926897 0.24435309710177258 0.21215353914149648 0.2664253747358328 0.222021145613194
3.4456177490984827 0.2331871213574833 0.17268311325470645 0.23188875208489151 0.1776169164905552
3.648301146104276 0.2144906038321617 0.1874845229622527 0.29602819415092535 0.1874845229622527
3.850984543110069 0.21942440706801045 0.1874845229622527 0.21708734237734523 0.23188875208489151
4.053667940115862 0.2248775580128959 0.19241832619810148 0.202285932669799 0.28122678444337906
4.2563513371216555 0.2594141806638372 0.28122678444337906 0.26149157149998403 0.29602819415092535
4.4590347341274486 0.27187852568071824 0.3157634070943204 0.19735212943395022 0.3354986200377154
4.661718131133242 0.2809671105888607 0.29602819415092535 0.18255071972640394 0.2762929812075303
4.864401528139035 0.2786300458981955 0.3157634070943204 0.24175635855658903 0.20721973590564774
5.067084925144828 0.24409342324725422 0.28122678444337906 0.19735212943395022 0.22695494884904274
5.269768322150621 0.21942440706801045 0.22695494884904274 0.17268311325470645 0.28122678444337906
5.472451719156414 0.17553952565440833 0.18255071972640394 0.10360986795282387 0.222021145613194
5.675135116162207 0.16748963616433932 0.20721973590564774 0.09867606471697511 0.1874845229622527
5.877818513168 0.13580942591309994 0.11347747442452137 0.10854367118867261 0.1677493100188577
6.080501910173793 0.11062106202481946 0.10854367118867261 0.09867606471697511 0.1578817035471602
