0.0 0.39756067126760236 0.44897609446223674 0.3651014394528079 0.33056481680186667
0.2026833970057931 0.3663998087253997 0.2713591779716816 0.3453662265094129 0.28122678444337906
0.4053667940115862 0.3313438383654217 0.3700352426886567 0.3108296038584716 0.32563101356601787
0.6080501910173793 0.31290699469461847 0.28122678444337906 0.4144394718112955 0.30589580062262284
0.8107335880231724 0.28590091382470945 0.3206972103301691 0.3108296038584716 0.19735212943395022
1.0134169850289656 0.2401983154294789 0.21215353914149648 0.22695494884904274 0.2565577682641353
1.2161003820347587 0.16437354991011907 0.1578817035471602 0.18255071972640394 0.15294790031131142
1.4187837790405518 0.11399682213355809 0.10360986795282387 0.12827888413206764 0.06907324530188258
1.6214671760463448 0.07790215635550667 0.08387465500942885 0.08387465500942885 0.08387465500942885
1.824150573052138 0.04310585985004702 0.019735212943395024 0.05427183559433631 0.07400704853773134
2.026833970057931 0.023370646906652002 0.019735212943395024 0.019735212943395024 0.08387465500942885
2.2295173670637243 0.01817716981628489 0.014801409707546268 0.009867606471697512 0.0789408517735801
2.4322007640695174 0.009088584908142445 0.004933803235848756 0.014801409707546268 0.05920563883018507
2.6348841610753104 0.005453150944885466 0.0 0.014801409707546268 0.03453662265094129
2.8375675580811035 0.0070111940719956006 0.0 0.014801409707546268 0.014801409707546268
3.0402509550868966 0.005712824799403823 0.0 0.014801409707546268 0.0
3.2429343520926897 0.010386954180734221 0.0 0.029602819415092536 0.004933803235848756
3.4456177490984827 0.012983692725917777 0.004933803235848756 0.03947042588679005 0.0
3.648301146104276 0.01765782210724818 0.014801409707546268 0.0444042291226388 0.009867606471697512
3.850984543110069 0.017917495961766533 0.004933803235848756 0.03947042588679005 0.0
4.053667940115862 0.023630320761170356 0.009867606471697512 0.06907324530188258 0.014801409707546268
4.2563513371216555 0.037393035050643196 0.049338032358487556 0.049338032358487556 0.05427183559433631
4.4590347341274486 0.04803966308589578 0.029602819415092536 0.0789408517735801 0.09374226148112635
4.661718131133242 0.07348770082869462 0.09374226148112635 0.05427183559433631 0.10360986795282387
4.864401528139035 0.12048866849651697 0.09374226148112635 0.11347747442452137 0.17268311325470645
5.067084925144828 0.1981311509975053 0.16281550678300893 0.202285932669799 0.28616058767922786
5.269768322150621 0.27733167662560376 0.28122678444337906 0.2762929812075303 0.3108296038584716
5.472451719156414 0.3786044798877624 0.37990284916035416 0.3009619973867741 0.47364511064148057
5.675135116162207 0.4320972939185436 0.4588437009339343 0.33056481680186667 0.37990284916035416
5.877818513168 0.44430196508090636 0.5131155365282706 0.3206972103301691 0.28616058767922786
6.080501910173793 0.4388488141360209 0.5279169462358169 0.47364511064148057 0.39470425886790045
