0.0 0.005712824799403823 0.0 0.019735212943395024 0.014801409707546268
0.2026833970057931 0.0025967385451835553 0.0 0.0 0.009867606471697512
0.4053667940115862 0.003895107817775333 0.0 0.004933803235848756 0.029602819415092536
0.6080501910173793 0.003375760108738622 0.009867606471697512 0.0 0.009867606471697512
0.8107335880231724 0.006751520217477244 0.004933803235848756 0.004933803235848756 0.029602819415092536
1.0134169850289656 0.011944997307844357 0.004933803235848756 0.004933803235848756 0.03453662265094129
1.2161003820347587 0.023889994615688713 0.014801409707546268 0.03947042588679005 0.03453662265094129
1.4187837790405518 0.04258651214101031 0.0444042291226388 0.0444042291226388 0.05427183559433631
1.6214671760463448 0.06803454988380916 0.08387465500942885 0.07400704853773134 0.09867606471697511
1.824150573052138 0.11711290838777835 0.1233450808962189 0.1233450808962189 0.19735212943395022
2.026833970057931 0.16956702700048618 0.09867606471697511 0.12827888413206764 0.29602819415092535
2.2295173670637243 0.2401983154294789 0.1874845229622527 0.21708734237734523 0.3009619973867741
2.4322007640695174 0.2882379785153747 0.24175635855658903 0.2713591779716816 0.3453662265094129
2.6348841610753104 0.3334212292015686 0.38483665239620296 0.25162396502828654 0.4144394718112955
2.8375675580811035 0.3313438383654217 0.3206972103301691 0.3157634070943204 0.3157634070943204
3.0402509550868966 0.3336809030560869 0.29602819415092535 0.3453662265094129 0.36016763621695913
3.2429343520926897 0.3430291618187477 0.3009619973867741 0.3157634070943204 0.29602819415092535
3.4456177490984827 0.3612063316350326 0.3552338329811104 0.3996380621037492 0.33056481680186667
3.648301146104276 0.39028980334108837 0.43417468475469045 0.43417468475469045 0.2565577682641353
3.850984543110069 0.3796431753058358 0.43417468475469045 0.35030002974526164 0.1874845229622527
4.053667940115862 0.35912894079888574 0.4539098976980855 0.33056481680186667 0.19241832619810148
4.2563513371216555 0.3222552534572793 0.40950566857544674 0.3157634070943204 0.202285932669799
4.4590347341274486 0.2594141806638372 0.33056481680186667 0.20721973590564774 0.1874845229622527
4.661718131133242 0.1957940863068401 0.222021145613194 0.21708734237734523 0.1677493100188577
4.864401528139035 0.13243366580436133 0.13814649060376516 0.14308029383961393 0.14801409707546268
5.067084925144828 0.08465367657298391 0.024669016179243778 0.1233450808962189 0.13814649060376516
5.269768322150621 0.05219444475818947 0.009867606471697512 0.09867606471697511 0.09867606471697511
5.472451719156414 0.02934314556057418 0.0 0.05427183559433631 0.08387465500942885
5.675135116162207 0.019994886797913378 0.004933803235848756 0.049338032358487556 0.05920563883018507
5.877818513168 0.013762714289472844 0.0 0.024669016179243778 0.029602819415092536
6.080501910173793 0.008309563344587378 0.0 0.024669016179243778 0.009867606471697512
