0.0 0.10360986795282387 0.07400704853773134 0.2565577682641353 0.0888084582452776
0.2026833970057931 0.1500914879116095 0.09867606471697511 0.2762929812075303 0.15294790031131142
0.4053667940115862 0.20306495423335405 0.10360986795282387 0.2664253747358328 0.1776169164905552
0.6080501910173793 0.253441682009915 0.29602819415092535 0.26149157149998403 0.21708734237734523
0.8107335880231724 0.3142053639672102 0.39470425886790045 0.32563101356601787 0.26149157149998403
1.0134169850289656 0.35471448527207367 0.3108296038584716 0.2762929812075303 0.2762929812075303
1.2161003820347587 0.39522360657693717 0.5476521591792118 0.23682255532074029 0.3009619973867741
1.4187837790405518 0.40872664701189165 0.5377845527075144 0.24175635855658903 0.3552338329811104
1.6214671760463448 0.4539098976980855 0.5427183559433632 0.32563101356601787 0.36016763621695913
1.824150573052138 0.4282021861007683 0.43417468475469045 0.222021145613194 0.43417468475469045
2.026833970057931 0.38795273865042323 0.43910848799053925 0.3009619973867741 0.3552338329811104
2.2295173670637243 0.2853815661156728 0.3206972103301691 0.28616058767922786 0.44897609446223674
2.4322007640695174 0.22409853644934083 0.11841127766037014 0.29109439091507655 0.29109439091507655
2.6348841610753104 0.17579919950892672 0.05920563883018507 0.21708734237734523 0.29109439091507655
2.8375675580811035 0.14178192456702213 0.09867606471697511 0.1776169164905552 0.24175635855658903
3.0402509550868966 0.12204671162362711 0.05427183559433631 0.10854367118867261 0.1776169164905552
3.2429343520926897 0.10490823722541565 0.05427183559433631 0.09374226148112635 0.15294790031131142
3.4456177490984827 0.08231661188231872 0.06907324530188258 0.03947042588679005 0.08387465500942885
3.648301146104276 0.0607636819572952 0.11347747442452137 0.05920563883018507 0.06907324530188258
3.850984543110069 0.03869140432323498 0.08387465500942885 0.004933803235848756 0.019735212943395024
4.053667940115862 0.023630320761170356 0.049338032358487556 0.019735212943395024 0.0
4.2563513371216555 0.013503040434954488 0.0444042291226388 0.0 0.009867606471697512
4.4590347341274486 0.006751520217477244 0.009867606471697512 0.009867606471697512 0.0
4.661718131133242 0.003375760108738622 0.004933803235848756 0.019735212943395024 0.004933803235848756
4.864401528139035 0.0007790215635550667 0.0 0.004933803235848756 0.0
5.067084925144828 0.003895107817775333 0.0 0.029602819415092536 0.0
5.269768322150621 0.009607932617179156 0.0 0.06413944206603382 0.0
5.472451719156414 0.016619126689174757 0.0 0.11347747442452137 0.019735212943395024
5.675135116162207 0.032199557960276085 0.014801409707546268 0.12827888413206764 0.024669016179243778
5.877818513168 0.05427183559433631 0.019735212943395024 0.14801409707546268 0.05427183559433631
6.080501910173793 0.08023922104617186 0.03947042588679005 0.12827888413206764 0.06413944206603382
