0.0 0.18878289223484448 0.1874845229622527 0.1874845229622527 0.202285932669799
0.2026833970057931 0.2360435337571852 0.15294790031131142 0.20721973590564774 0.21708734237734523
0.4053667940115862 0.30511677905906776 0.2664253747358328 0.2565577682641353 0.33056481680186667
0.6080501910173793 0.32874709982023814 0.32563101356601787 0.28616058767922786 0.3108296038584716
0.8107335880231724 0.3458855742184496 0.28616058767922786 0.30589580062262284 0.35030002974526164
1.0134169850289656 0.34562590036393126 0.30589580062262284 0.24175635855658903 0.37990284916035416
1.2161003820347587 0.3445872049458579 0.2762929812075303 0.3453662265094129 0.36016763621695913
1.4187837790405518 0.3362776416012705 0.3651014394528079 0.2713591779716816 0.38483665239620296
1.6214671760463448 0.2949894987328519 0.3157634070943204 0.24175635855658903 0.29109439091507655
1.824150573052138 0.2962878680054437 0.404571865339598 0.21708734237734523 0.3453662265094129
2.026833970057931 0.26512700546324103 0.32563101356601787 0.21708734237734523 0.2466901617924378
2.2295173670637243 0.21890505935897372 0.25162396502828654 0.19241832619810148 0.23188875208489151
2.4322007640695174 0.1926780000526198 0.17268311325470645 0.1874845229622527 0.19241832619810148
2.6348841610753104 0.15268822645679309 0.13814649060376516 0.17268311325470645 0.1578817035471602
2.8375675580811035 0.1274998625685126 0.11841127766037014 0.202285932669799 0.07400704853773134
3.0402509550868966 0.1028308463892688 0.10854367118867261 0.1578817035471602 0.09374226148112635
3.2429343520926897 0.07166998384706613 0.0444042291226388 0.11841127766037014 0.029602819415092536
3.4456177490984827 0.05660890028500151 0.05427183559433631 0.08387465500942885 0.05427183559433631
3.648301146104276 0.05219444475818947 0.049338032358487556 0.0789408517735801 0.05920563883018507
3.850984543110069 0.034796296505459644 0.024669016179243778 0.049338032358487556 0.0444042291226388
4.053667940115862 0.016619126689174757 0.019735212943395024 0.019735212943395024 0.024669016179243778
4.2563513371216555 0.011944997307844357 0.004933803235848756 0.03947042588679005 0.009867606471697512
4.4590347341274486 0.014022388143991201 0.009867606471697512 0.05920563883018507 0.019735212943395024
4.661718131133242 0.0210335822159868 0.0 0.07400704853773134 0.019735212943395024
4.864401528139035 0.025967385451835554 0.009867606471697512 0.05427183559433631 0.004933803235848756
5.067084925144828 0.03557531806901471 0.029602819415092536 0.049338032358487556 0.014801409707546268
5.269768322150621 0.045962272249748935 0.03453662265094129 0.0789408517735801 0.03947042588679005
5.472451719156414 0.06855389759284587 0.13814649060376516 0.09867606471697511 0.03947042588679005
5.675135116162207 0.09893573857149346 0.16281550678300893 0.09867606471697511 0.06907324530188258
5.877818513168 0.1274998625685126 0.1874845229622527 0.12827888413206764 0.1233450808962189
6.080501910173793 0.17034604856404123 0.16281550678300893 0.21215353914149648 0.21215353914149648
