0.0 0.20358430194239074 0.222021145613194 0.21215353914149648 0.14801409707546268
0.2026833970057931 0.2020262588152806 0.26149157149998403 0.222021145613194 0.11841127766037014
0.4053667940115862 0.22072277634060222 0.28122678444337906 0.3108296038584716 0.202285932669799
0.6080501910173793 0.2160486469592718 0.1874845229622527 0.1874845229622527 0.19735212943395022
0.8107335880231724 0.21916473321349209 0.19735212943395022 0.2466901617924378 0.19735212943395022
1.0134169850289656 0.2160486469592718 0.1874845229622527 0.1776169164905552 0.22695494884904274
1.2161003820347587 0.19891017256106033 0.1332126873679164 0.23188875208489151 0.21215353914149648
1.4187837790405518 0.178915285763147 0.15294790031131142 0.17268311325470645 0.202285932669799
1.6214671760463448 0.16878800543693112 0.1776169164905552 0.18255071972640394 0.18255071972640394
1.824150573052138 0.15216887874775636 0.18255071972640394 0.1233450808962189 0.18255071972640394
2.026833970057931 0.12126769006007204 0.1776169164905552 0.06413944206603382 0.11841127766037014
2.2295173670637243 0.09140519679046116 0.0888084582452776 0.10360986795282387 0.1332126873679164
2.4322007640695174 0.07816183021002501 0.0888084582452776 0.06413944206603382 0.11841127766037014
2.6348841610753104 0.05868629112114836 0.0444042291226388 0.03947042588679005 0.09867606471697511
2.8375675580811035 0.04258651214101031 0.03947042588679005 0.029602819415092536 0.09374226148112635
3.0402509550868966 0.05427183559433631 0.03947042588679005 0.03947042588679005 0.06907324530188258
3.2429343520926897 0.061023355811813555 0.03947042588679005 0.03453662265094129 0.0888084582452776
3.4456177490984827 0.07063128842899272 0.09867606471697511 0.03947042588679005 0.14308029383961393
3.648301146104276 0.08543269813653899 0.10360986795282387 0.0888084582452776 0.09867606471697511
3.850984543110069 0.1023114986802321 0.11841127766037014 0.07400704853773134 0.0888084582452776
4.053667940115862 0.11996932078748027 0.1233450808962189 0.14308029383961393 0.1233450808962189
4.2563513371216555 0.14308029383961393 0.11347747442452137 0.1332126873679164 0.1578817035471602
4.4590347341274486 0.2004682156881705 0.1332126873679164 0.25162396502828654 0.19735212943395022
4.661718131133242 0.21552929925023512 0.1874845229622527 0.1874845229622527 0.1776169164905552
4.864401528139035 0.2144906038321617 0.21215353914149648 0.23188875208489151 0.22695494884904274
5.067084925144828 0.24097733699303395 0.23682255532074029 0.2713591779716816 0.2466901617924378
5.269768322150621 0.2331871213574833 0.24175635855658903 0.23188875208489151 0.21708734237734523
5.472451719156414 0.23110973052133643 0.1874845229622527 0.21215353914149648 0.23682255532074029
5.675135116162207 0.2144906038321617 0.2565577682641353 0.21708734237734523 0.1776169164905552
5.877818513168 0.19241832619810148 0.21215353914149648 0.16281550678300893 0.14308029383961393
6.080501910173793 0.1859264798351426 0.20721973590564774 0.2466901617924378 0.10854367118867261
