0.0 0.14308029383961393 0.14308029383961393 0.17268311325470645 0.16281550678300893
0.2026833970057931 0.14697540165738923 0.11841127766037014 0.1578817035471602 0.10360986795282387
0.4053667940115862 0.1542462695839032 0.20721973590564774 0.21215353914149648 0.12827888413206764
0.6080501910173793 0.1929376739071382 0.18255071972640394 0.24175635855658903 0.1874845229622527
0.8107335880231724 0.22955168739422632 0.1874845229622527 0.222021145613194 0.22695494884904274
1.0134169850289656 0.2617512453545024 0.2565577682641353 0.28616058767922786 0.1874845229622527
1.2161003820347587 0.2822654798614525 0.2565577682641353 0.2664253747358328 0.19241832619810148
1.4187837790405518 0.28875732622441136 0.3108296038584716 0.32563101356601787 0.2565577682641353
1.6214671760463448 0.32874709982023814 0.2713591779716816 0.3552338329811104 0.28122678444337906
1.824150573052138 0.3297857952383116 0.32563101356601787 0.39470425886790045 0.3157634070943204
2.026833970057931 0.30485710520454945 0.3157634070943204 0.28122678444337906 0.29109439091507655
2.2295173670637243 0.27837037204367715 0.28616058767922786 0.24175635855658903 0.23188875208489151
2.4322007640695174 0.26928178713553474 0.2664253747358328 0.21215353914149648 0.2466901617924378
2.6348841610753104 0.21319223455956993 0.3009619973867741 0.21708734237734523 0.23682255532074029
2.8375675580811035 0.17735724263603683 0.21708734237734523 0.15294790031131142 0.14308029383961393
3.0402509550868966 0.12516279787784737 0.15294790031131142 0.10360986795282387 0.14308029383961393
3.2429343520926897 0.08673106740913075 0.08387465500942885 0.06413944206603382 0.10854367118867261
3.4456177490984827 0.0724490054106212 0.0444042291226388 0.0789408517735801 0.0789408517735801
3.648301146104276 0.07037161457447436 0.06907324530188258 0.08387465500942885 0.0888084582452776
3.850984543110069 0.0776424825009883 0.049338032358487556 0.0789408517735801 0.07400704853773134
4.053667940115862 0.09607932617179156 0.0888084582452776 0.06907324530188258 0.10360986795282387
4.2563513371216555 0.08906813209979596 0.1233450808962189 0.09867606471697511 0.06907324530188258
4.4590347341274486 0.0859520458455757 0.11347747442452137 0.13814649060376516 0.0789408517735801
4.661718131133242 0.0654378113386256 0.05427183559433631 0.0444042291226388 0.10360986795282387
4.864401528139035 0.057647595703074934 0.024669016179243778 0.0789408517735801 0.1332126873679164
5.067084925144828 0.048559010794932495 0.029602819415092536 0.019735212943395024 0.10360986795282387
5.269768322150621 0.05894596497566671 0.019735212943395024 0.05920563883018507 0.11841127766037014
5.472451719156414 0.070111940719956 0.06907324530188258 0.03947042588679005 0.11347747442452137
5.675135116162207 0.09270356606305294 0.09867606471697511 0.06413944206603382 0.18255071972640394
5.877818513168 0.11036138817030111 0.1578817035471602 0.0789408517735801 0.11347747442452137
6.080501910173793 0.12542247173236573 0.10854367118867261 0.09374226148112635 0.12827888413206764
