0.0 0.23708222917525862 0.23188875208489151 0.20721973590564774 0.23682255532074029
0.2026833970057931 0.29732656342351715 0.3157634070943204 0.24175635855658903 0.3552338329811104
0.4053667940115862 0.3323825337834951 0.30589580062262284 0.28122678444337906 0.3453662265094129
0.6080501910173793 0.346924269636523 0.28616058767922786 0.28122678444337906 0.3354986200377154
0.8107335880231724 0.3448468788003762 0.3897704556320517 0.3453662265094129 0.35030002974526164
1.0134169850289656 0.3253713397114995 0.36016763621695913 0.3453662265094129 0.3108296038584716
1.2161003820347587 0.30641514833165956 0.39470425886790045 0.26149157149998403 0.26149157149998403
1.4187837790405518 0.2838235229885626 0.30589580062262284 0.21215353914149648 0.24175635855658903
1.6214671760463448 0.26071254993642895 0.3009619973867741 0.28616058767922786 0.14801409707546268
1.824150573052138 0.2041036496514275 0.23188875208489151 0.1233450808962189 0.23682255532074029
2.026833970057931 0.18203137201736724 0.1776169164905552 0.15294790031131142 0.202285932669799
2.2295173670637243 0.1508705094751646 0.1332126873679164 0.1874845229622527 0.13814649060376516
2.4322007640695174 0.12594181944140245 0.08387465500942885 0.25162396502828654 0.08387465500942885
2.6348841610753104 0.1163338868242233 0.07400704853773134 0.1578817035471602 0.10854367118867261
2.8375675580811035 0.10854367118867261 0.06413944206603382 0.1677493100188577 0.09867606471697511
3.0402509550868966 0.09997443398956689 0.10854367118867261 0.18255071972640394 0.09867606471697511
3.2429343520926897 0.09789704315342004 0.10854367118867261 0.09867606471697511 0.10854367118867261
3.4456177490984827 0.08517302428202062 0.07400704853773134 0.10360986795282387 0.0888084582452776
3.648301146104276 0.06907324530188258 0.08387465500942885 0.05920563883018507 0.0444042291226388
3.850984543110069 0.0654378113386256 0.0789408517735801 0.05920563883018507 0.08387465500942885
4.053667940115862 0.05634922643048316 0.03453662265094129 0.06413944206603382 0.03947042588679005
4.2563513371216555 0.05245411861270782 0.03453662265094129 0.03453662265094129 0.049338032358487556
4.4590347341274486 0.0420671644319736 0.029602819415092536 0.0444042291226388 0.03947042588679005
4.661718131133242 0.04258651214101031 0.049338032358487556 0.10360986795282387 0.049338032358487556
4.864401528139035 0.035834991923533066 0.05920563883018507 0.06907324530188258 0.029602819415092536
5.067084925144828 0.04128814286841853 0.024669016179243778 0.06413944206603382 0.08387465500942885
5.269768322150621 0.0607636819572952 0.07400704853773134 0.049338032358487556 0.09374226148112635
5.472451719156414 0.0893278059543143 0.049338032358487556 0.08387465500942885 0.1332126873679164
5.675135116162207 0.10698562806156249 0.09374226148112635 0.12827888413206764 0.10360986795282387
5.877818513168 0.151909204893238 0.11841127766037014 0.1332126873679164 0.15294790031131142
6.080501910173793 0.21397125612312498 0.2565577682641353 0.15294790031131142 0.28122678444337906
