0.0 0.2642325732976778 0.3009619973867741 0.20721973590564774 0.1874845229622527
0.2026833970057931 0.28616058767922786 0.2713591779716816 0.222021145613194 0.25162396502828654
0.4053667940115862 0.3245346128469404 0.32563101356601787 0.3453662265094129 0.35030002974526164
0.6080501910173793 0.3130224052966266 0.3453662265094129 0.3157634070943204 0.29109439091507655
0.8107335880231724 0.31631160745385906 0.3453662265094129 0.2466901617924378 0.3453662265094129
1.0134169850289656 0.29822099558908033 0.3157634070943204 0.202285932669799 0.29602819415092535
1.2161003820347587 0.2653289740167553 0.19241832619810148 0.25162396502828654 0.29109439091507655
1.4187837790405518 0.23517795424212404 0.222021145613194 0.26149157149998403 0.2762929812075303
1.6214671760463448 0.20064133159118272 0.15294790031131142 0.25162396502828654 0.21215353914149648
1.824150573052138 0.17049031181655144 0.1677493100188577 0.13814649060376516 0.22695494884904274
2.026833970057931 0.1507550988731564 0.19241832619810148 0.1332126873679164 0.1332126873679164
2.2295173670637243 0.14253209348007514 0.10360986795282387 0.18255071972640394 0.11347747442452137
2.4322007640695174 0.12937528485114516 0.1677493100188577 0.16281550678300893 0.09867606471697511
2.6348841610753104 0.10360986795282387 0.06907324530188258 0.11347747442452137 0.11841127766037014
2.8375675580811035 0.09319406112158761 0.09374226148112635 0.10854367118867261 0.09867606471697511
3.0402509550868966 0.08606745644758385 0.08387465500942885 0.08387465500942885 0.0888084582452776
3.2429343520926897 0.06962144566142132 0.08387465500942885 0.09867606471697511 0.05920563883018507
3.4456177490984827 0.08003725249265758 0.10360986795282387 0.0789408517735801 0.049338032358487556
3.648301146104276 0.07455524889727008 0.06907324530188258 0.0444042291226388 0.05427183559433631
3.850984543110069 0.06852504494234382 0.07400704853773134 0.024669016179243778 0.08387465500942885
4.053667940115862 0.06797684458280508 0.0888084582452776 0.06907324530188258 0.0888084582452776
4.2563513371216555 0.05920563883018507 0.0789408517735801 0.06413944206603382 0.0888084582452776
4.4590347341274486 0.07126604674003757 0.06907324530188258 0.0789408517735801 0.08387465500942885
4.661718131133242 0.07729625069496383 0.06413944206603382 0.0789408517735801 0.0789408517735801
4.864401528139035 0.08058545285219633 0.06413944206603382 0.0888084582452776 0.11841127766037014
5.067084925144828 0.08387465500942885 0.05427183559433631 0.10360986795282387 0.09867606471697511
5.269768322150621 0.09867606471697511 0.0888084582452776 0.1332126873679164 0.09867606471697511
5.472451719156414 0.12279688053668013 0.09374226148112635 0.21708734237734523 0.09867606471697511
5.675135116162207 0.16281550678300893 0.18255071972640394 0.1578817035471602 0.19241832619810148
5.877818513168 0.19461112763625646 0.20721973590564774 0.1874845229622527 0.19735212943395022
6.080501910173793 0.2423045589161278 0.26149157149998403 0.28122678444337906 0.16281550678300893
