0.0 0.1765205157714777 0.1874845229622527 0.202285932669799 0.16281550678300893
0.2026833970057931 0.21708734237734523 0.20721973590564774 0.1776169164905552 0.21215353914149648
0.4053667940115862 0.20173773231026024 0.1874845229622527 0.1677493100188577 0.19241832619810148
0.6080501910173793 0.208864336984264 0.19241832619810148 0.19241832619810148 0.21215353914149648
0.8107335880231724 0.20721973590564774 0.19735212943395022 0.22695494884904274 0.22695494884904274
1.0134169850289656 0.18967732440040774 0.21708734237734523 0.21708734237734523 0.17268311325470645
1.2161003820347587 0.17103851217609017 0.15294790031131142 0.16281550678300893 0.1332126873679164
1.4187837790405518 0.16720110965931895 0.14801409707546268 0.15294790031131142 0.1874845229622527
1.6214671760463448 0.14198389312053641 0.14801409707546268 0.17268311325470645 0.14801409707546268
1.824150573052138 0.12718248341299015 0.1332126873679164 0.10854367118867261 0.19241832619810148
2.026833970057931 0.10525446903144012 0.12827888413206764 0.09374226148112635 0.1332126873679164
2.2295173670637243 0.10415806831236263 0.08387465500942885 0.10854367118867261 0.11347747442452137
2.4322007640695174 0.08058545285219633 0.06907324530188258 0.08387465500942885 0.09867606471697511
2.6348841610753104 0.07948905213311884 0.0888084582452776 0.11841127766037014 0.05427183559433631
2.8375675580811035 0.07839265141404135 0.06413944206603382 0.06413944206603382 0.06907324530188258
3.0402509550868966 0.07784445105450259 0.0789408517735801 0.0888084582452776 0.08387465500942885
3.2429343520926897 0.0877120575262001 0.05427183559433631 0.0888084582452776 0.13814649060376516
3.4456177490984827 0.10689907011005638 0.1332126873679164 0.11841127766037014 0.09867606471697511
3.648301146104276 0.13047168557022265 0.09867606471697511 0.14801409707546268 0.13814649060376516
3.850984543110069 0.15568890210900518 0.1874845229622527 0.13814649060376516 0.13814649060376516
4.053667940115862 0.1968039290744115 0.15294790031131142 0.1874845229622527 0.22695494884904274
4.2563513371216555 0.19625572871487273 0.20721973590564774 0.1578817035471602 0.21215353914149648
4.4590347341274486 0.19735212943395022 0.222021145613194 0.222021145613194 0.1874845229622527
4.661718131133242 0.20721973590564774 0.202285932669799 0.20721973590564774 0.22695494884904274
4.864401528139035 0.19132192547902396 0.1776169164905552 0.202285932669799 0.15294790031131142
5.067084925144828 0.18912912404086896 0.14308029383961393 0.17268311325470645 0.21215353914149648
5.269768322150621 0.18583992188363646 0.23682255532074029 0.22695494884904274 0.14308029383961393
5.472451719156414 0.1841953208050202 0.23682255532074029 0.14308029383961393 0.1332126873679164
5.675135116162207 0.20009313123164396 0.2713591779716816 0.19241832619810148 0.15294790031131142
5.877818513168 0.17926151756917147 0.12827888413206764 0.202285932669799 0.18255071972640394
6.080501910173793 0.19132192547902396 0.19735212943395022 0.1874845229622527 0.19735212943395022
