0.0 0.30589580062262284 0.2762929812075303 0.35030002974526164 0.25162396502828654
0.2026833970057931 0.25546136754505777 0.2713591779716816 0.25162396502828654 0.19241832619810148
0.4053667940115862 0.2521721653878253 0.29109439091507655 0.23682255532074029 0.21215353914149648
0.6080501910173793 0.23737075568027902 0.202285932669799 0.23682255532074029 0.19241832619810148
0.8107335880231724 0.2209247448941165 0.1578817035471602 0.19735212943395022 0.2713591779716816
1.0134169850289656 0.18364712044548145 0.19735212943395022 0.18255071972640394 0.22695494884904274
1.2161003820347587 0.13869469096330392 0.10854367118867261 0.1332126873679164 0.19735212943395022
1.4187837790405518 0.11073647262682762 0.09374226148112635 0.1332126873679164 0.16281550678300893
1.6214671760463448 0.0877120575262001 0.08387465500942885 0.0789408517735801 0.0789408517735801
1.824150573052138 0.0789408517735801 0.06907324530188258 0.07400704853773134 0.09867606471697511
2.026833970057931 0.06523584278511133 0.07400704853773134 0.09867606471697511 0.08387465500942885
2.2295173670637243 0.06249484098741757 0.049338032358487556 0.03947042588679005 0.09867606471697511
2.4322007640695174 0.06359124170649508 0.06907324530188258 0.08387465500942885 0.05427183559433631
2.6348841610753104 0.05317543487525882 0.06907324530188258 0.07400704853773134 0.03947042588679005
2.8375675580811035 0.05920563883018507 0.029602819415092536 0.08387465500942885 0.05920563883018507
3.0402509550868966 0.05536823631341381 0.05427183559433631 0.03947042588679005 0.05920563883018507
3.2429343520926897 0.06413944206603382 0.0444042291226388 0.0789408517735801 0.0789408517735801
3.4456177490984827 0.07839265141404135 0.10854367118867261 0.05920563883018507 0.03947042588679005
3.648301146104276 0.08058545285219633 0.1233450808962189 0.06413944206603382 0.05427183559433631
3.850984543110069 0.07674805033542509 0.06413944206603382 0.07400704853773134 0.09867606471697511
4.053667940115862 0.0899048589643551 0.0789408517735801 0.10854367118867261 0.09374226148112635
4.2563513371216555 0.09593506291928136 0.09867606471697511 0.07400704853773134 0.14801409707546268
4.4590347341274486 0.12608608269391264 0.06907324530188258 0.14308029383961393 0.1677493100188577
4.661718131133242 0.14033929204192017 0.10854367118867261 0.15294790031131142 0.15294790031131142
4.864401528139035 0.19187012583856272 0.1677493100188577 0.24175635855658903 0.2565577682641353
5.067084925144828 0.23901535675889526 0.20721973590564774 0.222021145613194 0.28122678444337906
5.269768322150621 0.2642325732976778 0.202285932669799 0.29602819415092535 0.24175635855658903
5.472451719156414 0.28835338911738284 0.29602819415092535 0.25162396502828654 0.24175635855658903
5.675135116162207 0.31466700637524286 0.38483665239620296 0.28616058767922786 0.25162396502828654
5.877818513168 0.3124742049370879 0.46871130740563177 0.28616058767922786 0.23682255532074029
6.080501910173793 0.34043242327356416 0.4144394718112955 0.3009619973867741 0.3108296038584716
