0.0 0.1721349128951677 0.21708734237734523 0.202285932669799 0.1677493100188577
0.2026833970057931 0.19790032979348898 0.14801409707546268 0.19241832619810148 0.18255071972640394
0.4053667940115862 0.19515932799579522 0.1874845229622527 0.2466901617924378 0.202285932669799
0.6080501910173793 0.1874845229622527 0.14308029383961393 0.202285932669799 0.1874845229622527
0.8107335880231724 0.18255071972640394 0.1332126873679164 0.19735212943395022 0.222021145613194
1.0134169850289656 0.1776169164905552 0.202285932669799 0.13814649060376516 0.16281550678300893
1.2161003820347587 0.2011895319507215 0.1776169164905552 0.23188875208489151 0.202285932669799
1.4187837790405518 0.17377951397378397 0.1874845229622527 0.1874845229622527 0.17268311325470645
1.6214671760463448 0.19461112763625646 0.20721973590564774 0.202285932669799 0.202285932669799
1.824150573052138 0.18364712044548145 0.202285932669799 0.17268311325470645 0.18255071972640394
2.026833970057931 0.19735212943395022 0.17268311325470645 0.21215353914149648 0.202285932669799
2.2295173670637243 0.18912912404086896 0.16281550678300893 0.19241832619810148 0.14308029383961393
2.4322007640695174 0.18255071972640394 0.19241832619810148 0.21215353914149648 0.1677493100188577
2.6348841610753104 0.1798097179287102 0.18255071972640394 0.1776169164905552 0.17268311325470645
2.8375675580811035 0.17268311325470645 0.25162396502828654 0.14801409707546268 0.10854367118867261
3.0402509550868966 0.15185149959223393 0.14308029383961393 0.10854367118867261 0.14801409707546268
3.2429343520926897 0.14033929204192017 0.1332126873679164 0.1332126873679164 0.13814649060376516
3.4456177490984827 0.11347747442452137 0.1578817035471602 0.0888084582452776 0.1233450808962189
3.648301146104276 0.12827888413206764 0.1332126873679164 0.10854367118867261 0.10360986795282387
3.850984543110069 0.10744727046959512 0.13814649060376516 0.09867606471697511 0.11347747442452137
4.053667940115862 0.12608608269391264 0.15294790031131142 0.09374226148112635 0.12827888413206764
4.2563513371216555 0.10854367118867261 0.06413944206603382 0.15294790031131142 0.16281550678300893
4.4590347341274486 0.10525446903144012 0.10854367118867261 0.06907324530188258 0.10854367118867261
4.661718131133242 0.09812786435743637 0.07400704853773134 0.06907324530188258 0.14308029383961393
4.864401528139035 0.11128467298636636 0.09867606471697511 0.11841127766037014 0.17268311325470645
5.067084925144828 0.11895947801990889 0.09374226148112635 0.0789408517735801 0.14308029383961393
5.269768322150621 0.13101988592976138 0.09867606471697511 0.14801409707546268 0.1578817035471602
5.472451719156414 0.1754241150524002 0.21215353914149648 0.17268311325470645 0.14308029383961393
5.675135116162207 0.17816511685009392 0.20721973590564774 0.19735212943395022 0.1332126873679164
5.877818513168 0.1820025193668652 0.1578817035471602 0.18255071972640394 0.19735212943395022
6.080501910173793 0.16994211145701268 0.19241832619810148 0.19735212943395022 0.13814649060376516
