0.0 0.19187012583856272 0.2713591779716816 0.1874845229622527 0.18255071972640394
0.2026833970057931 0.15952630462577644 0.1874845229622527 0.14308029383961393 0.1578817035471602
0.4053667940115862 0.18255071972640394 0.22695494884904274 0.1233450808962189 0.17268311325470645
0.6080501910173793 0.1820025193668652 0.1677493100188577 0.19735212943395022 0.13814649060376516
0.8107335880231724 0.16720110965931895 0.13814649060376516 0.17268311325470645 0.16281550678300893
1.0134169850289656 0.14033929204192017 0.14801409707546268 0.1578817035471602 0.14801409707546268
1.2161003820347587 0.1321162866488389 0.1578817035471602 0.1332126873679164 0.16281550678300893
1.4187837790405518 0.10415806831236263 0.08387465500942885 0.16281550678300893 0.09374226148112635
1.6214671760463448 0.10086886615513012 0.0789408517735801 0.1776169164905552 0.09867606471697511
1.824150573052138 0.10032066579559136 0.0444042291226388 0.1677493100188577 0.10854367118867261
2.026833970057931 0.10580266939097886 0.05920563883018507 0.16281550678300893 0.10360986795282387
2.2295173670637243 0.11841127766037014 0.10360986795282387 0.19241832619810148 0.06907324530188258
2.4322007640695174 0.1211522794580639 0.11841127766037014 0.14308029383961393 0.14801409707546268
2.6348841610753104 0.16062270534485393 0.11841127766037014 0.16281550678300893 0.11347747442452137
2.8375675580811035 0.17158671253562893 0.1578817035471602 0.19241832619810148 0.14308029383961393
3.0402509550868966 0.20996073770334148 0.2664253747358328 0.17268311325470645 0.21708734237734523
3.2429343520926897 0.20009313123164396 0.19735212943395022 0.11841127766037014 0.21708734237734523
3.4456177490984827 0.23134055172535276 0.2466901617924378 0.16281550678300893 0.29602819415092535
3.648301146104276 0.24723836215197653 0.29109439091507655 0.19241832619810148 0.2466901617924378
3.850984543110069 0.224213947051349 0.28616058767922786 0.19241832619810148 0.19241832619810148
4.053667940115862 0.21599094165826774 0.2664253747358328 0.12827888413206764 0.20721973590564774
4.2563513371216555 0.18529172152409773 0.14801409707546268 0.12827888413206764 0.19241832619810148
4.4590347341274486 0.14636949599684643 0.1677493100188577 0.15294790031131142 0.14801409707546268
4.661718131133242 0.1343090880869939 0.12827888413206764 0.14308029383961393 0.16281550678300893
4.864401528139035 0.1365018895251489 0.11841127766037014 0.14801409707546268 0.1776169164905552
5.067084925144828 0.12279688053668013 0.06907324530188258 0.1332126873679164 0.18255071972640394
5.269768322150621 0.11457387514359887 0.08387465500942885 0.14801409707546268 0.14801409707546268
5.472451719156414 0.12718248341299015 0.09867606471697511 0.12827888413206764 0.19241832619810148
5.675135116162207 0.16117090570439266 0.15294790031131142 0.1776169164905552 0.11841127766037014
5.877818513168 0.16007450498531517 0.14308029383961393 0.16281550678300893 0.11347747442452137
6.080501910173793 0.17816511685009392 0.20721973590564774 0.1677493100188577 0.11841127766037014
