0.0 0.25600956790459656 0.26149157149998403 0.1776169164905552 0.21215353914149648
0.2026833970057931 0.22585854812996525 0.21215353914149648 0.1874845229622527 0.2466901617924378
0.4053667940115862 0.25272036574736406 0.2713591779716816 0.2762929812075303 0.24175635855658903
0.6080501910173793 0.25600956790459656 0.29602819415092535 0.1578817035471602 0.19735212943395022
0.8107335880231724 0.22476214741088776 0.20721973590564774 0.1874845229622527 0.25162396502828654
1.0134169850289656 0.228599549927659 0.19241832619810148 0.21215353914149648 0.202285932669799
1.2161003820347587 0.1940629272767177 0.1874845229622527 0.2565577682641353 0.19735212943395022
1.4187837790405518 0.16994211145701268 0.11347747442452137 0.1874845229622527 0.17268311325470645
1.6214671760463448 0.14417669455869142 0.1677493100188577 0.13814649060376516 0.16281550678300893
1.824150573052138 0.14636949599684643 0.1578817035471602 0.17268311325470645 0.15294790031131142
2.026833970057931 0.1266342830534514 0.13814649060376516 0.1233450808962189 0.17268311325470645
2.2295173670637243 0.14253209348007514 0.12827888413206764 0.14308029383961393 0.14801409707546268
2.4322007640695174 0.14088749240145892 0.11841127766037014 0.15294790031131142 0.1776169164905552
2.6348841610753104 0.13924289132284265 0.1332126873679164 0.13814649060376516 0.14308029383961393
2.8375675580811035 0.14636949599684643 0.14801409707546268 0.1332126873679164 0.11347747442452137
3.0402509550868966 0.13814649060376516 0.16281550678300893 0.11841127766037014 0.1578817035471602
3.2429343520926897 0.13869469096330392 0.13814649060376516 0.11841127766037014 0.16281550678300893
3.4456177490984827 0.12005587873898638 0.11347747442452137 0.14801409707546268 0.08387465500942885
3.648301146104276 0.11402567478406013 0.1233450808962189 0.12827888413206764 0.1332126873679164
3.850984543110069 0.10360986795282387 0.11841127766037014 0.11841127766037014 0.07400704853773134
4.053667940115862 0.07674805033542509 0.05920563883018507 0.10360986795282387 0.0789408517735801
4.2563513371216555 0.0789408517735801 0.07400704853773134 0.09867606471697511 0.06413944206603382
4.4590347341274486 0.07729625069496383 0.0789408517735801 0.0888084582452776 0.06907324530188258
4.661718131133242 0.09977246543605262 0.08387465500942885 0.14801409707546268 0.11347747442452137
4.864401528139035 0.10525446903144012 0.0888084582452776 0.11347747442452137 0.11347747442452137
5.067084925144828 0.13376088772745515 0.1233450808962189 0.14308029383961393 0.1233450808962189
5.269768322150621 0.16117090570439266 0.21215353914149648 0.14308029383961393 0.15294790031131142
5.472451719156414 0.15568890210900518 0.14308029383961393 0.17268311325470645 0.1233450808962189
5.675135116162207 0.18693632260271395 0.2466901617924378 0.21215353914149648 0.18255071972640394
5.877818513168 0.21599094165826774 0.202285932669799 0.21215353914149648 0.22695494884904274
6.080501910173793 0.23353335316350776 0.23188875208489151 0.222021145613194 0.28122678444337906
