0.0 0.24723836215197653 0.29109439091507655 0.21708734237734523 0.1874845229622527
0.2026833970057931 0.232985152803969 0.23188875208489151 0.19241832619810148 0.28616058767922786
0.4053667940115862 0.1841953208050202 0.15294790031131142 0.1677493100188577 0.19241832619810148
0.6080501910173793 0.14801409707546268 0.12827888413206764 0.14308029383961393 0.1776169164905552
0.8107335880231724 0.10470626867190137 0.0888084582452776 0.1332126873679164 0.12827888413206764
1.0134169850289656 0.09154946004297135 0.049338032358487556 0.07400704853773134 0.14308029383961393
1.2161003820347587 0.06304304134695632 0.06907324530188258 0.049338032358487556 0.08387465500942885
1.4187837790405518 0.04988623271802631 0.049338032358487556 0.10854367118867261 0.03453662265094129
1.6214671760463448 0.054820035953875065 0.0444042291226388 0.06413944206603382 0.10854367118867261
1.824150573052138 0.04056682660586755 0.03947042588679005 0.05427183559433631 0.05427183559433631
2.026833970057931 0.05591643667295257 0.05920563883018507 0.0444042291226388 0.0789408517735801
2.2295173670637243 0.06852504494234382 0.06413944206603382 0.08387465500942885 0.05920563883018507
2.4322007640695174 0.07619984997588634 0.09867606471697511 0.08387465500942885 0.06413944206603382
2.6348841610753104 0.10744727046959512 0.10854367118867261 0.09867606471697511 0.06907324530188258
2.8375675580811035 0.11512207550313763 0.10854367118867261 0.10360986795282387 0.13814649060376516
3.0402509550868966 0.1397910916823814 0.11841127766037014 0.1677493100188577 0.12827888413206764
3.2429343520926897 0.15897810426623768 0.1578817035471602 0.21708734237734523 0.15294790031131142
3.4456177490984827 0.1578817035471602 0.1578817035471602 0.14801409707546268 0.14801409707546268
3.648301146104276 0.18255071972640394 0.22695494884904274 0.18255071972640394 0.1776169164905552
3.850984543110069 0.18474352116455897 0.14801409707546268 0.1874845229622527 0.202285932669799
4.053667940115862 0.16500830822116394 0.1776169164905552 0.0888084582452776 0.1874845229622527
4.2563513371216555 0.18967732440040774 0.1776169164905552 0.20721973590564774 0.19735212943395022
4.4590347341274486 0.2011895319507215 0.1776169164905552 0.18255071972640394 0.1874845229622527
4.661718131133242 0.19241832619810148 0.202285932669799 0.19735212943395022 0.1776169164905552
4.864401528139035 0.22037654453457775 0.2664253747358328 0.20721973590564774 0.23188875208489151
5.067084925144828 0.20283413302933773 0.21215353914149648 0.23188875208489151 0.10854367118867261
5.269768322150621 0.23462975388258525 0.29109439091507655 0.2713591779716816 0.21708734237734523
5.472451719156414 0.2576541689832128 0.30589580062262284 0.23188875208489151 0.21215353914149648
5.675135116162207 0.2708109776121428 0.26149157149998403 0.26149157149998403 0.28122678444337906
5.877818513168 0.27738938192660784 0.22695494884904274 0.3108296038584716 0.26149157149998403
6.080501910173793 0.2576541689832128 0.24175635855658903 0.222021145613194 0.2565577682641353
