0.0 0.226406748489504 0.26149157149998403 0.15294790031131142 0.202285932669799
0.2026833970057931 0.19241832619810148 0.2466901617924378 0.1776169164905552 0.1578817035471602
0.4053667940115862 0.21050893806288024 0.28616058767922786 0.22695494884904274 0.18255071972640394
0.6080501910173793 0.19735212943395022 0.24175635855658903 0.16281550678300893 0.19241832619810148
0.8107335880231724 0.15459250138992767 0.1677493100188577 0.16281550678300893 0.1332126873679164
1.0134169850289656 0.15842990390669892 0.1233450808962189 0.14308029383961393 0.1776169164905552
1.2161003820347587 0.1321162866488389 0.09867606471697511 0.18255071972640394 0.10360986795282387
1.4187837790405518 0.09977246543605262 0.0789408517735801 0.09374226148112635 0.1233450808962189
1.6214671760463448 0.08223005393081259 0.06413944206603382 0.09374226148112635 0.11841127766037014
1.824150573052138 0.09483866220020387 0.06907324530188258 0.13814649060376516 0.15294790031131142
2.026833970057931 0.08606745644758385 0.07400704853773134 0.10854367118867261 0.10854367118867261
2.2295173670637243 0.10306166759328511 0.10360986795282387 0.10854367118867261 0.10854367118867261
2.4322007640695174 0.12773068377252889 0.11347747442452137 0.1677493100188577 0.14801409707546268
2.6348841610753104 0.12718248341299015 0.11841127766037014 0.09374226148112635 0.14308029383961393
2.8375675580811035 0.16007450498531517 0.14801409707546268 0.1332126873679164 0.14801409707546268
3.0402509550868966 0.18803272332179147 0.22695494884904274 0.14308029383961393 0.16281550678300893
3.2429343520926897 0.208864336984264 0.23188875208489151 0.14801409707546268 0.202285932669799
3.4456177490984827 0.1968039290744115 0.24175635855658903 0.1332126873679164 0.20721973590564774
3.648301146104276 0.1765205157714777 0.15294790031131142 0.10854367118867261 0.19735212943395022
3.850984543110069 0.1567853028280827 0.1776169164905552 0.13814649060376516 0.14801409707546268
4.053667940115862 0.13595368916561015 0.1233450808962189 0.17268311325470645 0.1578817035471602
4.2563513371216555 0.14308029383961393 0.11841127766037014 0.18255071972640394 0.11841127766037014
4.4590347341274486 0.12827888413206764 0.14801409707546268 0.21215353914149648 0.12827888413206764
4.661718131133242 0.14308029383961393 0.10854367118867261 0.2466901617924378 0.1332126873679164
4.864401528139035 0.14472489491823015 0.09867606471697511 0.21215353914149648 0.12827888413206764
5.067084925144828 0.1622673064234702 0.11841127766037014 0.1578817035471602 0.1776169164905552
5.269768322150621 0.1830989200859427 0.202285932669799 0.17268311325470645 0.17268311325470645
5.472451719156414 0.19351472691717897 0.1874845229622527 0.1874845229622527 0.21215353914149648
5.675135116162207 0.19625572871487273 0.16281550678300893 0.1776169164905552 0.20721973590564774
5.877818513168 0.20941253734380275 0.21708734237734523 0.18255071972640394 0.202285932669799
6.080501910173793 0.2143463405796515 0.222021145613194 0.21215353914149648 0.1776169164905552
