0.0 0.12553788233437388 0.11347747442452137 0.14801409707546268 0.10360986795282387
0.2026833970057931 0.12498968197483513 0.10854367118867261 0.12827888413206764 0.14308029383961393
0.4053667940115862 0.13705008988468764 0.06413944206603382 0.11347747442452137 0.15294790031131142
0.6080501910173793 0.14911049779454016 0.15294790031131142 0.14801409707546268 0.15294790031131142
0.8107335880231724 0.14965869815407892 0.14801409707546268 0.19241832619810148 0.14308029383961393
1.0134169850289656 0.1540443010303889 0.15294790031131142 0.1332126873679164 0.17268311325470645
1.2161003820347587 0.1365018895251489 0.16281550678300893 0.19241832619810148 0.16281550678300893
1.4187837790405518 0.17597231541193895 0.12827888413206764 0.14801409707546268 0.16281550678300893
1.6214671760463448 0.1567853028280827 0.17268311325470645 0.16281550678300893 0.19241832619810148
1.824150573052138 0.18803272332179147 0.16281550678300893 0.19735212943395022 0.18255071972640394
2.026833970057931 0.18255071972640394 0.16281550678300893 0.202285932669799 0.222021145613194
2.2295173670637243 0.20557513482703146 0.23188875208489151 0.19735212943395022 0.19735212943395022
2.4322007640695174 0.19954493087210523 0.19241832619810148 0.13814649060376516 0.23188875208489151
2.6348841610753104 0.23079235136581402 0.2466901617924378 0.202285932669799 0.2664253747358328
2.8375675580811035 0.21708734237734523 0.222021145613194 0.1677493100188577 0.202285932669799
3.0402509550868966 0.22476214741088776 0.21215353914149648 0.18255071972640394 0.202285932669799
3.2429343520926897 0.23243695244443027 0.28122678444337906 0.21708734237734523 0.28616058767922786
3.4456177490984827 0.20502693446749273 0.20721973590564774 0.22695494884904274 0.16281550678300893
3.648301146104276 0.20173773231026024 0.23188875208489151 0.18255071972640394 0.18255071972640394
3.850984543110069 0.18035791828824896 0.18255071972640394 0.16281550678300893 0.16281550678300893
4.053667940115862 0.1765205157714777 0.13814649060376516 0.1776169164905552 0.14308029383961393
4.2563513371216555 0.15514070174946643 0.16281550678300893 0.1677493100188577 0.12827888413206764
4.4590347341274486 0.12005587873898638 0.16281550678300893 0.10360986795282387 0.14308029383961393
4.661718131133242 0.09757966399789761 0.11347747442452137 0.11841127766037014 0.10360986795282387
4.864401528139035 0.11512207550313763 0.11841127766037014 0.15294790031131142 0.10360986795282387
5.067084925144828 0.11786307730083138 0.08387465500942885 0.1233450808962189 0.049338032358487556
5.269768322150621 0.11402567478406013 0.1332126873679164 0.13814649060376516 0.09867606471697511
5.472451719156414 0.11786307730083138 0.13814649060376516 0.1677493100188577 0.11841127766037014
5.675135116162207 0.11347747442452137 0.10360986795282387 0.10360986795282387 0.14308029383961393
5.877818513168 0.11567027586267638 0.11347747442452137 0.1332126873679164 0.11347747442452137
6.080501910173793 0.11292927406498263 0.12827888413206764 0.10360986795282387 0.10360986795282387
