0.0 0.27026277725260406 0.3108296038584716 0.21215353914149648 0.19241832619810148
0.2026833970057931 0.24997936394967027 0.28122678444337906 0.2466901617924378 0.23188875208489151
0.4053667940115862 0.22969595064673654 0.2713591779716816 0.20721973590564774 0.21708734237734523
0.6080501910173793 0.23024415100627527 0.23188875208489151 0.30589580062262284 0.19241832619810148
0.8107335880231724 0.22037654453457775 0.202285932669799 0.202285932669799 0.2565577682641353
1.0134169850289656 0.18364712044548145 0.23188875208489151 0.1332126873679164 0.1578817035471602
1.2161003820347587 0.17597231541193895 0.1677493100188577 0.17268311325470645 0.1677493100188577
1.4187837790405518 0.13485728844653266 0.16281550678300893 0.10360986795282387 0.14308029383961393
1.6214671760463448 0.1288270844916064 0.1578817035471602 0.10854367118867261 0.1874845229622527
1.824150573052138 0.11292927406498263 0.10360986795282387 0.08387465500942885 0.10360986795282387
2.026833970057931 0.10909187154821139 0.08387465500942885 0.1332126873679164 0.1233450808962189
2.2295173670637243 0.09922426507651386 0.09374226148112635 0.12827888413206764 0.12827888413206764
2.4322007640695174 0.0899048589643551 0.05920563883018507 0.0789408517735801 0.1332126873679164
2.6348841610753104 0.07619984997588634 0.0789408517735801 0.08387465500942885 0.05427183559433631
2.8375675580811035 0.0866156568071226 0.06413944206603382 0.08387465500942885 0.10854367118867261
3.0402509550868966 0.08387465500942885 0.09374226148112635 0.09374226148112635 0.10360986795282387
3.2429343520926897 0.09977246543605262 0.09374226148112635 0.09374226148112635 0.10360986795282387
3.4456177490984827 0.11018827226728888 0.14308029383961393 0.12827888413206764 0.08387465500942885
3.648301146104276 0.10799547082913387 0.08387465500942885 0.10360986795282387 0.11347747442452137
3.850984543110069 0.11621847622221514 0.09374226148112635 0.11841127766037014 0.1233450808962189
4.053667940115862 0.0920976604025101 0.06907324530188258 0.10360986795282387 0.0888084582452776
4.2563513371216555 0.11292927406498263 0.10854367118867261 0.10854367118867261 0.16281550678300893
4.4590347341274486 0.11512207550313763 0.1233450808962189 0.1332126873679164 0.12827888413206764
4.661718131133242 0.14033929204192017 0.1332126873679164 0.13814649060376516 0.202285932669799
4.864401528139035 0.15952630462577644 0.12827888413206764 0.1677493100188577 0.1332126873679164
5.067084925144828 0.18090611864778772 0.1332126873679164 0.20721973590564774 0.19735212943395022
5.269768322150621 0.20612333518657022 0.24175635855658903 0.2466901617924378 0.202285932669799
5.472451719156414 0.23737075568027902 0.2466901617924378 0.24175635855658903 0.21215353914149648
5.675135116162207 0.24340095963520528 0.202285932669799 0.2713591779716816 0.2565577682641353
5.877818513168 0.2708109776121428 0.25162396502828654 0.2713591779716816 0.202285932669799
6.080501910173793 0.25929877006182905 0.28616058767922786 0.222021145613194 0.222021145613194
