0.0 0.23600594880644674 0.024509861236151884 0.04551831372428206 0.34313805730612634
0.5711986642890533 0.17794855872799276 0.04551831372428206 0.09453803619658584 0.2521014298575622
1.1423973285781066 0.09393308075844596 0.03851549622823867 0.09803944494460753 0.17507043740108488
1.7135959928671598 0.08181564001267454 0.10854367118867263 0.17156902865306317 0.1400563499208679
2.284794657156213 0.15312705378128397 0.30112115232986597 0.20658311613328015 0.09453803619658584
2.8559933214452666 0.25800432837516946 0.4901972247230377 0.33963664855810466 0.07703099245647733
3.4271919857343196 0.25519953498015735 0.4586845459908424 0.3466394660541481 0.07002817496043395
3.998390650023373 0.14658253585958897 0.18907607239317167 0.23459438611745376 0.07002817496043395
4.569589314312426 0.07910250653253206 0.05252113122032546 0.11554648868471602 0.1365549411728462
5.140787978601479 0.09402474067331563 0.021008452488130186 0.07352958370845565 0.17857184614910657
5.711986642890533 0.17496044550324125 0.021008452488130186 0.024509861236151884 0.21358593362932354
