0.0 0.26515380173500436 0.0035014087480216977 0.03851549622823867 0.33263383106206124
0.5711986642890533 0.20066188563269896 0.010504226244065093 0.04551831372428206 0.2696084735976707
1.1423973285781066 0.10399733941113659 0.04201690497626037 0.10504226244065092 0.19607888988921507
1.7135959928671598 0.07979912188554161 0.12254930618075942 0.15756339366097638 0.08753521870054244
2.284794657156213 0.13514337848385316 0.2906169260858009 0.2591042473536056 0.06652676621241226
2.8559933214452666 0.2285081677701071 0.4936986334710593 0.22759156862141033 0.07703099245647733
3.4271919857343196 0.2246767833285546 0.4831944072269943 0.31862819606997445 0.04201690497626037
3.998390650023373 0.13118367016148308 0.21358593362932354 0.266107064849649 0.07002817496043395
4.569589314312426 0.07521612614205772 0.08053240120449905 0.15406198491295467 0.11554648868471602
5.140787978601479 0.10339238397299672 0.010504226244065093 0.10154085369262923 0.19607888988921507
5.711986642890533 0.20297171548741483 0.0 0.07703099245647733 0.2976197435818443
