0.0 0.27151499982696004 0.007002817496043395 0.08403380995252074 0.3221296048179962
0.5711986642890533 0.20183513254303084 0.0 0.05252113122032546 0.32563101356601787
1.1423973285781066 0.09200822254618272 0.04201690497626037 0.09803944494460753 0.21008452488130183
1.7135959928671598 0.06837829649277975 0.08053240120449905 0.11204507993669433 0.10504226244065092
2.284794657156213 0.14122959683119976 0.27661129109371413 0.27661129109371413 0.07002817496043395
2.8559933214452666 0.24524526822531031 0.5742310346755584 0.31862819606997445 0.02801126998417358
3.4271919857343196 0.23604261277239463 0.42016904976260366 0.336135239810083 0.05602253996834716
3.998390650023373 0.12839720874944488 0.24509861236151884 0.20658311613328015 0.10504226244065092
4.569589314312426 0.06632511439969896 0.07703099245647733 0.12254930618075942 0.11204507993669433
5.140787978601479 0.09492300783903848 0.01750704374010849 0.08403380995252074 0.15056057616493299
5.711986642890533 0.20480491378480842 0.010504226244065093 0.05952394871636886 0.266107064849649
