0.0 0.22660164154081783 0.010504226244065093 0.03501408748021698 0.2696084735976707
0.5711986642890533 0.18902107644424984 0.03501408748021698 0.07703099245647733 0.2906169260858009
1.1423973285781066 0.12812222900483583 0.05952394871636886 0.11554648868471602 0.22759156862141033
1.7135959928671598 0.10669214090830513 0.11204507993669433 0.17156902865306317 0.10504226244065092
2.284794657156213 0.14258616357127102 0.2836141085897575 0.2871155173377792 0.07352958370845565
2.8559933214452666 0.19701382102088577 0.3466394660541481 0.2836141085897575 0.05602253996834716
3.4271919857343196 0.19435568348966512 0.40266200602249524 0.23809579486547544 0.06302535746439054
3.998390650023373 0.14456601773245606 0.2941183348338226 0.18207325489712825 0.11204507993669433
4.569589314312426 0.10885531489922952 0.1435577586688896 0.17507043740108488 0.1330535324248245
5.140787978601479 0.12412585671651788 0.03501408748021698 0.10854367118867263 0.15756339366097638
5.711986642890533 0.18876442868261475 0.02801126998417358 0.07703099245647733 0.2626056561016273
