0.0 0.2779495258508114 0.0035014087480216977 0.04551831372428206 0.30462256107788765
0.5711986642890533 0.19829705982906126 0.0035014087480216977 0.05952394871636886 0.266107064849649
1.1423973285781066 0.09558295922610015 0.007002817496043395 0.08753521870054244 0.22759156862141033
1.7135959928671598 0.06727837751434361 0.05252113122032546 0.12254930618075942 0.11904789743273772
2.284794657156213 0.13138532197419636 0.23459438611745376 0.2556028386055839 0.08403380995252074
2.8559933214452666 0.23200957651812879 0.4831944072269943 0.33963664855810466 0.05602253996834716
3.4271919857343196 0.2386457543546935 0.5147070859591895 0.31512678732195276 0.05602253996834716
3.998390650023373 0.13594998573470635 0.33963664855810466 0.23109297736943205 0.07352958370845565
4.569589314312426 0.07066979436452168 0.08053240120449905 0.17156902865306317 0.1260507149287811
5.140787978601479 0.09796611701271178 0.02801126998417358 0.06302535746439054 0.1610648024089981
5.711986642890533 0.2049699016315738 0.0035014087480216977 0.05952394871636886 0.27661129109371413
