0.0 0.25068986716856917 0.024509861236151884 0.02801126998417358 0.33963664855810466
0.5711986642890533 0.18440141673481808 0.01400563499208679 0.04901972247230377 0.2801126998417358
1.1423973285781066 0.08889178544061367 0.021008452488130186 0.05252113122032546 0.1365549411728462
1.7135959928671598 0.07327293594682054 0.08053240120449905 0.15056057616493299 0.10854367118867263
2.284794657156213 0.146857515604198 0.3221296048179962 0.266107064849649 0.06652676621241226
2.8559933214452666 0.2638155669779071 0.4586845459908424 0.35364228355019145 0.04551831372428206
3.4271919857343196 0.2610657695318167 0.4901972247230377 0.3221296048179962 0.08053240120449905
3.998390650023373 0.1372698885088297 0.23109297736943205 0.2871155173377792 0.09803944494460753
4.569589314312426 0.06577515491048089 0.06302535746439054 0.11554648868471602 0.10154085369262923
5.140787978601479 0.09015669226581521 0.03851549622823867 0.07703099245647733 0.22409015987338865
5.711986642890533 0.18850778092097964 0.007002817496043395 0.04901972247230377 0.2696084735976707
