0.0 0.26216568851025285 0.0035014087480216977 0.03851549622823867 0.32563101356601787
0.5711986642890533 0.18920439627398922 0.0035014087480216977 0.05602253996834716 0.23809579486547544
1.1423973285781066 0.08962506475957109 0.007002817496043395 0.09803944494460753 0.17507043740108488
1.7135959928671598 0.06605013465508992 0.07352958370845565 0.21358593362932354 0.08403380995252074
2.284794657156213 0.13704990471314246 0.23459438611745376 0.23459438611745376 0.07002817496043395
2.8559933214452666 0.24854502516061874 0.5007014509671027 0.2906169260858009 0.04901972247230377
3.4271919857343196 0.25349466056358133 0.5637268084314933 0.2976197435818443 0.05952394871636886
3.998390650023373 0.14484099747706508 0.266107064849649 0.23109297736943205 0.08753521870054244
4.569589314312426 0.07497781036339655 0.05952394871636886 0.1470591674169113 0.11904789743273772
5.140787978601479 0.09206321849510453 0.024509861236151884 0.07002817496043395 0.23459438611745376
5.711986642890533 0.19268747303903697 0.01400563499208679 0.07352958370845565 0.30812396982590934
