0.0 0.2469318106589124 0.01750704374010849 0.03501408748021698 0.30112115232986597
0.5711986642890533 0.18210991886307615 0.01400563499208679 0.021008452488130186 0.24159720361349715
1.1423973285781066 0.08757188266649031 0.01400563499208679 0.05602253996834716 0.16456621115701978
1.7135959928671598 0.06894658796497175 0.07352958370845565 0.11554648868471602 0.11904789743273772
2.284794657156213 0.14423604203892523 0.18557466364514996 0.2626056561016273 0.08053240120449905
2.8559933214452666 0.25926923520037104 0.5252113122032546 0.36764791854227824 0.08053240120449905
3.4271919857343196 0.2679952590959644 0.4726901809829292 0.35014087480216977 0.06652676621241226
3.998390650023373 0.14911234950999208 0.266107064849649 0.2696084735976707 0.03851549622823867
4.569589314312426 0.07264964852570674 0.11904789743273772 0.15406198491295467 0.1435577586688896
5.140787978601479 0.08955173682767535 0.04901972247230377 0.08403380995252074 0.22058875112536694
5.711986642890533 0.18232990265876337 0.01400563499208679 0.03501408748021698 0.2941183348338226
