0.0 0.2682152428916516 0.0 0.04201690497626037 0.3116253785739311
0.5711986642890533 0.19890201526720114 0.01400563499208679 0.08053240120449905 0.30462256107788765
1.1423973285781066 0.09494133982201242 0.03151267873219527 0.10854367118867263 0.23109297736943205
1.7135959928671598 0.07248466067894131 0.08753521870054244 0.1435577586688896 0.10854367118867263
2.284794657156213 0.13477673882437444 0.2521014298575622 0.24509861236151884 0.11904789743273772
2.8559933214452666 0.24530026417423212 0.4901972247230377 0.2696084735976707 0.06302535746439054
3.4271919857343196 0.24427367312769174 0.5077042684631461 0.2696084735976707 0.03151267873219527
3.998390650023373 0.13648161324095046 0.2521014298575622 0.2906169260858009 0.02801126998417358
4.569589314312426 0.06905657986281535 0.09453803619658584 0.16456621115701978 0.09803944494460753
5.140787978601479 0.09198989056320879 0.01750704374010849 0.05252113122032546 0.18557466364514996
5.711986642890533 0.19428235555776938 0.0035014087480216977 0.08403380995252074 0.2696084735976707
