0.0 0.19849871164177457 0.03501408748021698 0.06652676621241226 0.266107064849649
0.5711986642890533 0.17057910157247064 0.024509861236151884 0.07703099245647733 0.23109297736943205
1.1423973285781066 0.12298927377213385 0.04901972247230377 0.09453803619658584 0.1680676199050415
1.7135959928671598 0.11360329848947884 0.12254930618075942 0.15406198491295467 0.1295521236768028
2.284794657156213 0.15712342606960195 0.23459438611745376 0.21358593362932354 0.05952394871636886
2.8559933214452666 0.21934217628313935 0.3746507360383216 0.2696084735976707 0.07002817496043395
3.4271919857343196 0.22141369035919406 0.3851549622823867 0.2801126998417358 0.09803944494460753
3.998390650023373 0.1579850292693769 0.2696084735976707 0.22759156862141033 0.08403380995252074
4.569589314312426 0.10870865903543804 0.1330535324248245 0.19257748114119336 0.19257748114119336
5.140787978601479 0.11580313644635112 0.07352958370845565 0.11204507993669433 0.19958029863723675
5.711986642890533 0.16465787107188945 0.04901972247230377 0.06302535746439054 0.2521014298575622
