0.0 0.08075856875520857 0.029602819415092536 0.0888084582452776 0.14801409707546268
0.2026833970057931 0.10698562806156249 0.06907324530188258 0.09374226148112635 0.11347747442452137
0.4053667940115862 0.1420415984215405 0.09867606471697511 0.10854367118867261 0.21215353914149648
0.6080501910173793 0.1804733288902571 0.202285932669799 0.15294790031131142 0.19735212943395022
0.8107335880231724 0.21293256070505154 0.29109439091507655 0.1677493100188577 0.23682255532074029
1.0134169850289656 0.2547400512825068 0.202285932669799 0.20721973590564774 0.20721973590564774
1.2161003820347587 0.2809671105888607 0.3354986200377154 0.21708734237734523 0.30589580062262284
1.4187837790405518 0.29109439091507655 0.3749690459245054 0.12827888413206764 0.30589580062262284
1.6214671760463448 0.3225149273117976 0.4785789138773293 0.25162396502828654 0.26149157149998403
1.824150573052138 0.3193988410575774 0.444042291226388 0.25162396502828654 0.3206972103301691
2.026833970057931 0.3142053639672102 0.33056481680186667 0.23188875208489151 0.28122678444337906
2.2295173670637243 0.30122167124129245 0.2664253747358328 0.2664253747358328 0.2565577682641353
2.4322007640695174 0.2809671105888607 0.2762929812075303 0.36016763621695913 0.19735212943395022
2.6348841610753104 0.300182975823219 0.2565577682641353 0.3206972103301691 0.2713591779716816
2.8375675580811035 0.27837037204367715 0.19241832619810148 0.3700352426886567 0.28122678444337906
3.0402509550868966 0.26434798389968595 0.222021145613194 0.26149157149998403 0.26149157149998403
3.2429343520926897 0.24149668470207064 0.202285932669799 0.32563101356601787 0.23682255532074029
3.4456177490984827 0.19060060921647298 0.202285932669799 0.19241832619810148 0.1233450808962189
3.648301146104276 0.1274998625685126 0.09867606471697511 0.16281550678300893 0.10854367118867261
3.850984543110069 0.08906813209979596 0.05427183559433631 0.14308029383961393 0.11841127766037014
4.053667940115862 0.06336042050247875 0.10854367118867261 0.0789408517735801 0.049338032358487556
4.2563513371216555 0.047779989231377426 0.09374226148112635 0.05427183559433631 0.03453662265094129
4.4590347341274486 0.03765270890516156 0.049338032358487556 0.07400704853773134 0.03453662265094129
4.661718131133242 0.026746407015390623 0.024669016179243778 0.03453662265094129 0.03947042588679005
4.864401528139035 0.024928690033762135 0.009867606471697512 0.049338032358487556 0.014801409707546268
5.067084925144828 0.01584010512561969 0.004933803235848756 0.03453662265094129 0.009867606471697512
5.269768322150621 0.013243366580436133 0.004933803235848756 0.03947042588679005 0.009867606471697512
5.472451719156414 0.01765782210724818 0.004933803235848756 0.06907324530188258 0.029602819415092536
5.675135116162207 0.022072277634060222 0.0 0.049338032358487556 0.029602819415092536
5.877818513168 0.03142053639672102 0.004933803235848756 0.05920563883018507 0.08387465500942885
6.080501910173793 0.053233140176262884 0.0 0.0888084582452776 0.15294790031131142
