0.0 0.02518836388828049 0.0 0.05427183559433631 0.0
0.2026833970057931 0.014282061998509557 0.0 0.03453662265094129 0.0
0.4053667940115862 0.00882891105362409 0.0 0.014801409707546268 0.004933803235848756
0.6080501910173793 0.007790215635550666 0.0 0.03453662265094129 0.0
0.8107335880231724 0.004154781672293689 0.0 0.03453662265094129 0.004933803235848756
1.0134169850289656 0.0028564123997019113 0.0 0.014801409707546268 0.014801409707546268
1.2161003820347587 0.007530541781032311 0.014801409707546268 0.029602819415092536 0.03947042588679005
1.4187837790405518 0.019215865234358313 0.009867606471697512 0.029602819415092536 0.08387465500942885
1.6214671760463448 0.03349792723286787 0.03947042588679005 0.0444042291226388 0.0444042291226388
1.824150573052138 0.06206205122988698 0.0444042291226388 0.05920563883018507 0.0888084582452776
2.026833970057931 0.10854367118867261 0.06413944206603382 0.09374226148112635 0.17268311325470645
2.2295173670637243 0.16800898387337604 0.14801409707546268 0.1677493100188577 0.21215353914149648
2.4322007640695174 0.26928178713553474 0.19735212943395022 0.28616058767922786 0.25162396502828654
2.6348841610753104 0.35938861465340405 0.29109439091507655 0.3749690459245054 0.35030002974526164
2.8375675580811035 0.4393681618450576 0.4193732750471443 0.37990284916035416 0.40950566857544674
3.0402509550868966 0.4681919596965951 0.42430707828299297 0.5081817332924218 0.38483665239620296
3.2429343520926897 0.4894852157671002 0.5476521591792118 0.43910848799053925 0.47364511064148057
3.4456177490984827 0.45183250686193865 0.5032479300565731 0.43417468475469045 0.3651014394528079
3.648301146104276 0.40275414835796947 0.5476521591792118 0.3354986200377154 0.37990284916035416
3.850984543110069 0.3861350216687947 0.46377750416978303 0.3453662265094129 0.30589580062262284
4.053667940115862 0.33445992461964197 0.3700352426886567 0.2466901617924378 0.3700352426886567
4.2563513371216555 0.2625302669180575 0.202285932669799 0.21708734237734523 0.25162396502828654
4.4590347341274486 0.18255071972640394 0.1578817035471602 0.18255071972640394 0.25162396502828654
4.661718131133242 0.1080243234796359 0.05427183559433631 0.13814649060376516 0.13814649060376516
4.864401528139035 0.07037161457447436 0.06907324530188258 0.10360986795282387 0.11347747442452137
5.067084925144828 0.05271379246722618 0.0789408517735801 0.05920563883018507 0.05427183559433631
5.269768322150621 0.03869140432323498 0.0789408517735801 0.05427183559433631 0.049338032358487556
5.472451719156414 0.0444042291226388 0.11347747442452137 0.019735212943395024 0.05427183559433631
5.675135116162207 0.03817205661419827 0.03947042588679005 0.08387465500942885 0.03947042588679005
5.877818513168 0.038431730468716625 0.049338032358487556 0.06413944206603382 0.019735212943395024
6.080501910173793 0.035055970359978 0.004933803235848756 0.049338032358487556 0.004933803235848756
