0.0 0.23370646906652
0.2026833970057931 0.025967385451835554
0.4053667940115862 0.20773908361468443
0.6080501910173793 0.23370646906652
0.8107335880231724 0.23370646906652
1.0134169850289656 0.15580431271101333
1.2161003820347587 0.25967385451835556
1.4187837790405518 0.12983692725917778
1.6214671760463448 0.20773908361468443
1.824150573052138 0.07790215635550667
2.026833970057931 0.18177169816284888
2.2295173670637243 0.10386954180734222
2.4322007640695174 0.05193477090367111
2.6348841610753104 0.12983692725917778
2.8375675580811035 0.10386954180734222
3.0402509550868966 0.10386954180734222
3.2429343520926897 0.18177169816284888
3.4456177490984827 0.31160862542202666
3.648301146104276 0.12983692725917778
3.850984543110069 0.15580431271101333
4.053667940115862 0.23370646906652
4.2563513371216555 0.10386954180734222
4.4590347341274486 0.12983692725917778
4.661718131133242 0.20773908361468443
4.864401528139035 0.20773908361468443
5.067084925144828 0.23370646906652
5.269768322150621 0.10386954180734222
5.472451719156414 0.15580431271101333
5.675135116162207 0.15580431271101333
5.877818513168 0.05193477090367111
6.080501910173793 0.12983692725917778
