0.0 0.033238253378349514 0.014801409707546268 0.05920563883018507 0.05427183559433631
0.2026833970057931 0.031160862542202666 0.024669016179243778 0.029602819415092536 0.05427183559433631
0.4053667940115862 0.04024944745034511 0.07400704853773134 0.0444042291226388 0.03947042588679005
0.6080501910173793 0.053233140176262884 0.05920563883018507 0.03453662265094129 0.10854367118867261
0.8107335880231724 0.06959259301091929 0.049338032358487556 0.11347747442452137 0.09374226148112635
1.0134169850289656 0.08231661188231872 0.06907324530188258 0.05920563883018507 0.09374226148112635
1.2161003820347587 0.08828911053624089 0.09867606471697511 0.10360986795282387 0.1578817035471602
1.4187837790405518 0.10854367118867261 0.06413944206603382 0.1332126873679164 0.07400704853773134
1.6214671760463448 0.11062106202481946 0.0789408517735801 0.1677493100188577 0.12827888413206764
1.824150573052138 0.13814649060376516 0.08387465500942885 0.15294790031131142 0.1233450808962189
2.026833970057931 0.14801409707546268 0.15294790031131142 0.19241832619810148 0.11347747442452137
2.2295173670637243 0.17605887336344508 0.19241832619810148 0.23188875208489151 0.14801409707546268
2.4322007640695174 0.21007614830534962 0.17268311325470645 0.21215353914149648 0.1332126873679164
2.6348841610753104 0.24772885721051122 0.2664253747358328 0.24175635855658903 0.19735212943395022
2.8375675580811035 0.2710995041171632 0.30589580062262284 0.3157634070943204 0.1776169164905552
3.0402509550868966 0.27395591651686513 0.2713591779716816 0.2664253747358328 0.21708734237734523
3.2429343520926897 0.26123189764546567 0.2762929812075303 0.23188875208489151 0.2565577682641353
3.4456177490984827 0.25266266044635993 0.2713591779716816 0.2664253747358328 0.2565577682641353
3.648301146104276 0.23214842593940987 0.222021145613194 0.29602819415092535 0.2466901617924378
3.850984543110069 0.23059038281229974 0.2713591779716816 0.20721973590564774 0.24175635855658903
4.053667940115862 0.2495465741921397 0.3552338329811104 0.22695494884904274 0.19735212943395022
4.2563513371216555 0.2698011348445714 0.25162396502828654 0.19735212943395022 0.23188875208489151
4.4590347341274486 0.2713591779716816 0.2664253747358328 0.20721973590564774 0.2762929812075303
4.661718131133242 0.2448724448108093 0.3108296038584716 0.1776169164905552 0.29109439091507655
4.864401528139035 0.21007614830534962 0.21215353914149648 0.17268311325470645 0.2713591779716816
5.067084925144828 0.18177169816284888 0.14308029383961393 0.09374226148112635 0.17268311325470645
5.269768322150621 0.14385931540316899 0.10854367118867261 0.0789408517735801 0.19241832619810148
5.472451719156414 0.11347747442452137 0.11841127766037014 0.10360986795282387 0.1578817035471602
5.675135116162207 0.08101824260972694 0.06907324530188258 0.10854367118867261 0.0888084582452776
5.877818513168 0.0654378113386256 0.06907324530188258 0.10854367118867261 0.08387465500942885
6.080501910173793 0.04362520755908373 0.009867606471697512 0.09867606471697511 0.05427183559433631
