0.0 0.41677653650196067 0.5279169462358169 0.34043242327356416 0.444042291226388
0.2026833970057931 0.4336553370456538 0.5081817332924218 0.36016763621695913 0.3749690459245054
0.4053667940115862 0.4609210917700811 0.5871225850660019 0.3206972103301691 0.3996380621037492
0.6080501910173793 0.4193732750471443 0.444042291226388 0.32563101356601787 0.35030002974526164
0.8107335880231724 0.3692562211251016 0.29602819415092535 0.3700352426886567 0.3749690459245054
1.0134169850289656 0.31628275480335705 0.2565577682641353 0.3552338329811104 0.3157634070943204
1.2161003820347587 0.225656579576451 0.202285932669799 0.2565577682641353 0.2713591779716816
1.4187837790405518 0.14853344478449937 0.10854367118867261 0.1874845229622527 0.19735212943395022
1.6214671760463448 0.1093226927522277 0.10854367118867261 0.10854367118867261 0.15294790031131142
1.824150573052138 0.07738280864646996 0.09374226148112635 0.0888084582452776 0.1233450808962189
2.026833970057931 0.06258139893892369 0.07400704853773134 0.024669016179243778 0.1332126873679164
2.2295173670637243 0.03531564421449636 0.049338032358487556 0.004933803235848756 0.06907324530188258
2.4322007640695174 0.019735212943395024 0.004933803235848756 0.024669016179243778 0.03947042588679005
2.6348841610753104 0.014541735853027912 0.004933803235848756 0.004933803235848756 0.03947042588679005
2.8375675580811035 0.007270867926513956 0.0 0.014801409707546268 0.019735212943395024
3.0402509550868966 0.003895107817775333 0.0 0.009867606471697512 0.014801409707546268
3.2429343520926897 0.003375760108738622 0.0 0.004933803235848756 0.0
3.4456177490984827 0.008049889490069021 0.0 0.029602819415092536 0.0
3.648301146104276 0.009867606471697512 0.0 0.024669016179243778 0.0
3.850984543110069 0.017398148252729822 0.004933803235848756 0.06907324530188258 0.0
4.053667940115862 0.02986249326961089 0.019735212943395024 0.03453662265094129 0.009867606471697512
4.2563513371216555 0.04024944745034511 0.029602819415092536 0.09867606471697511 0.004933803235848756
4.4590347341274486 0.06284107279344205 0.0789408517735801 0.11841127766037014 0.0444042291226388
4.661718131133242 0.07738280864646996 0.07400704853773134 0.14308029383961393 0.06907324530188258
4.864401528139035 0.10490823722541565 0.09867606471697511 0.22695494884904274 0.11347747442452137
5.067084925144828 0.14178192456702213 0.1332126873679164 0.1776169164905552 0.16281550678300893
5.269768322150621 0.1776169164905552 0.12827888413206764 0.16281550678300893 0.15294790031131142
5.472451719156414 0.21137451757794143 0.15294790031131142 0.23188875208489151 0.17268311325470645
5.675135116162207 0.2549997251370252 0.24175635855658903 0.222021145613194 0.2664253747358328
5.877818513168 0.31654242865787546 0.2664253747358328 0.3157634070943204 0.30589580062262284
6.080501910173793 0.3570515499627389 0.43910848799053925 0.2762929812075303 0.3108296038584716
