0.0 0.5686857413951987 0.646328223896187 0.4933803235848756 0.5279169462358169
0.2026833970057931 0.5232428168544865 0.5575197656509094 0.38483665239620296 0.44897609446223674
0.4053667940115862 0.4655952211514115 0.5624535688867581 0.3897704556320517 0.33056481680186667
0.6080501910173793 0.3840576308326479 0.4144394718112955 0.3996380621037492 0.3108296038584716
0.8107335880231724 0.28642026153374617 0.2762929812075303 0.24175635855658903 0.24175635855658903
1.0134169850289656 0.1981311509975053 0.23188875208489151 0.202285932669799 0.18255071972640394
1.2161003820347587 0.14178192456702213 0.15294790031131142 0.21708734237734523 0.1332126873679164
1.4187837790405518 0.10335019409830551 0.07400704853773134 0.15294790031131142 0.1332126873679164
1.6214671760463448 0.0672555283202541 0.06907324530188258 0.09374226148112635 0.03947042588679005
1.824150573052138 0.04362520755908373 0.024669016179243778 0.0789408517735801 0.06413944206603382
2.026833970057931 0.0303818409786476 0.0 0.0789408517735801 0.029602819415092536
2.2295173670637243 0.015320757416582977 0.004933803235848756 0.03947042588679005 0.009867606471697512
2.4322007640695174 0.00882891105362409 0.0 0.019735212943395024 0.009867606471697512
2.6348841610753104 0.007530541781032311 0.0 0.024669016179243778 0.0
2.8375675580811035 0.003375760108738622 0.0 0.009867606471697512 0.0
3.0402509550868966 0.005453150944885466 0.0 0.004933803235848756 0.019735212943395024
3.2429343520926897 0.005193477090367111 0.0 0.0 0.014801409707546268
3.4456177490984827 0.005972498653922178 0.0 0.0 0.014801409707546268
3.648301146104276 0.0046741293813303995 0.0 0.004933803235848756 0.009867606471697512
3.850984543110069 0.003635433963256978 0.0 0.0 0.009867606471697512
4.053667940115862 0.005453150944885466 0.0 0.019735212943395024 0.004933803235848756
4.2563513371216555 0.0064918463629588885 0.0 0.014801409707546268 0.009867606471697512
4.4590347341274486 0.014282061998509557 0.0 0.014801409707546268 0.0444042291226388
4.661718131133242 0.02934314556057418 0.024669016179243778 0.06907324530188258 0.07400704853773134
4.864401528139035 0.0514154231946344 0.03453662265094129 0.10360986795282387 0.0789408517735801
5.067084925144828 0.10360986795282387 0.10854367118867261 0.10360986795282387 0.14801409707546268
5.269768322150621 0.16982670085500454 0.13814649060376516 0.21708734237734523 0.2565577682641353
5.472451719156414 0.2674640701539062 0.15294790031131142 0.33056481680186667 0.32563101356601787
5.675135116162207 0.3861350216687947 0.3651014394528079 0.3453662265094129 0.404571865339598
5.877818513168 0.4822143478405863 0.4933803235848756 0.4144394718112955 0.4785789138773293
6.080501910173793 0.5450554206340283 0.6019239947735482 0.46377750416978303 0.5772549785943044
