0.0 0.007790215635550666 0.0 0.029602819415092536 0.0
0.2026833970057931 0.010906301889770932 0.0 0.029602819415092536 0.004933803235848756
0.4053667940115862 0.014541735853027912 0.004933803235848756 0.05920563883018507 0.0
0.6080501910173793 0.01817716981628489 0.004933803235848756 0.019735212943395024 0.009867606471697512
0.8107335880231724 0.023630320761170356 0.0 0.05920563883018507 0.004933803235848756
1.0134169850289656 0.032459231814794445 0.0444042291226388 0.06413944206603382 0.024669016179243778
1.2161003820347587 0.03297857952383116 0.019735212943395024 0.0789408517735801 0.029602819415092536
1.4187837790405518 0.041807490577455246 0.019735212943395024 0.08387465500942885 0.049338032358487556
1.6214671760463448 0.06024433424825849 0.06907324530188258 0.07400704853773134 0.10854367118867261
1.824150573052138 0.0929632399175713 0.049338032358487556 0.1332126873679164 0.1776169164905552
2.026833970057931 0.14931246634805445 0.1233450808962189 0.19241832619810148 0.1874845229622527
2.2295173670637243 0.25551907284606185 0.21708734237734523 0.28122678444337906 0.3897704556320517
2.4322007640695174 0.3814608922874643 0.3651014394528079 0.3651014394528079 0.5476521591792118
2.6348841610753104 0.5201267306002662 0.5377845527075144 0.3897704556320517 0.6512620271320357
2.8375675580811035 0.607636819572952 0.6413944206603382 0.40950566857544674 0.5821887818301531
3.0402509550868966 0.6824228896742384 0.8042099274433472 0.40950566857544674 0.5229831429999681
3.2429343520926897 0.6162060567720578 0.6561958303678845 0.5279169462358169 0.4539098976980855
3.4456177490984827 0.5183090136186377 0.5772549785943044 0.46871130740563177 0.37990284916035416
3.648301146104276 0.3853560001052396 0.3552338329811104 0.3749690459245054 0.35030002974526164
3.850984543110069 0.23708222917525862 0.2565577682641353 0.3009619973867741 0.16281550678300893
4.053667940115862 0.13295301351339806 0.10854367118867261 0.25162396502828654 0.11347747442452137
4.2563513371216555 0.05998466039374013 0.03947042588679005 0.15294790031131142 0.0789408517735801
4.4590347341274486 0.02726575472442733 0.024669016179243778 0.10360986795282387 0.0444042291226388
4.661718131133242 0.006232172508440534 0.014801409707546268 0.014801409707546268 0.009867606471697512
4.864401528139035 0.003635433963256978 0.0 0.014801409707546268 0.004933803235848756
5.067084925144828 0.0025967385451835553 0.0 0.009867606471697512 0.004933803235848756
5.269768322150621 0.0010386954180734223 0.0 0.004933803235848756 0.009867606471697512
5.472451719156414 0.0015580431271101335 0.0 0.0 0.009867606471697512
5.675135116162207 0.0025967385451835553 0.0 0.009867606471697512 0.004933803235848756
5.877818513168 0.0020773908361468446 0.0 0.0 0.004933803235848756
6.080501910173793 0.004933803235848756 0.0 0.019735212943395024 0.009867606471697512
