0.0 0.49467869285746735 0.3996380621037492 0.3009619973867741 0.4193732750471443
0.2026833970057931 0.5209057521638213 0.5427183559433632 0.3897704556320517 0.47364511064148057
0.4053667940115862 0.5162316227824909 0.5328507494716656 0.3206972103301691 0.5328507494716656
0.6080501910173793 0.45572761467971407 0.5180493397641194 0.2713591779716816 0.46377750416978303
0.8107335880231724 0.3830189354145745 0.5525859624150606 0.26149157149998403 0.3354986200377154
1.0134169850289656 0.29109439091507655 0.3157634070943204 0.24175635855658903 0.29109439091507655
1.2161003820347587 0.22280016717674908 0.21708734237734523 0.19735212943395022 0.2664253747358328
1.4187837790405518 0.13814649060376516 0.1332126873679164 0.1874845229622527 0.18255071972640394
1.6214671760463448 0.09971476013504854 0.12827888413206764 0.19241832619810148 0.15294790031131142
1.824150573052138 0.06258139893892369 0.09867606471697511 0.10854367118867261 0.03453662265094129
2.026833970057931 0.039210752032271694 0.029602819415092536 0.0789408517735801 0.03453662265094129
2.2295173670637243 0.0327189056693128 0.014801409707546268 0.09867606471697511 0.029602819415092536
2.4322007640695174 0.024409342324725424 0.019735212943395024 0.049338032358487556 0.004933803235848756
2.6348841610753104 0.012464345016881068 0.0 0.05427183559433631 0.0
2.8375675580811035 0.00882891105362409 0.0 0.03947042588679005 0.0
3.0402509550868966 0.005712824799403823 0.0 0.019735212943395024 0.0
3.2429343520926897 0.0046741293813303995 0.0 0.009867606471697512 0.0
3.4456177490984827 0.005972498653922178 0.0 0.014801409707546268 0.004933803235848756
3.648301146104276 0.0046741293813303995 0.0 0.004933803235848756 0.004933803235848756
3.850984543110069 0.004154781672293689 0.0 0.014801409707546268 0.004933803235848756
4.053667940115862 0.0064918463629588885 0.009867606471697512 0.019735212943395024 0.0
4.2563513371216555 0.010127280326215867 0.009867606471697512 0.03947042588679005 0.004933803235848756
4.4590347341274486 0.01765782210724818 0.009867606471697512 0.0444042291226388 0.019735212943395024
4.661718131133242 0.029602819415092536 0.024669016179243778 0.0888084582452776 0.024669016179243778
4.864401528139035 0.051675097049152754 0.004933803235848756 0.13814649060376516 0.0888084582452776
5.067084925144828 0.07530541781032311 0.0789408517735801 0.1578817035471602 0.06413944206603382
5.269768322150621 0.11217910515192961 0.06413944206603382 0.19241832619810148 0.13814649060376516
5.472451719156414 0.17917495961766533 0.15294790031131142 0.222021145613194 0.20721973590564774
5.675135116162207 0.29083471706055825 0.30589580062262284 0.3552338329811104 0.30589580062262284
5.877818513168 0.36795785185250984 0.3354986200377154 0.444042291226388 0.3996380621037492
6.080501910173793 0.4650758734423748 0.43417468475469045 0.3749690459245054 0.444042291226388
