0.0 0.3921075203227169 0.40950566857544674 0.2713591779716816 0.39470425886790045
0.2026833970057931 0.3181004717849856 0.33056481680186667 0.30589580062262284 0.34043242327356416
0.4053667940115862 0.2505852696102131 0.222021145613194 0.19735212943395022 0.19241832619810148
0.6080501910173793 0.18281039358092233 0.19241832619810148 0.19241832619810148 0.1874845229622527
0.8107335880231724 0.14645605394835254 0.10360986795282387 0.17268311325470645 0.23682255532074029
1.0134169850289656 0.09010682751786937 0.05427183559433631 0.12827888413206764 0.1578817035471602
1.2161003820347587 0.0672555283202541 0.05427183559433631 0.0888084582452776 0.09867606471697511
1.4187837790405518 0.04362520755908373 0.029602819415092536 0.06907324530188258 0.0888084582452776
1.6214671760463448 0.03713336119612484 0.024669016179243778 0.06413944206603382 0.06413944206603382
1.824150573052138 0.025967385451835554 0.019735212943395024 0.024669016179243778 0.05427183559433631
2.026833970057931 0.019994886797913378 0.0444042291226388 0.009867606471697512 0.019735212943395024
2.2295173670637243 0.02285129919761529 0.019735212943395024 0.03453662265094129 0.05427183559433631
2.4322007640695174 0.023370646906652002 0.029602819415092536 0.0444042291226388 0.014801409707546268
2.6348841610753104 0.021812603779541865 0.004933803235848756 0.06907324530188258 0.03947042588679005
2.8375675580811035 0.032459231814794445 0.03453662265094129 0.0444042291226388 0.019735212943395024
3.0402509550868966 0.053233140176262884 0.06413944206603382 0.07400704853773134 0.06907324530188258
3.2429343520926897 0.0789408517735801 0.06413944206603382 0.11347747442452137 0.08387465500942885
3.4456177490984827 0.11295812671548466 0.11347747442452137 0.09867606471697511 0.14801409707546268
3.648301146104276 0.14333996769413226 0.10360986795282387 0.1332126873679164 0.14308029383961393
3.850984543110069 0.14749474936642595 0.13814649060376516 0.14308029383961393 0.11347747442452137
4.053667940115862 0.16567191918271085 0.14308029383961393 0.18255071972640394 0.18255071972640394
4.2563513371216555 0.17216376554566973 0.19735212943395022 0.19241832619810148 0.1233450808962189
4.4590347341274486 0.18670550139869763 0.17268311325470645 0.2713591779716816 0.0789408517735801
4.661718131133242 0.18618615368966093 0.21708734237734523 0.29109439091507655 0.15294790031131142
4.864401528139035 0.19891017256106033 0.24175635855658903 0.26149157149998403 0.10360986795282387
5.067084925144828 0.22409853644934083 0.23188875208489151 0.24175635855658903 0.19735212943395022
5.269768322150621 0.24461277095629094 0.21708734237734523 0.16281550678300893 0.26149157149998403
5.472451719156414 0.2716188518261999 0.3453662265094129 0.1776169164905552 0.28122678444337906
5.675135116162207 0.31472471167624694 0.3354986200377154 0.28122678444337906 0.36016763621695913
5.877818513168 0.3617256793440693 0.38483665239620296 0.3009619973867741 0.30589580062262284
6.080501910173793 0.3967816497040473 0.3897704556320517 0.29109439091507655 0.3651014394528079
