0.0 0.583487151102745 0.5969901915376994 0.4539098976980855 0.5920563883018507
0.2026833970057931 0.5642712858683866 0.626593010952792 0.3552338329811104 0.5229831429999681
0.4053667940115862 0.5185686874731561 0.5525859624150606 0.3996380621037492 0.42430707828299297
0.6080501910173793 0.4214506658832911 0.5032479300565731 0.3157634070943204 0.4144394718112955
0.8107335880231724 0.28200580600693415 0.3552338329811104 0.28616058767922786 0.23682255532074029
1.0134169850289656 0.1856668059806242 0.20721973590564774 0.22695494884904274 0.1874845229622527
1.2161003820347587 0.12126769006007204 0.07400704853773134 0.24175635855658903 0.10360986795282387
1.4187837790405518 0.06959259301091929 0.03947042588679005 0.16281550678300893 0.09374226148112635
1.6214671760463448 0.04284618599552867 0.019735212943395024 0.10854367118867261 0.049338032358487556
1.824150573052138 0.03557531806901471 0.03453662265094129 0.1233450808962189 0.029602819415092536
2.026833970057931 0.023110973052133648 0.004933803235848756 0.08387465500942885 0.019735212943395024
2.2295173670637243 0.01817716981628489 0.004933803235848756 0.03453662265094129 0.004933803235848756
2.4322007640695174 0.007270867926513956 0.004933803235848756 0.009867606471697512 0.004933803235848756
2.6348841610753104 0.005712824799403823 0.0 0.024669016179243778 0.004933803235848756
2.8375675580811035 0.006232172508440534 0.0 0.049338032358487556 0.0
3.0402509550868966 0.004933803235848756 0.0 0.014801409707546268 0.0
3.2429343520926897 0.005712824799403823 0.0 0.024669016179243778 0.004933803235848756
3.4456177490984827 0.0064918463629588885 0.0 0.024669016179243778 0.029602819415092536
3.648301146104276 0.010127280326215867 0.0 0.014801409707546268 0.009867606471697512
3.850984543110069 0.0163594528346564 0.0 0.03453662265094129 0.029602819415092536
4.053667940115862 0.02518836388828049 0.0 0.03453662265094129 0.029602819415092536
4.2563513371216555 0.02285129919761529 0.0 0.049338032358487556 0.03453662265094129
4.4590347341274486 0.03297857952383116 0.014801409707546268 0.07400704853773134 0.03947042588679005
4.661718131133242 0.05816694341211165 0.06413944206603382 0.06907324530188258 0.05427183559433631
4.864401528139035 0.07478607010128639 0.08387465500942885 0.11347747442452137 0.0444042291226388
5.067084925144828 0.1210080162055537 0.1332126873679164 0.19735212943395022 0.19241832619810148
5.269768322150621 0.16151713751041713 0.19735212943395022 0.1874845229622527 0.21215353914149648
5.472451719156414 0.22643560114000605 0.222021145613194 0.222021145613194 0.22695494884904274
5.675135116162207 0.31472471167624694 0.23682255532074029 0.26149157149998403 0.30589580062262284
5.877818513168 0.43053925079143357 0.33056481680186667 0.3453662265094129 0.4785789138773293
6.080501910173793 0.536745857289441 0.626593010952792 0.3897704556320517 0.5525859624150606
