0.0 0.001817716981628489 0.0 0.024669016179243778 0.0
0.2026833970057931 0.0020773908361468446 0.0 0.014801409707546268 0.0
0.4053667940115862 0.004154781672293689 0.0 0.019735212943395024 0.014801409707546268
0.6080501910173793 0.006232172508440534 0.0 0.029602819415092536 0.004933803235848756
0.8107335880231724 0.012724018871399422 0.0 0.05920563883018507 0.014801409707546268
1.0134169850289656 0.019994886797913378 0.009867606471697512 0.05920563883018507 0.03453662265094129
1.2161003820347587 0.032199557960276085 0.009867606471697512 0.09374226148112635 0.024669016179243778
1.4187837790405518 0.05219444475818947 0.029602819415092536 0.08387465500942885 0.049338032358487556
1.6214671760463448 0.0976373692989017 0.10854367118867261 0.14308029383961393 0.09867606471697511
1.824150573052138 0.14801409707546268 0.1233450808962189 0.14801409707546268 0.14801409707546268
2.026833970057931 0.2098164744508313 0.23682255532074029 0.23188875208489151 0.21708734237734523
2.2295173670637243 0.31264732084010005 0.30589580062262284 0.3009619973867741 0.30589580062262284
2.4322007640695174 0.3804221968693909 0.4193732750471443 0.26149157149998403 0.3552338329811104
2.6348841610753104 0.4372907710089108 0.4539098976980855 0.43417468475469045 0.46871130740563177
2.8375675580811035 0.47052902438726024 0.4933803235848756 0.33056481680186667 0.44897609446223674
3.0402509550868966 0.4933803235848756 0.49831412682072435 0.3552338329811104 0.5131155365282706
3.2429343520926897 0.4788385877318476 0.4588437009339343 0.44897609446223674 0.4539098976980855
3.4456177490984827 0.4320972939185436 0.48351271711317806 0.3206972103301691 0.36016763621695913
3.648301146104276 0.37730611061517066 0.404571865339598 0.3552338329811104 0.38483665239620296
3.850984543110069 0.3113489515675083 0.3108296038584716 0.2466901617924378 0.2762929812075303
4.053667940115862 0.2350048383391118 0.25162396502828654 0.2565577682641353 0.2664253747358328
4.2563513371216555 0.17605887336344508 0.17268311325470645 0.19735212943395022 0.21708734237734523
4.4590347341274486 0.10698562806156249 0.11347747442452137 0.14801409707546268 0.12827888413206764
4.661718131133242 0.059465312684703425 0.024669016179243778 0.14801409707546268 0.0444042291226388
4.864401528139035 0.03349792723286787 0.024669016179243778 0.08387465500942885 0.03453662265094129
5.067084925144828 0.016099778980138042 0.0 0.029602819415092536 0.0444042291226388
5.269768322150621 0.011165975744289288 0.0 0.024669016179243778 0.024669016179243778
5.472451719156414 0.0046741293813303995 0.0 0.014801409707546268 0.0
5.675135116162207 0.004154781672293689 0.0 0.024669016179243778 0.0
5.877818513168 0.003635433963256978 0.0 0.019735212943395024 0.0
6.080501910173793 0.0023370646906651998 0.0 0.024669016179243778 0.0
