0.0 0.4660786974057823 0.5185586355820134 0.37202467947730533 0.3601198897340316
0.5711986642890533 0.3371135746073243 0.33298397193686347 0.30619819501449747 0.309349462887717
1.1423973285781066 0.15120936660941936 0.12149888355635291 0.18469931145814453 0.19362790376559988
1.7135959928671598 0.07036801757421253 0.05969901915376994 0.11257029124889757 0.10434198069104658
2.284794657156213 0.06345788442738147 0.07002817496043395 0.07598056983207084 0.06775225927421984
2.8559933214452666 0.07581579765569334 0.08525930301432834 0.07142873845964264 0.055147187781341735
3.4271919857343196 0.06427144704824533 0.05199591990812221 0.07563042895726867 0.05497211734394065
3.998390650023373 0.04183153627783569 0.034313805730612636 0.05497211734394065 0.05812338521716018
4.569589314312426 0.046898280701443563 0.034488876168013716 0.07422986545805998 0.08263324645331206
5.140787978601479 0.11934654700242192 0.11257029124889757 0.13725522292245054 0.17331973302707404
5.711986642890533 0.3143132247010889 0.3293074927514406 0.28571495383857054 0.2913172078354052
