0.0 0.5502772795346805 0.6017170933475288 0.4128160913917581 0.42191975413661453
0.5711986642890533 0.38589643707608545 0.4131662322665603 0.35084115655177406 0.35224172005098275
1.1423973285781066 0.14975731180509272 0.12219916530595724 0.1978295942632259 0.20080579169904433
1.7135959928671598 0.05161488425024926 0.04149169366405711 0.09173690919816847 0.08403380995252074
2.284794657156213 0.02814514737748029 0.018032255052311742 0.046918877223490744 0.03326338310620613
2.8559933214452666 0.020565627264115677 0.017156902865306318 0.03378859441840938 0.018207325489712826
3.4271919857343196 0.015838725454286384 0.013830564554685707 0.026435636047563816 0.018382395927113913
3.998390650023373 0.014808899351927063 0.009628874057059667 0.036764791854227825 0.026085495172761645
4.569589314312426 0.03843311014004993 0.02398464992394863 0.07142873845964264 0.07090352714743937
5.140787978601479 0.13146760022719114 0.11484620693511169 0.1689429720920469 0.18382395927113912
5.711986642890533 0.3638993515296903 0.3746507360383216 0.31320101251054083 0.34103721205731335
