0.0 0.5839834878649012 0.6474104775092119 0.4448539814361567 0.42209482457401565
0.5711986642890533 0.41006645569845873 0.44240299531254146 0.3592445375470261 0.360995241921037
1.1423973285781066 0.14151870298621813 0.11764733393352902 0.19520353770220963 0.1971293125136216
1.7135959928671598 0.0328514526652624 0.02013310030112476 0.07615564026947191 0.06845254102382418
2.284794657156213 0.007219080977538852 0.0017507043740108488 0.024860002110954054 0.018382395927113913
2.8559933214452666 0.002358301774402849 0.00035014087480216976 0.011379578431070516 0.007528028808246649
3.4271919857343196 0.0032336539614082733 0.0005252113122032546 0.007878169683048818 0.011204507993669432
3.998390650023373 0.01087496364091445 0.004376760935027122 0.022584086424739948 0.03483901704281589
4.569589314312426 0.03712523099005358 0.018907607239317167 0.07300437239625239 0.09278733182257498
5.140787978601479 0.135319149850015 0.10084057194302488 0.1887259315183695 0.18907607239317167
5.711986642890533 0.3861538936016753 0.3963594702760561 0.34681453649154914 0.3482150999907578
