0.0 0.4951094952312916 0.5553234274362412 0.3641465097942565 0.398110174650067
0.5711986642890533 0.3415624233695166 0.3434881981809285 0.3021715749542725 0.3102248150747224
1.1423973285781066 0.13490721940907127 0.12570057405397894 0.1724443808400686 0.18207325489712825
1.7135959928671598 0.048072282458133185 0.0358894396672224 0.08315845776551531 0.07895676726788928
2.284794657156213 0.03424171790344748 0.02958690392078334 0.0509454972837157 0.04376760935027122
2.8559933214452666 0.04173885192862335 0.03291324223140396 0.052696201657726545 0.03396366485581047
3.4271919857343196 0.04510638328333833 0.044993102412078816 0.06232507571478622 0.03501408748021698
3.998390650023373 0.04585815633806064 0.04254211628846362 0.06407578008879707 0.055672399093544996
4.569589314312426 0.06302535746439054 0.05129563815851787 0.08963606394935546 0.09646381100799777
5.140787978601479 0.15018983876808364 0.11957310874494097 0.18609987495735322 0.19205226982899012
5.711986642890533 0.35089264785689206 0.36939862291628905 0.3230049570050016 0.32440552050421023
