0.0 0.46000272340186227 0.5171580720828047 0.3592445375470261 0.3764014404123325
0.5711986642890533 0.34337491730966896 0.34646439561674697 0.309349462887717 0.3026967862664757
1.1423973285781066 0.16718196945701247 0.1528364918511471 0.20500748219667037 0.18592480451995214
1.7135959928671598 0.062222093104550284 0.046743806786089664 0.10451705112844767 0.09593859969579452
2.284794657156213 0.022985718604660085 0.012254930618075942 0.04534324328688098 0.04709394766089183
2.8559933214452666 0.014108617602322722 0.010854367118867262 0.023284368174344285 0.026435636047563816
3.4271919857343196 0.017218692431447875 0.011204507993669432 0.025385213423157308 0.03396366485581047
3.998390650023373 0.032418925702271485 0.019607888988921504 0.04919479290970485 0.05794831477975909
4.569589314312426 0.07391061936632859 0.057423103467555844 0.10049043106822271 0.10101564238042597
5.140787978601479 0.18772700019908095 0.18434917058334238 0.19923015776243458 0.2036069186974617
5.711986642890533 0.369553096831643 0.39180763890362796 0.3296576336262428 0.319678618694381
