0.0 0.3485446443435128 0.3853300327197878 0.28308889727755426 0.2832639677149553
0.5711986642890533 0.29436549309838883 0.317577773445568 0.25157621854535894 0.2521014298575622
1.1423973285781066 0.1759354913270667 0.16631691553103062 0.20500748219667037 0.1782217052743044
1.7135959928671598 0.10792577552725702 0.08490916213952616 0.14740930829171345 0.13462916636143427
2.284794657156213 0.10839949553434232 0.10101564238042597 0.13007733498900606 0.11607169999691927
2.8559933214452666 0.11840940524927493 0.11694705218392469 0.11274536168629866 0.11116972774968889
3.4271919857343196 0.10617507115324619 0.10696803725206286 0.09786437450720645 0.10574254419025526
3.998390650023373 0.07364286457971517 0.07580549939466975 0.08806043001274569 0.09243719094777281
4.569589314312426 0.06259283050139965 0.05287127209512763 0.08018226032969687 0.09768930406980536
5.140787978601479 0.11237462428944929 0.09436296575918475 0.13532944811103859 0.15126085791453733
5.711986642890533 0.2423386784071958 0.2486000211095405 0.21936325806355933 0.2281167799336136
