0.0 0.570369186791711 0.6365561103903445 0.4247208811350319 0.43154862819367423
0.5711986642890533 0.3860818057745101 0.39530904765164965 0.34418847993053286 0.3578439740478175
1.1423973285781066 0.12998465063979373 0.09873972669421187 0.1839990297085402 0.17752142352470007
1.7135959928671598 0.030596133501095482 0.011904789743273771 0.07317944283365348 0.06985310452303287
2.284794657156213 0.008990381873596888 0.0010504226244065092 0.027836199546772498 0.02801126998417358
2.8559933214452666 0.007188186194468073 0.003676479185422782 0.016806761990504147 0.009803944494460752
3.4271919857343196 0.010514524505088687 0.010504226244065093 0.015406198491295469 0.011379578431070516
3.998390650023373 0.017908675920028625 0.018907607239317167 0.029236763045981173 0.032738171794002874
4.569589314312426 0.04461206675420586 0.03501408748021698 0.08193296470370773 0.08193296470370773
5.140787978601479 0.14620441175195306 0.12097367224414964 0.19275255157859444 0.19205226982899012
5.711986642890533 0.3982543503043973 0.4180682045137907 0.3606451010462348 0.35801904448521854
