0.0 0.5865271583377287 0.6556387880670629 0.44170271356293717 0.4385514456897176
0.5711986642890533 0.39186942846976947 0.40231186514769307 0.34366326861832963 0.35469270617459797
1.1423973285781066 0.14058156123307114 0.11782240437093011 0.19958029863723675 0.18574973408255105
1.7135959928671598 0.0352715440058068 0.019958029863723675 0.06915282277342853 0.07790634464348277
2.284794657156213 0.010833770596820076 0.006652676621241225 0.020483241175926932 0.030812396982590938
2.8559933214452666 0.004345866151956342 0.0021008452488130184 0.008578451432653159 0.009803944494460752
3.4271919857343196 0.002450986123615188 0.00017507043740108488 0.010679296681466178 0.008053240120449903
3.998390650023373 0.0061892548751795295 0.00035014087480216976 0.024860002110954054 0.015581268928696554
4.569589314312426 0.028639463906612768 0.01365549411728462 0.07808141508088386 0.06512620271320357
5.140787978601479 0.13575167681300593 0.10854367118867263 0.2004556508242422 0.18242339577193045
5.711986642890533 0.40824366349728275 0.4234953880732243 0.35346721311279033 0.3820036944091672
