0.0 0.5618525249251993 0.6236008980226644 0.4401270796263274 0.4175429932015874
0.5711986642890533 0.3896141093056026 0.4028370764598963 0.3578439740478175 0.3389363668085003
1.1423973285781066 0.14641037697242493 0.11852268612053446 0.1957287490144129 0.1941531150778031
1.7135959928671598 0.04497250589003163 0.026785776922365983 0.08263324645331206 0.0891108526371522
2.284794657156213 0.01655960372593791 0.010329155806664008 0.028186340421574665 0.03623958054202457
2.8559933214452666 0.009587681012965296 0.010504226244065093 0.009803944494460752 0.016281550678300893
3.4271919857343196 0.007517730547223056 0.006302535746439055 0.013830564554685707 0.01330535324248245
3.998390650023373 0.009999611453909023 0.003676479185422782 0.024334790798750797 0.0323880309192007
4.569589314312426 0.03427261268651826 0.015231128053894384 0.07720606289387844 0.08053240120449905
5.140787978601479 0.14057126297204756 0.11274536168629866 0.18662508626955648 0.19240241070379227
5.711986642890533 0.3893463545189892 0.42016904976260366 0.3343845354360721 0.3398117189955057
