0.0 0.6672947935045561 0.6810240014902201 0.4376760935027122 0.42191975413661453
0.5711986642890533 0.42210403880756303 0.39040707540441927 0.34313805730612634 0.34138735293211553
1.1423973285781066 0.09840801428650456 0.10679296681466177 0.17857184614910657 0.1400563499208679
1.7135959928671598 0.020824167817181674 0.01400563499208679 0.07002817496043395 0.10504226244065092
2.284794657156213 0.005436397792981057 0.0 0.02275915686214103 0.04026620060224952
2.8559933214452666 0.005436397792981057 0.0017507043740108488 0.008753521870054244 0.02626056561016273
3.4271919857343196 0.006173536476775098 0.0035014087480216977 0.012254930618075942 0.024509861236151884
3.998390650023373 0.006265678812249353 0.0 0.02801126998417358 0.03851549622823867
4.569589314312426 0.021561306500975715 0.01400563499208679 0.08753521870054244 0.09979014931861838
5.140787978601479 0.1001587186605154 0.09628874057059668 0.19607888988921507 0.17331973302707404
5.711986642890533 0.39704132355856564 0.44292820662474475 0.36589721416826737 0.33963664855810466
