0.0 0.6417713665781875 0.7247916108404914 0.39040707540441927 0.39390848415244095
0.5711986642890533 0.39952916661637056 0.39390848415244095 0.3308831266880504 0.35714369229821313
1.1423973285781066 0.11204507993669433 0.08753521870054244 0.20133100301124762 0.19257748114119336
1.7135959928671598 0.02460200357162614 0.0052521131220325465 0.07878169683048819 0.09103662744856413
2.284794657156213 0.010227799237642327 0.0035014087480216977 0.04551831372428206 0.024509861236151884
2.8559933214452666 0.007463529173414671 0.0035014087480216977 0.02275915686214103 0.03501408748021698
3.4271919857343196 0.006265678812249353 0.0017507043740108488 0.021008452488130186 0.03851549622823867
3.998390650023373 0.008937806541002754 0.0 0.03501408748021698 0.04551831372428206
4.569589314312426 0.024878430578048904 0.010504226244065093 0.08928592307455328 0.08228310557850989
5.140787978601479 0.1135193573042824 0.11554648868471602 0.17331973302707404 0.16981832427905233
5.711986642890533 0.4014641556613299 0.40441271039650606 0.3623958054202457 0.3203789004439853
