0.0 0.6690454978785669 0.7230409064664804 0.4271718672586471 0.4131662322665603
0.5711986642890533 0.4057948454286199 0.4149169366405711 0.39040707540441927 0.3343845354360721
1.1423973285781066 0.10688510915013602 0.08928592307455328 0.16631691553103062 0.19607888988921507
1.7135959928671598 0.020087029133387634 0.008753521870054244 0.08053240120449905 0.08928592307455328
2.284794657156213 0.006265678812249353 0.0 0.03501408748021698 0.03501408748021698
2.8559933214452666 0.005159970786558291 0.0017507043740108488 0.01750704374010849 0.03151267873219527
3.4271919857343196 0.006173536476775098 0.0017507043740108488 0.015756339366097636 0.03326338310620613
3.998390650023373 0.008753521870054244 0.0 0.02801126998417358 0.050770426846314616
4.569589314312426 0.01879703643674806 0.0052521131220325465 0.07528028808246649 0.0717788793344448
5.140787978601479 0.09656516757701945 0.07703099245647733 0.1803225505231174 0.1470591674169113
5.711986642890533 0.4071769804607337 0.42892257163265796 0.3343845354360721 0.3483901704281589
