0.0 0.6644383811048543 0.7300437239625239 0.49895074659309185 0.4376760935027122
0.5711986642890533 0.4009113016484844 0.38340425790837585 0.3221296048179962 0.35714369229821313
1.1423973285781066 0.09693373691891646 0.10154085369262923 0.17507043740108488 0.15581268928696554
1.7135959928671598 0.02128487949455295 0.008753521870054244 0.09803944494460753 0.07703099245647733
2.284794657156213 0.00691067516056914 0.0 0.02801126998417358 0.03151267873219527
2.8559933214452666 0.004883543780135525 0.0 0.02275915686214103 0.02976197435818443
3.4271919857343196 0.005897109470352333 0.0 0.021008452488130186 0.02626056561016273
3.998390650023373 0.00691067516056914 0.0 0.03151267873219527 0.03326338310620613
4.569589314312426 0.02017917146886189 0.007002817496043395 0.07002817496043395 0.10329155806664007
5.140787978601479 0.10356798507306283 0.09979014931861838 0.17857184614910657 0.17857184614910657
5.711986642890533 0.4187869147304899 0.42016904976260366 0.30462256107788765 0.3203789004439853
