0.0 0.6687690708721442 0.6915282277342852 0.5164577903332004 0.4359253891287013
0.5711986642890533 0.4064398417769397 0.4096648235185386 0.32913242231403955 0.3343845354360721
1.1423973285781066 0.10061943033788667 0.09453803619658584 0.17857184614910657 0.19082677676718252
1.7135959928671598 0.021008452488130186 0.01750704374010849 0.07703099245647733 0.08053240120449905
2.284794657156213 0.0071871021669919054 0.0017507043740108488 0.03151267873219527 0.04026620060224952
2.8559933214452666 0.004975686115609781 0.0 0.010504226244065093 0.02626056561016273
3.4271919857343196 0.004238547431815739 0.0 0.010504226244065093 0.024509861236151884
3.998390650023373 0.006634248154146374 0.0017507043740108488 0.02976197435818443 0.04376760935027122
4.569589314312426 0.01879703643674806 0.012254930618075942 0.06302535746439054 0.07703099245647733
5.140787978601479 0.106516539808239 0.08053240120449905 0.1943281855152042 0.16281550678300893
5.711986642890533 0.4055184184221971 0.4411775022507339 0.3098746741999202 0.3343845354360721
