0.0 0.5119428158949619 0.5357155384473197 0.3343845354360721 0.3116253785739311
0.5711986642890533 0.38957779438515094 0.41841834538859285 0.323880309192007 0.30462256107788765
1.1423973285781066 0.15820839000929618 0.15406198491295467 0.18382395927113912 0.20658311613328015
1.7135959928671598 0.05150756553010866 0.04201690497626037 0.09803944494460753 0.09453803619658584
2.284794657156213 0.016769905056314448 0.007002817496043395 0.0682774705864231 0.054271835594336314
2.8559933214452666 0.008937806541002754 0.0017507043740108488 0.04201690497626037 0.03326338310620613
3.4271919857343196 0.011886361276178922 0.0 0.054271835594336314 0.04551831372428206
3.998390650023373 0.017599186075582744 0.010504226244065093 0.050770426846314616 0.0717788793344448
4.569589314312426 0.05003328816252057 0.04026620060224952 0.10329155806664007 0.12430001055477025
5.140787978601479 0.15618125862886256 0.14180705429487875 0.2118352292553127 0.2048324117592693
5.711986642890533 0.37806000245086907 0.3991605972744735 0.2801126998417358 0.29937044795585516
