0.0 0.6586334139699762 0.6897775233602744 0.4341746847546905 0.3974098929004627
0.5711986642890533 0.41510122131151966 0.4376760935027122 0.36939862291628905 0.3623958054202457
1.1423973285781066 0.10144871135715497 0.09103662744856413 0.18557466364514996 0.15756339366097638
1.7135959928671598 0.023312010874986563 0.01750704374010849 0.08228310557850989 0.09628874057059668
2.284794657156213 0.006265678812249353 0.0 0.019257748114119334 0.04026620060224952
2.8559933214452666 0.00709495983151765 0.0 0.02275915686214103 0.04726901809829292
3.4271919857343196 0.006726390489620629 0.0 0.019257748114119334 0.03501408748021698
3.998390650023373 0.006357821147723608 0.0017507043740108488 0.024509861236151884 0.021008452488130186
4.569589314312426 0.020732025481707418 0.012254930618075942 0.0717788793344448 0.06652676621241226
5.140787978601479 0.10513440477612518 0.09628874057059668 0.17682114177509572 0.1943281855152042
5.711986642890533 0.39989773595826755 0.40441271039650606 0.3448887616801372 0.33263383106206124
