0.0 0.669414067220464 0.7090352714743938 0.44467891099875556 0.4149169366405711
0.5711986642890533 0.4003584476356388 0.48144370285298344 0.32738171794002874 0.35364228355019145
1.1423973285781066 0.09527517488037987 0.06652676621241226 0.21533663800333439 0.16981832427905233
1.7135959928671598 0.018704894101273805 0.008753521870054244 0.054271835594336314 0.08228310557850989
2.284794657156213 0.0071871021669919054 0.0017507043740108488 0.024509861236151884 0.03851549622823867
2.8559933214452666 0.006173536476775098 0.0035014087480216977 0.010504226244065093 0.02976197435818443
3.4271919857343196 0.004422832102764249 0.0017507043740108488 0.012254930618075942 0.02626056561016273
3.998390650023373 0.0053442554575068016 0.0017507043740108488 0.02275915686214103 0.03326338310620613
4.569589314312426 0.020271313804336145 0.0035014087480216977 0.08228310557850989 0.09453803619658584
5.140787978601479 0.11388792664617942 0.10154085369262923 0.21358593362932354 0.19958029863723675
5.711986642890533 0.4096648235185386 0.3711493272902999 0.34313805730612634 0.30812396982590934
