0.0 0.6425085052619814 0.6985310452303287 0.416667641014582 0.4341746847546905
0.5711986642890533 0.4193397687433354 0.4499310241207881 0.35889439667222395 0.38165355353436503
1.1423973285781066 0.11416435365260218 0.09979014931861838 0.17156902865306317 0.20658311613328015
1.7135959928671598 0.021377021830027206 0.008753521870054244 0.07703099245647733 0.07002817496043395
2.284794657156213 0.007924240850785946 0.0 0.04376760935027122 0.03501408748021698
2.8559933214452666 0.0053442554575068016 0.0 0.015756339366097636 0.02626056561016273
3.4271919857343196 0.004514974438238504 0.0 0.008753521870054244 0.02626056561016273
3.998390650023373 0.008292810192682968 0.0 0.02976197435818443 0.04026620060224952
4.569589314312426 0.02395700722330635 0.012254930618075942 0.09979014931861838 0.07528028808246649
5.140787978601479 0.10918866753699241 0.07703099245647733 0.18382395927113912 0.15406198491295467
5.711986642890533 0.39409276882338945 0.40441271039650606 0.3448887616801372 0.30112115232986597
