0.0 0.5151677976365608 0.5952394871636886 0.3466394660541481 0.3711493272902999
0.5711986642890533 0.3714257542967227 0.36939862291628905 0.27486058671970326 0.2591042473536056
1.1423973285781066 0.15470698126127447 0.1435577586688896 0.22233945549937778 0.18382395927113912
1.7135959928671598 0.04929614947872653 0.02976197435818443 0.11904789743273772 0.09979014931861838
2.284794657156213 0.015572054695149128 0.0035014087480216977 0.05777324434235801 0.05952394871636886
2.8559933214452666 0.010227799237642327 0.0 0.03326338310620613 0.04901972247230377
3.4271919857343196 0.008845664205528498 0.0 0.02275915686214103 0.04376760935027122
3.998390650023373 0.016217051043468916 0.0052521131220325465 0.05252113122032546 0.07002817496043395
4.569589314312426 0.05252113122032546 0.03151267873219527 0.11554648868471602 0.11379578431070517
5.140787978601479 0.16880475858883554 0.1610648024089981 0.21008452488130183 0.2188380467513561
5.711986642890533 0.38791923234661435 0.4114155278925494 0.2958690392078335 0.2818634042157466
