0.0 0.03110074829125155 0.01750704374010849 0.04376760935027122 0.02626056561016273
0.5711986642890533 0.04088409626366511 0.03151267873219527 0.06652676621241226 0.04901972247230377
1.1423973285781066 0.07445642720057905 0.08228310557850989 0.11379578431070517 0.050770426846314616
1.7135959928671598 0.12914019323585907 0.1260507149287811 0.15056057616493299 0.12430001055477025
2.284794657156213 0.2626056561016273 0.26085495172761647 0.28536481296376837 0.26085495172761647
2.8559933214452666 0.4072962234831121 0.40266200602249524 0.3606451010462348 0.3623958054202457
3.4271919857343196 0.38062372743200573 0.3974098929004627 0.28886622171179005 0.3711493272902999
3.998390650023373 0.23778684703476763 0.2556028386055839 0.22233945549937778 0.25035072548355136
4.569589314312426 0.1081317407477289 0.09979014931861838 0.13480423679883535 0.13480423679883535
5.140787978601479 0.04407655718097901 0.05252113122032546 0.05602253996834716 0.07528028808246649
5.711986642890533 0.034602157039273246 0.024509861236151884 0.02801126998417358 0.04551831372428206
