0.0 0.0017507043740108488 0.0 0.0017507043740108488 0.012254930618075942
0.5711986642890533 0.006281939224391868 0.0 0.008753521870054244 0.01750704374010849
1.1423973285781066 0.01452054804326645 0.0052521131220325465 0.04201690497626037 0.024509861236151884
1.7135959928671598 0.0778548533383648 0.04901972247230377 0.1365549411728462 0.11904789743273772
2.284794657156213 0.2679607518338958 0.2958690392078335 0.31687749169596363 0.2713591779716816
2.8559933214452666 0.5290216687819841 0.5514718778134173 0.3974098929004627 0.4079141191445278
3.4271919857343196 0.5091460250064492 0.5619761040574824 0.3991605972744735 0.42191975413661453
3.998390650023373 0.2562207342669995 0.23459438611745376 0.25385213423157305 0.29937044795585516
4.569589314312426 0.06776255753524343 0.05252113122032546 0.12254930618075942 0.12430001055477025
5.140787978601479 0.016786165468456963 0.0 0.0647760618384014 0.03501408748021698
5.711986642890533 0.003398426137785765 0.0 0.007002817496043395 0.01750704374010849
