0.0 0.000720878271651526 0.0 0.0017507043740108488 0.0035014087480216977
0.5711986642890533 0.003398426137785765 0.0 0.01400563499208679 0.012254930618075942
1.1423973285781066 0.01534440892515391 0.0052521131220325465 0.04201690497626037 0.03326338310620613
1.7135959928671598 0.06354027051557022 0.05252113122032546 0.12079860180674858 0.09628874057059668
2.284794657156213 0.2419061514442049 0.19958029863723675 0.2258408642473995 0.2871155173377792
2.8559933214452666 0.5390109819748696 0.6337549833919273 0.37815214478634335 0.4621859547388641
3.4271919857343196 0.5511629299827095 0.5812338521716018 0.43242398038067964 0.46393665911287496
3.998390650023373 0.24355387320797986 0.2521014298575622 0.27661129109371413 0.25035072548355136
4.569589314312426 0.071469931503737 0.02626056561016273 0.1803225505231174 0.08578451432653159
5.140787978601479 0.01699213068892883 0.0 0.06127465309037971 0.04376760935027122
5.711986642890533 0.00360439135825763 0.0 0.01750704374010849 0.012254930618075942
