0.0 0.0024715826456623746 0.0 0.0035014087480216977 0.007002817496043395
0.5711986642890533 0.003398426137785765 0.0 0.0 0.019257748114119334
1.1423973285781066 0.013490721940907127 0.010504226244065093 0.03326338310620613 0.04201690497626037
1.7135959928671598 0.0647760618384014 0.04376760935027122 0.10329155806664007 0.1295521236768028
2.284794657156213 0.2590012647433697 0.243347907987508 0.25385213423157305 0.2958690392078335
2.8559933214452666 0.5757757738290974 0.6652676621241225 0.46393665911287496 0.45693384161683154
3.4271919857343196 0.5370543123803868 0.5549732865614391 0.4691887722349075 0.4236704585106254
3.998390650023373 0.22862139472376966 0.20308170738525846 0.26085495172761647 0.27486058671970326
4.569589314312426 0.05252113122032546 0.02801126998417358 0.12430001055477025 0.0647760618384014
5.140787978601479 0.010298261023593228 0.0017507043740108488 0.03326338310620613 0.024509861236151884
5.711986642890533 0.003295443527549833 0.0 0.0052521131220325465 0.012254930618075942
