0.0 0.0006178956614155937 0.0 0.0052521131220325465 0.0035014087480216977
0.5711986642890533 0.002059652204718645 0.0 0.012254930618075942 0.0052521131220325465
1.1423973285781066 0.015550374145625776 0.012254930618075942 0.04901972247230377 0.03326338310620613
1.7135959928671598 0.07517730547223056 0.05777324434235801 0.1435577586688896 0.11729719305872688
2.284794657156213 0.2862916564558918 0.28536481296376837 0.3483901704281589 0.3133760829479419
2.8559933214452666 0.5265500861363217 0.5269620165772655 0.4096648235185386 0.4254211628846362
3.4271919857343196 0.49946565964427153 0.5514718778134173 0.35889439667222395 0.36764791854227824
3.998390650023373 0.24015544707019407 0.26785776922365984 0.22759156862141033 0.2871155173377792
4.569589314312426 0.08053240120449905 0.04201690497626037 0.12430001055477025 0.12430001055477025
5.140787978601479 0.019257748114119334 0.007002817496043395 0.04551831372428206 0.04726901809829292
5.711986642890533 0.005046147901560681 0.0 0.02626056561016273 0.02626056561016273
