0.0 0.0015447391535389843 0.007002817496043395 0.010504226244065093 0.0
0.5711986642890533 0.002059652204718645 0.0 0.01750704374010849 0.0035014087480216977
1.1423973285781066 0.013799669771614925 0.0 0.05602253996834716 0.03326338310620613
1.7135959928671598 0.05221218338961767 0.03151267873219527 0.10679296681466177 0.09979014931861838
2.284794657156213 0.21863208153088423 0.2048324117592693 0.21708734237734525 0.2713591779716816
2.8559933214452666 0.4964791639474295 0.5567239909354499 0.3886563710304084 0.3869056666563976
3.4271919857343196 0.5595045214118202 0.589987374041656 0.44642961537276643 0.45693384161683154
3.998390650023373 0.2907199086960368 0.2906169260858009 0.3133760829479419 0.3063732654518985
4.569589314312426 0.08763820131077837 0.05777324434235801 0.1470591674169113 0.12780141930279196
5.140787978601479 0.021111435098366115 0.008753521870054244 0.03326338310620613 0.054271835594336314
5.711986642890533 0.007002817496043395 0.0035014087480216977 0.01400563499208679 0.010504226244065093
