0.0 0.003398426137785765 0.0035014087480216977 0.0052521131220325465 0.010504226244065093
0.5711986642890533 0.004016321799201359 0.0017507043740108488 0.008753521870054244 0.02275915686214103
1.1423973285781066 0.01936073072435527 0.0035014087480216977 0.05602253996834716 0.054271835594336314
1.7135959928671598 0.07919362727143192 0.04201690497626037 0.10679296681466177 0.15406198491295467
2.284794657156213 0.24581949063317035 0.2591042473536056 0.17331973302707404 0.2696084735976707
2.8559933214452666 0.5066744423607868 0.6197493483998404 0.3343845354360721 0.4096648235185386
3.4271919857343196 0.49503740740412644 0.5602253996834716 0.3764014404123325 0.39040707540441927
3.998390650023373 0.2654891691882334 0.19958029863723675 0.3606451010462348 0.2871155173377792
4.569589314312426 0.09144855788950787 0.04201690497626037 0.1978295942632259 0.09803944494460753
5.140787978601479 0.02924706130700477 0.01400563499208679 0.08578451432653159 0.03501408748021698
5.711986642890533 0.011019139295244753 0.0052521131220325465 0.04551831372428206 0.019257748114119334
