0.0 0.005149130511796614 0.0 0.021008452488130186 0.008753521870054244
0.5711986642890533 0.016065287196805438 0.010504226244065093 0.02976197435818443 0.0052521131220325465
1.1423973285781066 0.05210920077938173 0.05777324434235801 0.050770426846314616 0.05952394871636886
1.7135959928671598 0.07795783594860073 0.05952394871636886 0.1330535324248245 0.11029437556268347
2.284794657156213 0.20122802040101168 0.16981832427905233 0.2118352292553127 0.2871155173377792
2.8559933214452666 0.4572427894475393 0.48144370285298344 0.40441271039650606 0.3956591885264518
3.4271919857343196 0.5238725382701874 0.5532225821874283 0.40616341477051693 0.4009113016484844
3.998390650023373 0.2788769085189046 0.3063732654518985 0.25035072548355136 0.266107064849649
4.569589314312426 0.09546487968870922 0.10154085369262923 0.15056057616493299 0.12254930618075942
5.140787978601479 0.03470513964950918 0.010504226244065093 0.0717788793344448 0.06127465309037971
5.711986642890533 0.008032643598402719 0.0 0.021008452488130186 0.03326338310620613
