0.0 0.02162634814954578 0.010504226244065093 0.04376760935027122 0.01750704374010849
0.5711986642890533 0.02656951344087053 0.02801126998417358 0.02626056561016273 0.02976197435818443
1.1423973285781066 0.04119304409437291 0.050770426846314616 0.05602253996834716 0.04726901809829292
1.7135959928671598 0.12193141051934381 0.09453803619658584 0.13830564554685706 0.17156902865306317
2.284794657156213 0.26847566488507546 0.2836141085897575 0.266107064849649 0.2521014298575622
2.8559933214452666 0.40863499741617926 0.43067327600666877 0.3221296048179962 0.3851549622823867
3.4271919857343196 0.4173885192862335 0.4411775022507339 0.31862819606997445 0.34138735293211553
3.998390650023373 0.24283299493632832 0.2486000211095405 0.24159720361349715 0.25035072548355136
4.569589314312426 0.11235402776740211 0.09453803619658584 0.17682114177509572 0.1365549411728462
5.140787978601479 0.05911201827542512 0.04551831372428206 0.11904789743273772 0.08053240120449905
5.711986642890533 0.030585835240071885 0.02275915686214103 0.04201690497626037 0.03851549622823867
