0.0 0.00020596522047186457 0.0 0.0 0.0017507043740108488
0.5711986642890533 0.0010298261023593226 0.0017507043740108488 0.0035014087480216977 0.008753521870054244
1.1423973285781066 0.007002817496043395 0.0052521131220325465 0.012254930618075942 0.04201690497626037
1.7135959928671598 0.048916739862067835 0.02801126998417358 0.08578451432653159 0.11729719305872688
2.284794657156213 0.20040415951912421 0.17857184614910657 0.25385213423157305 0.266107064849649
2.8559933214452666 0.5245934165418391 0.591738078415667 0.39040707540441927 0.37815214478634335
3.4271919857343196 0.5642417214826729 0.6232507571478622 0.44642961537276643 0.43242398038067964
3.998390650023373 0.2952511435464178 0.25385213423157305 0.30812396982590934 0.2906169260858009
4.569589314312426 0.08547556649582379 0.0682774705864231 0.1610648024089981 0.1400563499208679
5.140787978601479 0.020699504657422388 0.0 0.07002817496043395 0.05952394871636886
5.711986642890533 0.002883513086606104 0.0 0.019257748114119334 0.01400563499208679
