0.0 0.22117231925003722 0.208333820507291 0.1873253680191608 0.20133100301124762
0.5711986642890533 0.21378045633754697 0.2188380467513561 0.20308170738525846 0.1943281855152042
1.1423973285781066 0.18382395927113912 0.1978295942632259 0.18382395927113912 0.19958029863723675
1.7135959928671598 0.1766266190668723 0.1803225505231174 0.21358593362932354 0.13830564554685706
2.284794657156213 0.16787309719681803 0.18557466364514996 0.1470591674169113 0.16631691553103062
2.8559933214452666 0.14744821283335816 0.14880987179092214 0.15231128053894383 0.15581268928696554
3.4271919857343196 0.12118764722319543 0.09979014931861838 0.12780141930279196 0.1330535324248245
3.998390650023373 0.11613005680938629 0.08403380995252074 0.1365549411728462 0.12079860180674858
4.569589314312426 0.10115180827618236 0.09628874057059668 0.10504226244065092 0.13830564554685706
5.140787978601479 0.12468905597121713 0.13130282805081364 0.11904789743273772 0.12780141930279196
5.711986642890533 0.17682114177509572 0.19958029863723675 0.17507043740108488 0.17507043740108488
