0.0 0.12410548784654683 0.1260507149287811 0.11904789743273772 0.11029437556268347
0.5711986642890533 0.1737087784435209 0.17156902865306317 0.18382395927113912 0.18382395927113912
1.1423973285781066 0.1943281855152042 0.19257748114119336 0.19958029863723675 0.20308170738525846
1.7135959928671598 0.2196161375842498 0.20133100301124762 0.22409015987338865 0.20133100301124762
2.284794657156213 0.22058875112536694 0.24509861236151884 0.18207325489712825 0.2258408642473995
2.8559933214452666 0.18849250426850137 0.19257748114119336 0.15581268928696554 0.20133100301124762
3.4271919857343196 0.16242646136656208 0.16981832427905233 0.17507043740108488 0.1610648024089981
3.998390650023373 0.13480423679883535 0.13480423679883535 0.15931409803498722 0.11379578431070517
4.569589314312426 0.12002051097385484 0.11029437556268347 0.11904789743273772 0.12254930618075942
5.140787978601479 0.10523678514887434 0.09803944494460753 0.10504226244065092 0.12079860180674858
5.711986642890533 0.10737653493933205 0.10854367118867263 0.12780141930279196 0.10679296681466177
