0.0 0.1632045521994558 0.16981832427905233 0.1295521236768028 0.16631691553103062
0.5711986642890533 0.13597137304817591 0.11379578431070517 0.13480423679883535 0.16631691553103062
1.1423973285781066 0.10971080743801317 0.09453803619658584 0.12780141930279196 0.1295521236768028
1.7135959928671598 0.10951628472978976 0.08403380995252074 0.11204507993669433 0.11729719305872688
2.284794657156213 0.12060407909852514 0.12430001055477025 0.14530846304290046 0.11904789743273772
2.8559933214452666 0.1449194176264536 0.14880987179092214 0.16981832427905233 0.1365549411728462
3.4271919857343196 0.17857184614910657 0.15406198491295467 0.17507043740108488 0.16631691553103062
3.998390650023373 0.19179939030829965 0.2258408642473995 0.16981832427905233 0.1610648024089981
4.569589314312426 0.20366527550992872 0.23109297736943205 0.18907607239317167 0.17156902865306317
5.140787978601479 0.1949117536398745 0.2188380467513561 0.1978295942632259 0.1943281855152042
5.711986642890533 0.1978295942632259 0.18557466364514996 0.19958029863723675 0.22233945549937778
