0.0 0.1752649601093083 0.15056057616493299 0.17507043740108488 0.1680676199050415
0.5711986642890533 0.1583414844938701 0.14530846304290046 0.16981832427905233 0.19082677676718252
1.1423973285781066 0.1307192599261434 0.12254930618075942 0.13130282805081364 0.15756339366097638
1.7135959928671598 0.12254930618075942 0.11554648868471602 0.09103662744856413 0.14530846304290046
2.284794657156213 0.12488357867944054 0.1295521236768028 0.12254930618075942 0.13130282805081364
2.8559933214452666 0.14122348617020847 0.17156902865306317 0.1365549411728462 0.13130282805081364
3.4271919857343196 0.1659278701145838 0.18207325489712825 0.17857184614910657 0.13830564554685706
3.998390650023373 0.16690048365570093 0.16981832427905233 0.1803225505231174 0.15231128053894383
4.569589314312426 0.17409782385996775 0.18207325489712825 0.16631691553103062 0.15231128053894383
5.140787978601479 0.1824623003135751 0.18907607239317167 0.19958029863723675 0.18907607239317167
5.711986642890533 0.208333820507291 0.19257748114119336 0.19958029863723675 0.1943281855152042
