0.0 0.18110064135601114 0.17682114177509572 0.17857184614910657 0.17507043740108488
0.5711986642890533 0.1836294365629157 0.1978295942632259 0.15931409803498722 0.15756339366097638
1.1423973285781066 0.16262098407478548 0.1873253680191608 0.17682114177509572 0.1610648024089981
1.7135959928671598 0.15970314345143408 0.17156902865306317 0.17857184614910657 0.1365549411728462
2.284794657156213 0.16942927886260548 0.18207325489712825 0.13830564554685706 0.15581268928696554
2.8559933214452666 0.17857184614910657 0.19082677676718252 0.15931409803498722 0.17331973302707404
3.4271919857343196 0.1527003259553907 0.13130282805081364 0.14530846304290046 0.16981832427905233
3.998390650023373 0.13402614596594165 0.1260507149287811 0.15581268928696554 0.16631691553103062
4.569589314312426 0.12624523763700454 0.09979014931861838 0.12780141930279196 0.16456621115701978
5.140787978601479 0.1373330320057399 0.13130282805081364 0.15406198491295467 0.1295521236768028
5.711986642890533 0.16534430198991348 0.15581268928696554 0.17682114177509572 0.1610648024089981
