0.0 0.1752649601093083 0.1610648024089981 0.1400563499208679 0.19607888988921507
0.5711986642890533 0.16437168844879635 0.15931409803498722 0.14180705429487875 0.15931409803498722
1.1423973285781066 0.16164837053366837 0.19082677676718252 0.1330535324248245 0.16981832427905233
1.7135959928671598 0.1365549411728462 0.15581268928696554 0.1435577586688896 0.12430001055477025
2.284794657156213 0.1371385092975165 0.1400563499208679 0.15406198491295467 0.13830564554685706
2.8559933214452666 0.14102896346198504 0.10154085369262923 0.18907607239317167 0.12780141930279196
3.4271919857343196 0.1661223928228072 0.16631691553103062 0.15231128053894383 0.15931409803498722
3.998390650023373 0.1739033011517443 0.15581268928696554 0.20658311613328015 0.15756339366097638
4.569589314312426 0.16437168844879635 0.1680676199050415 0.19257748114119336 0.13830564554685706
5.140787978601479 0.1556181665787421 0.18907607239317167 0.15581268928696554 0.1610648024089981
5.711986642890533 0.17468139198463803 0.16281550678300893 0.14180705429487875 0.2188380467513561
