0.0 0.17623757365042544 0.1803225505231174 0.15231128053894383 0.19257748114119336
0.5711986642890533 0.1709854605283929 0.18907607239317167 0.16456621115701978 0.15406198491295467
1.1423973285781066 0.15678530282808267 0.15231128053894383 0.16631691553103062 0.16981832427905233
1.7135959928671598 0.16125932511722152 0.14180705429487875 0.16981832427905233 0.17156902865306317
2.284794657156213 0.1527003259553907 0.15931409803498722 0.16456621115701978 0.11729719305872688
2.8559933214452666 0.16748405178037118 0.17507043740108488 0.16981832427905233 0.15931409803498722
3.4271919857343196 0.15114414428960327 0.17331973302707404 0.15231128053894383 0.12780141930279196
3.998390650023373 0.15814696178564666 0.1470591674169113 0.1610648024089981 0.17682114177509572
4.569589314312426 0.15036605345670956 0.12254930618075942 0.16456621115701978 0.16631691553103062
5.140787978601479 0.15114414428960327 0.14880987179092214 0.14180705429487875 0.16281550678300893
5.711986642890533 0.15445103032940152 0.1610648024089981 0.1435577586688896 0.15231128053894383
