0.0 0.20133100301124762 0.2048324117592693 0.23109297736943205 0.17682114177509572
0.5711986642890533 0.18051707323134084 0.16631691553103062 0.17682114177509572 0.16456621115701978
1.1423973285781066 0.15445103032940152 0.14880987179092214 0.1680676199050415 0.15756339366097638
1.7135959928671598 0.15795243907742323 0.17857184614910657 0.16281550678300893 0.1365549411728462
2.284794657156213 0.1680676199050415 0.16981832427905233 0.14530846304290046 0.1803225505231174
2.8559933214452666 0.15503459845407183 0.1435577586688896 0.15931409803498722 0.16981832427905233
3.4271919857343196 0.14258514512777246 0.13480423679883535 0.16281550678300893 0.12780141930279196
3.998390650023373 0.1324699643001542 0.14180705429487875 0.14530846304290046 0.14880987179092214
4.569589314312426 0.13324805513304794 0.12254930618075942 0.10679296681466177 0.15756339366097638
5.140787978601479 0.1556181665787421 0.14530846304290046 0.1295521236768028 0.16981832427905233
5.711986642890533 0.16942927886260548 0.1943281855152042 0.16281550678300893 0.1610648024089981
