0.0 0.15114414428960327 0.13130282805081364 0.15056057616493299 0.13130282805081364
0.5711986642890533 0.15036605345670956 0.17156902865306317 0.17331973302707404 0.11379578431070517
1.1423973285781066 0.1402508726290913 0.13830564554685706 0.1978295942632259 0.11029437556268347
1.7135959928671598 0.11749171576695029 0.11029437556268347 0.1260507149287811 0.10854367118867263
2.284794657156213 0.1204095563903017 0.11029437556268347 0.13130282805081364 0.1400563499208679
2.8559933214452666 0.14880987179092214 0.1470591674169113 0.16631691553103062 0.14180705429487875
3.4271919857343196 0.18751989072738426 0.20133100301124762 0.16281550678300893 0.15581268928696554
3.998390650023373 0.20113648030302417 0.18907607239317167 0.17507043740108488 0.2188380467513561
4.569589314312426 0.1836294365629157 0.2118352292553127 0.14880987179092214 0.2328436817434429
5.140787978601479 0.17507043740108488 0.16631691553103062 0.15931409803498722 0.208333820507291
5.711986642890533 0.17487591469286146 0.17331973302707404 0.15931409803498722 0.18907607239317167
