0.0 0.6167254044810945 1.0755691054150287 0.3749690459245054 0.3996380621037492
0.2026833970057931 0.5344953505502819 0.9423564180471123 0.37990284916035416 0.28122678444337906
0.4053667940115862 0.3453662265094129 0.5723211753584557 0.22695494884904274 0.23682255532074029
0.6080501910173793 0.23353335316350776 0.24175635855658903 0.22695494884904274 0.23188875208489151
0.8107335880231724 0.10525446903144012 0.08387465500942885 0.09374226148112635 0.13814649060376516
1.0134169850289656 0.057561037751568817 0.05427183559433631 0.0444042291226388 0.07400704853773134
1.2161003820347587 0.03947042588679005 0.019735212943395024 0.06413944206603382 0.03453662265094129
1.4187837790405518 0.03782582480817379 0.0 0.05427183559433631 0.05920563883018507
1.6214671760463448 0.031247420493708784 0.0 0.03947042588679005 0.05427183559433631
1.824150573052138 0.03782582480817379 0.0 0.03947042588679005 0.07400704853773134
2.026833970057931 0.05098263343710381 0.0 0.0888084582452776 0.06413944206603382
2.2295173670637243 0.057561037751568817 0.0 0.10360986795282387 0.06907324530188258
2.4322007640695174 0.08551925608804509 0.0 0.14801409707546268 0.10854367118867261
2.6348841610753104 0.11512207550313763 0.004933803235848756 0.16281550678300893 0.1776169164905552
2.8375675580811035 0.19735212943395022 0.0 0.3157634070943204 0.2762929812075303
3.0402509550868966 0.19899673051256647 0.009867606471697512 0.28616058767922786 0.3009619973867741
3.2429343520926897 0.1841953208050202 0.0 0.3157634070943204 0.23682255532074029
3.4456177490984827 0.20557513482703146 0.0 0.32563101356601787 0.29109439091507655
3.648301146104276 0.11512207550313763 0.0 0.1874845229622527 0.1578817035471602
3.850984543110069 0.09538686255974262 0.004933803235848756 0.16281550678300893 0.11841127766037014
4.053667940115862 0.06413944206603382 0.004933803235848756 0.11841127766037014 0.06907324530188258
4.2563513371216555 0.029602819415092536 0.0 0.029602819415092536 0.05920563883018507
4.4590347341274486 0.02631361725786003 0.009867606471697512 0.029602819415092536 0.03947042588679005
4.661718131133242 0.031247420493708784 0.0 0.049338032358487556 0.0444042291226388
4.864401528139035 0.049338032358487556 0.0 0.06907324530188258 0.0789408517735801
5.067084925144828 0.03453662265094129 0.0 0.05427183559433631 0.049338032358487556
5.269768322150621 0.057561037751568817 0.019735212943395024 0.06907324530188258 0.08387465500942885
5.472451719156414 0.14965869815407892 0.11347747442452137 0.16281550678300893 0.17268311325470645
5.675135116162207 0.21544274129872898 0.24175635855658903 0.18255071972640394 0.222021145613194
5.877818513168 0.35687843405972663 0.5427183559433632 0.22695494884904274 0.3009619973867741
6.080501910173793 0.5739657764370719 0.9916944504055999 0.3009619973867741 0.4292408815188417
