0.0 0.6117916012452457 1.0805029086508775 0.35030002974526164 0.404571865339598
0.2026833970057931 0.5492967602578281 1.0262310730565412 0.28122678444337906 0.34043242327356416
0.4053667940115862 0.3881258545534354 0.606857798009397 0.2565577682641353 0.3009619973867741
0.6080501910173793 0.17597231541193895 0.23188875208489151 0.13814649060376516 0.1578817035471602
0.8107335880231724 0.12498968197483513 0.10360986795282387 0.09374226148112635 0.1776169164905552
1.0134169850289656 0.0444042291226388 0.004933803235848756 0.06413944206603382 0.06413944206603382
1.2161003820347587 0.03618122372955754 0.0 0.05427183559433631 0.05427183559433631
1.4187837790405518 0.031247420493708784 0.0 0.03947042588679005 0.05427183559433631
1.6214671760463448 0.023024415100627527 0.0 0.024669016179243778 0.0444042291226388
1.824150573052138 0.03782582480817379 0.0 0.05427183559433631 0.05920563883018507
2.026833970057931 0.03782582480817379 0.0 0.06413944206603382 0.049338032358487556
2.2295173670637243 0.07400704853773134 0.0 0.10360986795282387 0.11841127766037014
2.4322007640695174 0.0888084582452776 0.0 0.12827888413206764 0.13814649060376516
2.6348841610753104 0.1332126873679164 0.0 0.22695494884904274 0.17268311325470645
2.8375675580811035 0.1874845229622527 0.0 0.2762929812075303 0.28616058767922786
3.0402509550868966 0.18912912404086896 0.0 0.28122678444337906 0.28616058767922786
3.2429343520926897 0.22531034777042652 0.0 0.34043242327356416 0.3354986200377154
3.4456177490984827 0.17268311325470645 0.0 0.28616058767922786 0.23188875208489151
3.648301146104276 0.17103851217609017 0.0 0.222021145613194 0.29109439091507655
3.850984543110069 0.08387465500942885 0.0 0.11347747442452137 0.13814649060376516
4.053667940115862 0.05591643667295257 0.0 0.08387465500942885 0.08387465500942885
4.2563513371216555 0.03453662265094129 0.0 0.06907324530188258 0.03453662265094129
4.4590347341274486 0.019735212943395024 0.0 0.049338032358487556 0.009867606471697512
4.661718131133242 0.024669016179243778 0.0 0.024669016179243778 0.049338032358487556
4.864401528139035 0.03453662265094129 0.0 0.05427183559433631 0.049338032358487556
5.067084925144828 0.03782582480817379 0.004933803235848756 0.06907324530188258 0.03947042588679005
5.269768322150621 0.07400704853773134 0.024669016179243778 0.10854367118867261 0.0888084582452776
5.472451719156414 0.11347747442452137 0.06907324530188258 0.14308029383961393 0.12827888413206764
5.675135116162207 0.22531034777042652 0.28616058767922786 0.22695494884904274 0.16281550678300893
5.877818513168 0.3486554286666454 0.5229831429999681 0.28122678444337906 0.24175635855658903
6.080501910173793 0.5788995796729206 0.9719592374622049 0.42430707828299297 0.34043242327356416
