0.0 0.5509413613364443 0.9374226148112635 0.32563101356601787 0.3897704556320517
0.2026833970057931 0.5246277440785844 0.9028859921603223 0.3552338329811104 0.3157634070943204
0.4053667940115862 0.38483665239620296 0.5575197656509094 0.34043242327356416 0.2565577682641353
0.6080501910173793 0.22531034777042652 0.3009619973867741 0.13814649060376516 0.23682255532074029
0.8107335880231724 0.11018827226728888 0.06907324530188258 0.14308029383961393 0.11841127766037014
1.0134169850289656 0.0789408517735801 0.03947042588679005 0.11347747442452137 0.08387465500942885
1.2161003820347587 0.049338032358487556 0.004933803235848756 0.0789408517735801 0.06413944206603382
1.4187837790405518 0.024669016179243778 0.0 0.029602819415092536 0.0444042291226388
1.6214671760463448 0.027958218336476284 0.004933803235848756 0.03947042588679005 0.03947042588679005
1.824150573052138 0.027958218336476284 0.004933803235848756 0.05427183559433631 0.024669016179243778
2.026833970057931 0.04604883020125505 0.0 0.06413944206603382 0.07400704853773134
2.2295173670637243 0.041115026965406296 0.0 0.05920563883018507 0.06413944206603382
2.4322007640695174 0.08387465500942885 0.004933803235848756 0.17268311325470645 0.07400704853773134
2.6348841610753104 0.13156808628930017 0.0 0.1332126873679164 0.26149157149998403
2.8375675580811035 0.1874845229622527 0.0 0.28122678444337906 0.28122678444337906
3.0402509550868966 0.16939391109747395 0.0 0.28122678444337906 0.22695494884904274
3.2429343520926897 0.19570752835533398 0.004933803235848756 0.3157634070943204 0.2664253747358328
3.4456177490984827 0.20064133159118272 0.0 0.32563101356601787 0.2762929812075303
3.648301146104276 0.14472489491823015 0.0 0.17268311325470645 0.26149157149998403
3.850984543110069 0.09867606471697511 0.0 0.17268311325470645 0.1233450808962189
4.053667940115862 0.08058545285219633 0.0 0.1578817035471602 0.08387465500942885
4.2563513371216555 0.04604883020125505 0.0 0.08387465500942885 0.05427183559433631
4.4590347341274486 0.029602819415092536 0.0 0.05427183559433631 0.03453662265094129
4.661718131133242 0.029602819415092536 0.0 0.019735212943395024 0.06907324530188258
4.864401528139035 0.03618122372955754 0.0 0.0444042291226388 0.06413944206603382
5.067084925144828 0.03947042588679005 0.0 0.03947042588679005 0.0789408517735801
5.269768322150621 0.05098263343710381 0.009867606471697512 0.05427183559433631 0.0888084582452776
5.472451719156414 0.1332126873679164 0.11347747442452137 0.1233450808962189 0.16281550678300893
5.675135116162207 0.228599549927659 0.3009619973867741 0.1677493100188577 0.21708734237734523
5.877818513168 0.39470425886790045 0.6315268141886408 0.25162396502828654 0.3009619973867741
6.080501910173793 0.5608089678081419 1.0459662859999361 0.34043242327356416 0.29602819415092535
