0.0 0.45226529661946924 0.8042099274433472 0.26149157149998403 0.29109439091507655
0.2026833970057931 0.3535892319024942 0.646328223896187 0.21708734237734523 0.19735212943395022
0.4053667940115862 0.3108296038584716 0.5476521591792118 0.1776169164905552 0.20721973590564774
0.6080501910173793 0.2565577682641353 0.39470425886790045 0.17268311325470645 0.202285932669799
0.8107335880231724 0.16939391109747395 0.23682255532074029 0.14308029383961393 0.12827888413206764
1.0134169850289656 0.10196526687420762 0.11347747442452137 0.09867606471697511 0.09374226148112635
1.2161003820347587 0.0888084582452776 0.049338032358487556 0.09867606471697511 0.11841127766037014
1.4187837790405518 0.06907324530188258 0.029602819415092536 0.08387465500942885 0.09374226148112635
1.6214671760463448 0.05262723451572006 0.0 0.07400704853773134 0.08387465500942885
1.824150573052138 0.03947042588679005 0.004933803235848756 0.05920563883018507 0.05427183559433631
2.026833970057931 0.08716385716666135 0.004933803235848756 0.11347747442452137 0.14308029383961393
2.2295173670637243 0.06742864422326633 0.009867606471697512 0.09374226148112635 0.09867606471697511
2.4322007640695174 0.13485728844653266 0.0 0.202285932669799 0.202285932669799
2.6348841610753104 0.1332126873679164 0.004933803235848756 0.18255071972640394 0.21215353914149648
2.8375675580811035 0.15623710246854394 0.0 0.1776169164905552 0.29109439091507655
3.0402509550868966 0.16939391109747395 0.0 0.19241832619810148 0.3157634070943204
3.2429343520926897 0.1743277143333227 0.0 0.23188875208489151 0.29109439091507655
3.4456177490984827 0.15623710246854394 0.0 0.23682255532074029 0.23188875208489151
3.648301146104276 0.14308029383961393 0.0 0.19241832619810148 0.23682255532074029
3.850984543110069 0.11347747442452137 0.004933803235848756 0.18255071972640394 0.15294790031131142
4.053667940115862 0.0888084582452776 0.004933803235848756 0.12827888413206764 0.1332126873679164
4.2563513371216555 0.08058545285219633 0.0 0.13814649060376516 0.10360986795282387
4.4590347341274486 0.05098263343710381 0.009867606471697512 0.0789408517735801 0.06413944206603382
4.661718131133242 0.05262723451572006 0.029602819415092536 0.06413944206603382 0.06413944206603382
4.864401528139035 0.06249484098741757 0.03453662265094129 0.09374226148112635 0.05920563883018507
5.067084925144828 0.09538686255974262 0.09374226148112635 0.1332126873679164 0.05920563883018507
5.269768322150621 0.1332126873679164 0.10360986795282387 0.1874845229622527 0.10854367118867261
5.472451719156414 0.20721973590564774 0.2565577682641353 0.19241832619810148 0.17268311325470645
5.675135116162207 0.21215353914149648 0.2565577682641353 0.21215353914149648 0.1677493100188577
5.877818513168 0.3206972103301691 0.5427183559433632 0.2664253747358328 0.15294790031131142
6.080501910173793 0.3996380621037492 0.7499380918490108 0.2466901617924378 0.202285932669799
