0.0 0.6052131969307807 1.1841127766037014 0.3009619973867741 0.33056481680186667
0.2026833970057931 0.5657427710439906 1.0163634665848436 0.3354986200377154 0.3453662265094129
0.4053667940115862 0.3371432211163316 0.48351271711317806 0.2713591779716816 0.2565577682641353
0.6080501910173793 0.1940629272767177 0.1874845229622527 0.202285932669799 0.19241832619810148
0.8107335880231724 0.1233450808962189 0.09374226148112635 0.1578817035471602 0.11841127766037014
1.0134169850289656 0.06578404314465008 0.029602819415092536 0.08387465500942885 0.08387465500942885
1.2161003820347587 0.05098263343710381 0.014801409707546268 0.07400704853773134 0.06413944206603382
1.4187837790405518 0.027958218336476284 0.0 0.03947042588679005 0.0444042291226388
1.6214671760463448 0.03618122372955754 0.0 0.03947042588679005 0.06907324530188258
1.824150573052138 0.029602819415092536 0.0 0.06413944206603382 0.024669016179243778
2.026833970057931 0.03453662265094129 0.0 0.049338032358487556 0.05427183559433631
2.2295173670637243 0.06742864422326633 0.0 0.10854367118867261 0.09374226148112635
2.4322007640695174 0.10360986795282387 0.0 0.14308029383961393 0.1677493100188577
2.6348841610753104 0.11841127766037014 0.0 0.19735212943395022 0.1578817035471602
2.8375675580811035 0.16610470894024143 0.0 0.2565577682641353 0.24175635855658903
3.0402509550868966 0.20064133159118272 0.0 0.2664253747358328 0.3354986200377154
3.2429343520926897 0.21379814022011276 0.0 0.3206972103301691 0.3206972103301691
3.4456177490984827 0.208864336984264 0.0 0.2713591779716816 0.3552338329811104
3.648301146104276 0.13814649060376516 0.0 0.23682255532074029 0.1776169164905552
3.850984543110069 0.11347747442452137 0.0 0.17268311325470645 0.1677493100188577
4.053667940115862 0.06742864422326633 0.0 0.09867606471697511 0.10360986795282387
4.2563513371216555 0.03947042588679005 0.0 0.05920563883018507 0.05920563883018507
4.4590347341274486 0.019735212943395024 0.0 0.03453662265094129 0.024669016179243778
4.661718131133242 0.024669016179243778 0.0 0.03947042588679005 0.03453662265094129
4.864401528139035 0.023024415100627527 0.0 0.03947042588679005 0.029602819415092536
5.067084925144828 0.03782582480817379 0.0 0.05920563883018507 0.05427183559433631
5.269768322150621 0.05920563883018507 0.03453662265094129 0.06413944206603382 0.0789408517735801
5.472451719156414 0.11347747442452137 0.08387465500942885 0.11841127766037014 0.13814649060376516
5.675135116162207 0.23188875208489151 0.3108296038584716 0.1677493100188577 0.21708734237734523
5.877818513168 0.3519446308238779 0.4884465203490268 0.32563101356601787 0.24175635855658903
6.080501910173793 0.5640981699653743 1.0064958601131462 0.3354986200377154 0.35030002974526164
