0.0 0.404571865339598 0.6512620271320357 0.23188875208489151 0.33056481680186667
0.2026833970057931 0.40950566857544674 0.7696733047924059 0.21215353914149648 0.2466901617924378
0.4053667940115862 0.34043242327356416 0.5476521591792118 0.20721973590564774 0.2664253747358328
0.6080501910173793 0.2532685661069028 0.29109439091507655 0.2664253747358328 0.202285932669799
0.8107335880231724 0.14965869815407892 0.1578817035471602 0.1332126873679164 0.1578817035471602
1.0134169850289656 0.09538686255974262 0.11347747442452137 0.09374226148112635 0.0789408517735801
1.2161003820347587 0.0920976604025101 0.0444042291226388 0.08387465500942885 0.14801409707546268
1.4187837790405518 0.07729625069496383 0.019735212943395024 0.10854367118867261 0.10360986795282387
1.6214671760463448 0.057561037751568817 0.009867606471697512 0.0888084582452776 0.07400704853773134
1.824150573052138 0.06085023990880132 0.004933803235848756 0.10854367118867261 0.06907324530188258
2.026833970057931 0.09703146363835885 0.014801409707546268 0.1578817035471602 0.11841127766037014
2.2295173670637243 0.06742864422326633 0.0 0.07400704853773134 0.12827888413206764
2.4322007640695174 0.11183287334590514 0.0 0.19241832619810148 0.14308029383961393
2.6348841610753104 0.11512207550313763 0.0 0.21708734237734523 0.12827888413206764
2.8375675580811035 0.14308029383961393 0.009867606471697512 0.222021145613194 0.19735212943395022
3.0402509550868966 0.11183287334590514 0.009867606471697512 0.18255071972640394 0.14308029383961393
3.2429343520926897 0.14965869815407892 0.0 0.2466901617924378 0.202285932669799
3.4456177490984827 0.14472489491823015 0.004933803235848756 0.20721973590564774 0.222021145613194
3.648301146104276 0.15294790031131142 0.0 0.2664253747358328 0.19241832619810148
3.850984543110069 0.11676667658175388 0.004933803235848756 0.17268311325470645 0.17268311325470645
4.053667940115862 0.0888084582452776 0.0 0.16281550678300893 0.10360986795282387
4.2563513371216555 0.07236244745911508 0.014801409707546268 0.08387465500942885 0.11841127766037014
4.4590347341274486 0.04604883020125505 0.004933803235848756 0.06413944206603382 0.06907324530188258
4.661718131133242 0.06249484098741757 0.004933803235848756 0.0789408517735801 0.10360986795282387
4.864401528139035 0.08058545285219633 0.024669016179243778 0.10854367118867261 0.10854367118867261
5.067084925144828 0.08223005393081259 0.06413944206603382 0.0888084582452776 0.09374226148112635
5.269768322150621 0.13485728844653266 0.1233450808962189 0.13814649060376516 0.14308029383961393
5.472451719156414 0.1776169164905552 0.24175635855658903 0.16281550678300893 0.12827888413206764
5.675135116162207 0.2598469704213678 0.3897704556320517 0.18255071972640394 0.20721973590564774
5.877818513168 0.3749690459245054 0.6611296336037333 0.23682255532074029 0.22695494884904274
6.080501910173793 0.4029272642609817 0.7499380918490108 0.15294790031131142 0.30589580062262284
