0.0 0.600279393694932 1.090370515122575 0.34043242327356416 0.3700352426886567
0.2026833970057931 0.5394291537861307 0.9916944504055999 0.3354986200377154 0.29109439091507655
0.4053667940115862 0.4160840728899117 0.6956662562546745 0.28122678444337906 0.2713591779716816
0.6080501910173793 0.22037654453457775 0.2762929812075303 0.19735212943395022 0.1874845229622527
0.8107335880231724 0.10854367118867261 0.08387465500942885 0.11347747442452137 0.12827888413206764
1.0134169850289656 0.0789408517735801 0.03453662265094129 0.09867606471697511 0.10360986795282387
1.2161003820347587 0.04275962804402254 0.0 0.06413944206603382 0.06413944206603382
1.4187837790405518 0.029602819415092536 0.004933803235848756 0.049338032358487556 0.03453662265094129
1.6214671760463448 0.03289202157232504 0.0 0.03947042588679005 0.05920563883018507
1.824150573052138 0.02137981402201127 0.0 0.03947042588679005 0.024669016179243778
2.026833970057931 0.06907324530188258 0.0 0.10360986795282387 0.10360986795282387
2.2295173670637243 0.06085023990880132 0.0 0.06413944206603382 0.11841127766037014
2.4322007640695174 0.09538686255974262 0.0 0.12827888413206764 0.1578817035471602
2.6348841610753104 0.14965869815407892 0.0 0.21708734237734523 0.23188875208489151
2.8375675580811035 0.1841953208050202 0.0 0.25162396502828654 0.3009619973867741
3.0402509550868966 0.20721973590564774 0.0 0.3009619973867741 0.3206972103301691
3.2429343520926897 0.22695494884904274 0.0 0.2466901617924378 0.43417468475469045
3.4456177490984827 0.20393053374841524 0.0 0.3552338329811104 0.2565577682641353
3.648301146104276 0.12005587873898638 0.0 0.1677493100188577 0.19241832619810148
3.850984543110069 0.09045305932389386 0.0 0.10854367118867261 0.16281550678300893
4.053667940115862 0.05427183559433631 0.0 0.09374226148112635 0.06907324530188258
4.2563513371216555 0.05262723451572006 0.0 0.09374226148112635 0.06413944206603382
4.4590347341274486 0.03618122372955754 0.0 0.06907324530188258 0.03947042588679005
4.661718131133242 0.014801409707546268 0.0 0.029602819415092536 0.014801409707546268
4.864401528139035 0.024669016179243778 0.004933803235848756 0.0444042291226388 0.024669016179243778
5.067084925144828 0.03782582480817379 0.009867606471697512 0.06413944206603382 0.03947042588679005
5.269768322150621 0.06413944206603382 0.019735212943395024 0.09867606471697511 0.07400704853773134
5.472451719156414 0.11841127766037014 0.11841127766037014 0.12827888413206764 0.10854367118867261
5.675135116162207 0.2187319434559615 0.2713591779716816 0.21215353914149648 0.17268311325470645
5.877818513168 0.3552338329811104 0.6019239947735482 0.25162396502828654 0.21215353914149648
6.080501910173793 0.4588437009339343 0.7302028789056157 0.3453662265094129 0.3009619973867741
