0.0 0.5788995796729206 1.0410324827640873 0.3749690459245054 0.3206972103301691
0.2026833970057931 0.457199099855318 0.8584817630376834 0.2664253747358328 0.2466901617924378
0.4053667940115862 0.3683906416100404 0.5920563883018507 0.29602819415092535 0.21708734237734523
0.6080501910173793 0.19735212943395022 0.23682255532074029 0.21708734237734523 0.13814649060376516
0.8107335880231724 0.14143569276099766 0.15294790031131142 0.15294790031131142 0.11841127766037014
1.0134169850289656 0.0920976604025101 0.06907324530188258 0.11841127766037014 0.0888084582452776
1.2161003820347587 0.03947042588679005 0.019735212943395024 0.06413944206603382 0.03453662265094129
1.4187837790405518 0.02631361725786003 0.0 0.05427183559433631 0.024669016179243778
1.6214671760463448 0.03782582480817379 0.009867606471697512 0.05427183559433631 0.049338032358487556
1.824150573052138 0.04769343127987131 0.004933803235848756 0.09374226148112635 0.0444042291226388
2.026833970057931 0.03453662265094129 0.004933803235848756 0.049338032358487556 0.049338032358487556
2.2295173670637243 0.07565164961634759 0.0 0.11347747442452137 0.11347747442452137
2.4322007640695174 0.10360986795282387 0.0 0.1677493100188577 0.14308029383961393
2.6348841610753104 0.1578817035471602 0.0 0.2664253747358328 0.20721973590564774
2.8375675580811035 0.18090611864778772 0.0 0.2713591779716816 0.2713591779716816
3.0402509550868966 0.22695494884904274 0.0 0.3009619973867741 0.37990284916035416
3.2429343520926897 0.20064133159118272 0.0 0.24175635855658903 0.36016763621695913
3.4456177490984827 0.18255071972640394 0.0 0.1874845229622527 0.36016763621695913
3.648301146104276 0.16117090570439266 0.0 0.20721973590564774 0.2762929812075303
3.850984543110069 0.10689907011005638 0.0 0.13814649060376516 0.18255071972640394
4.053667940115862 0.049338032358487556 0.004933803235848756 0.0789408517735801 0.06413944206603382
4.2563513371216555 0.05262723451572006 0.0 0.08387465500942885 0.07400704853773134
4.4590347341274486 0.027958218336476284 0.0 0.03453662265094129 0.049338032358487556
4.661718131133242 0.03618122372955754 0.0 0.0444042291226388 0.06413944206603382
4.864401528139035 0.031247420493708784 0.0 0.0444042291226388 0.049338032358487556
5.067084925144828 0.03947042588679005 0.024669016179243778 0.049338032358487556 0.0444042291226388
5.269768322150621 0.0789408517735801 0.029602819415092536 0.11841127766037014 0.0888084582452776
5.472451719156414 0.12005587873898638 0.11841127766037014 0.12827888413206764 0.11347747442452137
5.675135116162207 0.24340095963520528 0.3206972103301691 0.222021145613194 0.1874845229622527
5.877818513168 0.3486554286666454 0.606857798009397 0.22695494884904274 0.21215353914149648
6.080501910173793 0.4884465203490268 0.8387465500942886 0.2664253747358328 0.36016763621695913
