0.0 0.5805441807515369 1.0558338924716337 0.36016763621695913 0.32563101356601787
0.2026833970057931 0.5410737548647468 0.9867606471697512 0.30589580062262284 0.33056481680186667
0.4053667940115862 0.3930596577892842 0.6315268141886408 0.2664253747358328 0.28122678444337906
0.6080501910173793 0.20721973590564774 0.2762929812075303 0.15294790031131142 0.19241832619810148
0.8107335880231724 0.1299234852106839 0.13814649060376516 0.10854367118867261 0.14308029383961393
1.0134169850289656 0.07729625069496383 0.014801409707546268 0.10360986795282387 0.11347747442452137
1.2161003820347587 0.057561037751568817 0.019735212943395024 0.0888084582452776 0.06413944206603382
1.4187837790405518 0.057561037751568817 0.009867606471697512 0.08387465500942885 0.0789408517735801
1.6214671760463448 0.01644601078616252 0.0 0.014801409707546268 0.03453662265094129
1.824150573052138 0.029602819415092536 0.0 0.03453662265094129 0.05427183559433631
2.026833970057931 0.0444042291226388 0.0 0.06413944206603382 0.06907324530188258
2.2295173670637243 0.06742864422326633 0.004933803235848756 0.08387465500942885 0.11347747442452137
2.4322007640695174 0.09867606471697511 0.0 0.16281550678300893 0.1332126873679164
2.6348841610753104 0.11347747442452137 0.0 0.21215353914149648 0.12827888413206764
2.8375675580811035 0.1841953208050202 0.004933803235848756 0.29602819415092535 0.25162396502828654
3.0402509550868966 0.21379814022011276 0.009867606471697512 0.30589580062262284 0.32563101356601787
3.2429343520926897 0.1743277143333227 0.004933803235848756 0.30589580062262284 0.21215353914149648
3.4456177490984827 0.16446010786162518 0.0 0.28122678444337906 0.21215353914149648
3.648301146104276 0.14308029383961393 0.004933803235848756 0.2466901617924378 0.1776169164905552
3.850984543110069 0.09045305932389386 0.004933803235848756 0.14801409707546268 0.11841127766037014
4.053667940115862 0.07565164961634759 0.0 0.11347747442452137 0.11347747442452137
4.2563513371216555 0.04275962804402254 0.0 0.0888084582452776 0.03947042588679005
4.4590347341274486 0.02631361725786003 0.0 0.049338032358487556 0.029602819415092536
4.661718131133242 0.05262723451572006 0.004933803235848756 0.0444042291226388 0.10854367118867261
4.864401528139035 0.03782582480817379 0.004933803235848756 0.0444042291226388 0.06413944206603382
5.067084925144828 0.04604883020125505 0.03947042588679005 0.019735212943395024 0.0789408517735801
5.269768322150621 0.08058545285219633 0.049338032358487556 0.09374226148112635 0.09867606471697511
5.472451719156414 0.11512207550313763 0.10360986795282387 0.09374226148112635 0.14801409707546268
5.675135116162207 0.202285932669799 0.23188875208489151 0.14801409707546268 0.22695494884904274
5.877818513168 0.35030002974526164 0.5131155365282706 0.2466901617924378 0.29109439091507655
6.080501910173793 0.5196939408427356 0.8190113371508935 0.3651014394528079 0.3749690459245054
