0.0 0.1688457107379352 0.15294790031131142 0.10854367118867261 0.1578817035471602
0.2026833970057931 0.19790032979348898 0.21215353914149648 0.23188875208489151 0.1677493100188577
0.4053667940115862 0.222021145613194 0.19735212943395022 0.25162396502828654 0.2762929812075303
0.6080501910173793 0.2340815535230465 0.23188875208489151 0.23188875208489151 0.21708734237734523
0.8107335880231724 0.2143463405796515 0.23188875208489151 0.222021145613194 0.21708734237734523
1.0134169850289656 0.24449736035428277 0.30589580062262284 0.222021145613194 0.20721973590564774
1.2161003820347587 0.2587505697022903 0.30589580062262284 0.25162396502828654 0.25162396502828654
1.4187837790405518 0.2642325732976778 0.24175635855658903 0.2565577682641353 0.1776169164905552
1.6214671760463448 0.24614196143289904 0.3157634070943204 0.202285932669799 0.18255071972640394
1.824150573052138 0.2675217754549103 0.26149157149998403 0.24175635855658903 0.23188875208489151
2.026833970057931 0.2165391420178065 0.21708734237734523 0.24175635855658903 0.2466901617924378
2.2295173670637243 0.20831613662472526 0.22695494884904274 0.18255071972640394 0.1874845229622527
2.4322007640695174 0.1798097179287102 0.15294790031131142 0.1578817035471602 0.25162396502828654
2.6348841610753104 0.17103851217609017 0.17268311325470645 0.1776169164905552 0.20721973590564774
2.8375675580811035 0.1540443010303889 0.13814649060376516 0.1578817035471602 0.14801409707546268
3.0402509550868966 0.15623710246854394 0.15294790031131142 0.17268311325470645 0.16281550678300893
3.2429343520926897 0.14253209348007514 0.17268311325470645 0.202285932669799 0.11347747442452137
3.4456177490984827 0.13924289132284265 0.16281550678300893 0.14801409707546268 0.0789408517735801
3.648301146104276 0.11402567478406013 0.10854367118867261 0.1233450808962189 0.10854367118867261
3.850984543110069 0.10032066579559136 0.09374226148112635 0.11841127766037014 0.07400704853773134
4.053667940115862 0.10251346723374637 0.0789408517735801 0.14308029383961393 0.09374226148112635
4.2563513371216555 0.0877120575262001 0.09867606471697511 0.0789408517735801 0.07400704853773134
4.4590347341274486 0.08716385716666135 0.06907324530188258 0.09374226148112635 0.10854367118867261
4.661718131133242 0.0789408517735801 0.0444042291226388 0.07400704853773134 0.09867606471697511
4.864401528139035 0.07400704853773134 0.05920563883018507 0.07400704853773134 0.12827888413206764
5.067084925144828 0.07510344925680884 0.0789408517735801 0.06413944206603382 0.10854367118867261
5.269768322150621 0.07510344925680884 0.06413944206603382 0.10854367118867261 0.09867606471697511
5.472451719156414 0.08058545285219633 0.06413944206603382 0.06907324530188258 0.09867606471697511
5.675135116162207 0.09703146363835885 0.09867606471697511 0.08387465500942885 0.15294790031131142
5.877818513168 0.13101988592976138 0.09374226148112635 0.0789408517735801 0.14308029383961393
6.080501910173793 0.14417669455869142 0.12827888413206764 0.16281550678300893 0.16281550678300893
