0.0 0.0789408517735801 0.06413944206603382 0.06907324530188258 0.0888084582452776
0.2026833970057931 0.08551925608804509 0.06907324530188258 0.10360986795282387 0.11347747442452137
0.4053667940115862 0.0888084582452776 0.0888084582452776 0.0789408517735801 0.08387465500942885
0.6080501910173793 0.08935665860481636 0.0789408517735801 0.06907324530188258 0.11347747442452137
0.8107335880231724 0.10141706651466886 0.0789408517735801 0.08387465500942885 0.13814649060376516
1.0134169850289656 0.10854367118867261 0.10854367118867261 0.1233450808962189 0.15294790031131142
1.2161003820347587 0.14033929204192017 0.11347747442452137 0.16281550678300893 0.11347747442452137
1.4187837790405518 0.15020689851361768 0.1776169164905552 0.11841127766037014 0.19241832619810148
1.6214671760463448 0.16720110965931895 0.14308029383961393 0.11841127766037014 0.14801409707546268
1.824150573052138 0.16994211145701268 0.14308029383961393 0.14801409707546268 0.202285932669799
2.026833970057931 0.17158671253562893 0.15294790031131142 0.1578817035471602 0.21215353914149648
2.2295173670637243 0.18364712044548145 0.24175635855658903 0.14308029383961393 0.24175635855658903
2.4322007640695174 0.1874845229622527 0.19241832619810148 0.16281550678300893 0.1776169164905552
2.6348841610753104 0.20009313123164396 0.26149157149998403 0.17268311325470645 0.1677493100188577
2.8375675580811035 0.21270173950103527 0.2466901617924378 0.22695494884904274 0.12827888413206764
3.0402509550868966 0.23682255532074029 0.2762929812075303 0.202285932669799 0.14801409707546268
3.2429343520926897 0.213249939860574 0.28616058767922786 0.202285932669799 0.222021145613194
3.4456177490984827 0.2165391420178065 0.26149157149998403 0.22695494884904274 0.12827888413206764
3.648301146104276 0.232985152803969 0.1776169164905552 0.23188875208489151 0.22695494884904274
3.850984543110069 0.22366574669181027 0.202285932669799 0.29602819415092535 0.17268311325470645
4.053667940115862 0.228599549927659 0.202285932669799 0.2664253747358328 0.2466901617924378
4.2563513371216555 0.20064133159118272 0.1776169164905552 0.2466901617924378 0.1677493100188577
4.4590347341274486 0.20393053374841524 0.14801409707546268 0.202285932669799 0.1874845229622527
4.661718131133242 0.1830989200859427 0.1776169164905552 0.25162396502828654 0.16281550678300893
4.864401528139035 0.16500830822116394 0.1677493100188577 0.222021145613194 0.15294790031131142
5.067084925144828 0.16665290929978016 0.222021145613194 0.1677493100188577 0.1233450808962189
5.269768322150621 0.1299234852106839 0.09867606471697511 0.12827888413206764 0.13814649060376516
5.472451719156414 0.12224868017714138 0.14308029383961393 0.10360986795282387 0.14801409707546268
5.675135116162207 0.10141706651466886 0.0789408517735801 0.09867606471697511 0.1578817035471602
5.877818513168 0.0942904618406651 0.10854367118867261 0.07400704853773134 0.15294790031131142
6.080501910173793 0.0789408517735801 0.0444042291226388 0.07400704853773134 0.1233450808962189
