0.0 0.12937528485114516 0.09374226148112635 0.10360986795282387 0.11347747442452137
0.2026833970057931 0.15185149959223393 0.16281550678300893 0.15294790031131142 0.23188875208489151
0.4053667940115862 0.14965869815407892 0.11841127766037014 0.14801409707546268 0.15294790031131142
0.6080501910173793 0.15897810426623768 0.18255071972640394 0.17268311325470645 0.12827888413206764
0.8107335880231724 0.16720110965931895 0.16281550678300893 0.17268311325470645 0.202285932669799
1.0134169850289656 0.16007450498531517 0.14801409707546268 0.16281550678300893 0.1578817035471602
1.2161003820347587 0.18474352116455897 0.20721973590564774 0.19735212943395022 0.14308029383961393
1.4187837790405518 0.1968039290744115 0.23682255532074029 0.1332126873679164 0.1332126873679164
1.6214671760463448 0.1798097179287102 0.19241832619810148 0.25162396502828654 0.14801409707546268
1.824150573052138 0.18529172152409773 0.1776169164905552 0.17268311325470645 0.18255071972640394
2.026833970057931 0.1754241150524002 0.15294790031131142 0.23682255532074029 0.222021145613194
2.2295173670637243 0.1787133172096327 0.18255071972640394 0.202285932669799 0.14801409707546268
2.4322007640695174 0.1940629272767177 0.19241832619810148 0.22695494884904274 0.1776169164905552
2.6348841610753104 0.208864336984264 0.23682255532074029 0.202285932669799 0.1677493100188577
2.8375675580811035 0.19899673051256647 0.1776169164905552 0.1332126873679164 0.19735212943395022
3.0402509550868966 0.2011895319507215 0.19241832619810148 0.1578817035471602 0.19241832619810148
3.2429343520926897 0.20557513482703146 0.2664253747358328 0.17268311325470645 0.24175635855658903
3.4456177490984827 0.16994211145701268 0.1874845229622527 0.1578817035471602 0.18255071972640394
3.648301146104276 0.1732313136142452 0.14801409707546268 0.1874845229622527 0.14801409707546268
3.850984543110069 0.16665290929978016 0.15294790031131142 0.12827888413206764 0.1776169164905552
4.053667940115862 0.16665290929978016 0.14308029383961393 0.17268311325470645 0.18255071972640394
4.2563513371216555 0.15514070174946643 0.13814649060376516 0.19241832619810148 0.1578817035471602
4.4590347341274486 0.13595368916561015 0.1233450808962189 0.1677493100188577 0.14308029383961393
4.661718131133242 0.11621847622221514 0.11347747442452137 0.12827888413206764 0.1332126873679164
4.864401528139035 0.10580266939097886 0.07400704853773134 0.1233450808962189 0.14801409707546268
5.067084925144828 0.0910012596834326 0.049338032358487556 0.09374226148112635 0.11841127766037014
5.269768322150621 0.11567027586267638 0.15294790031131142 0.10360986795282387 0.11347747442452137
5.472451719156414 0.12773068377252889 0.17268311325470645 0.12827888413206764 0.1233450808962189
5.675135116162207 0.12170047981760264 0.09374226148112635 0.13814649060376516 0.10854367118867261
5.877818513168 0.1354054888060714 0.14801409707546268 0.10854367118867261 0.12827888413206764
6.080501910173793 0.12608608269391264 0.15294790031131142 0.10360986795282387 0.12827888413206764
