0.0 0.14143569276099766 0.14801409707546268 0.17268311325470645 0.10854367118867261
0.2026833970057931 0.14417669455869142 0.12827888413206764 0.16281550678300893 0.17268311325470645
0.4053667940115862 0.14033929204192017 0.10360986795282387 0.1874845229622527 0.11841127766037014
0.6080501910173793 0.15733350318762143 0.12827888413206764 0.16281550678300893 0.20721973590564774
0.8107335880231724 0.18035791828824896 0.1874845229622527 0.16281550678300893 0.1874845229622527
1.0134169850289656 0.213249939860574 0.17268311325470645 0.2565577682641353 0.21215353914149648
1.2161003820347587 0.21599094165826774 0.23682255532074029 0.13814649060376516 0.18255071972640394
1.4187837790405518 0.24559376107336026 0.3453662265094129 0.1874845229622527 0.28122678444337906
1.6214671760463448 0.24723836215197653 0.3453662265094129 0.18255071972640394 0.17268311325470645
1.824150573052138 0.2850641869601503 0.25162396502828654 0.29602819415092535 0.2466901617924378
2.026833970057931 0.23572615460166277 0.1874845229622527 0.22695494884904274 0.2466901617924378
2.2295173670637243 0.202285932669799 0.1874845229622527 0.16281550678300893 0.21708734237734523
2.4322007640695174 0.208864336984264 0.21215353914149648 0.202285932669799 0.24175635855658903
2.6348841610753104 0.1721349128951677 0.17268311325470645 0.1776169164905552 0.13814649060376516
2.8375675580811035 0.17816511685009392 0.1578817035471602 0.1776169164905552 0.20721973590564774
3.0402509550868966 0.13869469096330392 0.09867606471697511 0.12827888413206764 0.202285932669799
3.2429343520926897 0.13595368916561015 0.13814649060376516 0.12827888413206764 0.13814649060376516
3.4456177490984827 0.12553788233437388 0.11841127766037014 0.10854367118867261 0.14801409707546268
3.648301146104276 0.12005587873898638 0.1578817035471602 0.12827888413206764 0.0888084582452776
3.850984543110069 0.12498968197483513 0.0888084582452776 0.15294790031131142 0.13814649060376516
4.053667940115862 0.11238107370544388 0.10854367118867261 0.12827888413206764 0.1332126873679164
4.2563513371216555 0.11238107370544388 0.13814649060376516 0.1233450808962189 0.11841127766037014
4.4590347341274486 0.10635086975051763 0.09867606471697511 0.11347747442452137 0.11841127766037014
4.661718131133242 0.10196526687420762 0.10360986795282387 0.15294790031131142 0.0789408517735801
4.864401528139035 0.11621847622221514 0.11347747442452137 0.17268311325470645 0.06413944206603382
5.067084925144828 0.11073647262682762 0.09374226148112635 0.13814649060376516 0.09374226148112635
5.269768322150621 0.11731487694129263 0.11841127766037014 0.14308029383961393 0.11841127766037014
5.472451719156414 0.12718248341299015 0.1233450808962189 0.10360986795282387 0.09374226148112635
5.675135116162207 0.13156808628930017 0.14801409707546268 0.11841127766037014 0.17268311325470645
5.877818513168 0.14143569276099766 0.16281550678300893 0.1233450808962189 0.11841127766037014
6.080501910173793 0.14308029383961393 0.1578817035471602 0.11347747442452137 0.1677493100188577
