0.0 0.14746589671592392 0.1332126873679164 0.13814649060376516 0.15294790031131142
0.2026833970057931 0.13705008988468764 0.10854367118867261 0.16281550678300893 0.1578817035471602
0.4053667940115862 0.13047168557022265 0.11841127766037014 0.19735212943395022 0.13814649060376516
0.6080501910173793 0.14472489491823015 0.10360986795282387 0.12827888413206764 0.13814649060376516
0.8107335880231724 0.13156808628930017 0.13814649060376516 0.16281550678300893 0.11347747442452137
1.0134169850289656 0.14746589671592392 0.14801409707546268 0.1578817035471602 0.15294790031131142
1.2161003820347587 0.14088749240145892 0.15294790031131142 0.11347747442452137 0.1776169164905552
1.4187837790405518 0.1523996999517727 0.14801409707546268 0.14308029383961393 0.11347747442452137
1.6214671760463448 0.14253209348007514 0.11347747442452137 0.13814649060376516 0.13814649060376516
1.824150573052138 0.1633637071425477 0.1677493100188577 0.1578817035471602 0.1677493100188577
2.026833970057931 0.17377951397378397 0.19735212943395022 0.21708734237734523 0.1332126873679164
2.2295173670637243 0.17816511685009392 0.17268311325470645 0.2466901617924378 0.1677493100188577
2.4322007640695174 0.1820025193668652 0.20721973590564774 0.2713591779716816 0.09867606471697511
2.6348841610753104 0.17816511685009392 0.14801409707546268 0.202285932669799 0.11841127766037014
2.8375675580811035 0.18967732440040774 0.202285932669799 0.23188875208489151 0.1874845229622527
3.0402509550868966 0.1940629272767177 0.19241832619810148 0.1776169164905552 0.17268311325470645
3.2429343520926897 0.18529172152409773 0.19735212943395022 0.16281550678300893 0.12827888413206764
3.4456177490984827 0.17049031181655144 0.17268311325470645 0.1332126873679164 0.1578817035471602
3.648301146104276 0.18090611864778772 0.18255071972640394 0.14308029383961393 0.21215353914149648
3.850984543110069 0.1765205157714777 0.21215353914149648 0.15294790031131142 0.202285932669799
4.053667940115862 0.19570752835533398 0.20721973590564774 0.17268311325470645 0.2762929812075303
4.2563513371216555 0.17103851217609017 0.13814649060376516 0.11347747442452137 0.17268311325470645
4.4590347341274486 0.16610470894024143 0.13814649060376516 0.16281550678300893 0.222021145613194
4.661718131133242 0.18255071972640394 0.1776169164905552 0.1332126873679164 0.19735212943395022
4.864401528139035 0.15842990390669892 0.12827888413206764 0.15294790031131142 0.23188875208489151
5.067084925144828 0.15349610067085018 0.20721973590564774 0.10854367118867261 0.1776169164905552
5.269768322150621 0.13156808628930017 0.13814649060376516 0.11347747442452137 0.12827888413206764
5.472451719156414 0.12718248341299015 0.18255071972640394 0.1233450808962189 0.10854367118867261
5.675135116162207 0.13376088772745515 0.14308029383961393 0.1233450808962189 0.1332126873679164
5.877818513168 0.1365018895251489 0.12827888413206764 0.16281550678300893 0.09867606471697511
6.080501910173793 0.13047168557022265 0.12827888413206764 0.12827888413206764 0.1578817035471602
