0.0 0.10415806831236263 0.0789408517735801 0.1233450808962189 0.05920563883018507
0.2026833970057931 0.11621847622221514 0.12827888413206764 0.12827888413206764 0.10360986795282387
0.4053667940115862 0.13266448700837766 0.11841127766037014 0.14801409707546268 0.10854367118867261
0.6080501910173793 0.12773068377252889 0.1578817035471602 0.14308029383961393 0.09867606471697511
0.8107335880231724 0.15130329923269517 0.17268311325470645 0.13814649060376516 0.14308029383961393
1.0134169850289656 0.14362849419915266 0.14308029383961393 0.14308029383961393 0.14308029383961393
1.2161003820347587 0.15185149959223393 0.14801409707546268 0.1776169164905552 0.17268311325470645
1.4187837790405518 0.15514070174946643 0.14801409707546268 0.12827888413206764 0.14801409707546268
1.6214671760463448 0.17268311325470645 0.19241832619810148 0.14801409707546268 0.1776169164905552
1.824150573052138 0.20557513482703146 0.1677493100188577 0.202285932669799 0.25162396502828654
2.026833970057931 0.22969595064673654 0.21708734237734523 0.20721973590564774 0.2466901617924378
2.2295173670637243 0.23353335316350776 0.2664253747358328 0.16281550678300893 0.28616058767922786
2.4322007640695174 0.2609433711404453 0.222021145613194 0.2565577682641353 0.28122678444337906
2.6348841610753104 0.24449736035428277 0.26149157149998403 0.22695494884904274 0.21215353914149648
2.8375675580811035 0.22695494884904274 0.21215353914149648 0.25162396502828654 0.20721973590564774
3.0402509550868966 0.2165391420178065 0.21708734237734523 0.21215353914149648 0.21708734237734523
3.2429343520926897 0.2011895319507215 0.2466901617924378 0.21215353914149648 0.1677493100188577
3.4456177490984827 0.21599094165826774 0.19241832619810148 0.28122678444337906 0.1776169164905552
3.648301146104276 0.19187012583856272 0.21215353914149648 0.21215353914149648 0.12827888413206764
3.850984543110069 0.1776169164905552 0.20721973590564774 0.18255071972640394 0.13814649060376516
4.053667940115862 0.17377951397378397 0.222021145613194 0.1332126873679164 0.13814649060376516
4.2563513371216555 0.16555650858070267 0.17268311325470645 0.16281550678300893 0.12827888413206764
4.4590347341274486 0.16062270534485393 0.1332126873679164 0.15294790031131142 0.16281550678300893
4.661718131133242 0.14417669455869142 0.1233450808962189 0.16281550678300893 0.19735212943395022
4.864401528139035 0.12827888413206764 0.10360986795282387 0.13814649060376516 0.18255071972640394
5.067084925144828 0.10360986795282387 0.049338032358487556 0.1332126873679164 0.1776169164905552
5.269768322150621 0.08223005393081259 0.08387465500942885 0.049338032358487556 0.10360986795282387
5.472451719156414 0.07510344925680884 0.0444042291226388 0.09374226148112635 0.09374226148112635
5.675135116162207 0.07181424709957633 0.0888084582452776 0.05427183559433631 0.08387465500942885
5.877818513168 0.08223005393081259 0.0888084582452776 0.09374226148112635 0.10360986795282387
6.080501910173793 0.0866156568071226 0.11347747442452137 0.07400704853773134 0.09374226148112635
