0.0 0.19570752835533398 0.222021145613194 0.1776169164905552 0.21215353914149648
0.2026833970057931 0.17597231541193895 0.19735212943395022 0.1677493100188577 0.202285932669799
0.4053667940115862 0.16720110965931895 0.14801409707546268 0.1677493100188577 0.1874845229622527
0.6080501910173793 0.15294790031131142 0.12827888413206764 0.14801409707546268 0.13814649060376516
0.8107335880231724 0.14472489491823015 0.18255071972640394 0.1677493100188577 0.12827888413206764
1.0134169850289656 0.12389328125575765 0.10854367118867261 0.1578817035471602 0.0888084582452776
1.2161003820347587 0.12827888413206764 0.14801409707546268 0.1578817035471602 0.06413944206603382
1.4187837790405518 0.13869469096330392 0.11347747442452137 0.24175635855658903 0.10854367118867261
1.6214671760463448 0.11567027586267638 0.13814649060376516 0.10360986795282387 0.09867606471697511
1.824150573052138 0.12718248341299015 0.1677493100188577 0.14801409707546268 0.0888084582452776
2.026833970057931 0.14088749240145892 0.0888084582452776 0.1578817035471602 0.09374226148112635
2.2295173670637243 0.14911049779454016 0.11841127766037014 0.19735212943395022 0.1578817035471602
2.4322007640695174 0.13047168557022265 0.14308029383961393 0.18255071972640394 0.09867606471697511
2.6348841610753104 0.16391190750208645 0.1677493100188577 0.23188875208489151 0.1332126873679164
2.8375675580811035 0.1688457107379352 0.19241832619810148 0.13814649060376516 0.1874845229622527
3.0402509550868966 0.18638812224317522 0.19735212943395022 0.1677493100188577 0.14801409707546268
3.2429343520926897 0.16446010786162518 0.13814649060376516 0.19241832619810148 0.1233450808962189
3.4456177490984827 0.15733350318762143 0.15294790031131142 0.1332126873679164 0.1677493100188577
3.648301146104276 0.15514070174946643 0.14801409707546268 0.13814649060376516 0.18255071972640394
3.850984543110069 0.15349610067085018 0.14801409707546268 0.17268311325470645 0.16281550678300893
4.053667940115862 0.14198389312053641 0.12827888413206764 0.09374226148112635 0.1776169164905552
4.2563513371216555 0.1365018895251489 0.1332126873679164 0.1332126873679164 0.1874845229622527
4.4590347341274486 0.1397910916823814 0.10854367118867261 0.10854367118867261 0.23188875208489151
4.661718131133242 0.13595368916561015 0.14308029383961393 0.11841127766037014 0.1332126873679164
4.864401528139035 0.14308029383961393 0.13814649060376516 0.14801409707546268 0.21215353914149648
5.067084925144828 0.16665290929978016 0.1776169164905552 0.10854367118867261 0.21215353914149648
5.269768322150621 0.19077372511948523 0.19241832619810148 0.13814649060376516 0.202285932669799
5.472451719156414 0.17816511685009392 0.23682255532074029 0.12827888413206764 0.13814649060376516
5.675135116162207 0.2231175463322715 0.21708734237734523 0.21215353914149648 0.25162396502828654
5.877818513168 0.22256934597273273 0.20721973590564774 0.20721973590564774 0.24175635855658903
6.080501910173793 0.21489454093919025 0.202285932669799 0.1874845229622527 0.17268311325470645
