0.0 0.18583992188363646 0.21708734237734523 0.14308029383961393 0.1776169164905552
0.2026833970057931 0.18090611864778772 0.22695494884904274 0.13814649060376516 0.1776169164905552
0.4053667940115862 0.19954493087210523 0.202285932669799 0.15294790031131142 0.21708734237734523
0.6080501910173793 0.19187012583856272 0.18255071972640394 0.222021145613194 0.19735212943395022
0.8107335880231724 0.17487591469286146 0.19241832619810148 0.1874845229622527 0.13814649060376516
1.0134169850289656 0.1578817035471602 0.12827888413206764 0.13814649060376516 0.1677493100188577
1.2161003820347587 0.12279688053668013 0.1578817035471602 0.11347747442452137 0.1233450808962189
1.4187837790405518 0.11183287334590514 0.05920563883018507 0.14801409707546268 0.13814649060376516
1.6214671760463448 0.11841127766037014 0.10854367118867261 0.11841127766037014 0.13814649060376516
1.824150573052138 0.0964832632788201 0.0888084582452776 0.09374226148112635 0.09374226148112635
2.026833970057931 0.11457387514359887 0.1233450808962189 0.10854367118867261 0.10854367118867261
2.2295173670637243 0.12170047981760264 0.13814649060376516 0.14801409707546268 0.14308029383961393
2.4322007640695174 0.1332126873679164 0.1332126873679164 0.18255071972640394 0.1332126873679164
2.6348841610753104 0.13266448700837766 0.14801409707546268 0.09867606471697511 0.11347747442452137
2.8375675580811035 0.1523996999517727 0.17268311325470645 0.19735212943395022 0.14801409707546268
3.0402509550868966 0.14965869815407892 0.14801409707546268 0.09374226148112635 0.14308029383961393
3.2429343520926897 0.16391190750208645 0.16281550678300893 0.1874845229622527 0.1677493100188577
3.4456177490984827 0.15568890210900518 0.14308029383961393 0.12827888413206764 0.1578817035471602
3.648301146104276 0.16062270534485393 0.1578817035471602 0.1578817035471602 0.19735212943395022
3.850984543110069 0.17487591469286146 0.1677493100188577 0.202285932669799 0.17268311325470645
4.053667940115862 0.18967732440040774 0.16281550678300893 0.202285932669799 0.17268311325470645
4.2563513371216555 0.1721349128951677 0.1776169164905552 0.15294790031131142 0.1874845229622527
4.4590347341274486 0.1820025193668652 0.2466901617924378 0.1677493100188577 0.1332126873679164
4.661718131133242 0.18090611864778772 0.15294790031131142 0.1677493100188577 0.19735212943395022
4.864401528139035 0.15568890210900518 0.17268311325470645 0.14801409707546268 0.19735212943395022
5.067084925144828 0.16117090570439266 0.16281550678300893 0.16281550678300893 0.21215353914149648
5.269768322150621 0.16610470894024143 0.14308029383961393 0.1874845229622527 0.13814649060376516
5.472451719156414 0.16665290929978016 0.15294790031131142 0.14801409707546268 0.12827888413206764
5.675135116162207 0.1776169164905552 0.19241832619810148 0.18255071972640394 0.14308029383961393
5.877818513168 0.18145431900732645 0.11841127766037014 0.1874845229622527 0.17268311325470645
6.080501910173793 0.20064133159118272 0.19241832619810148 0.2664253747358328 0.19735212943395022
