0.0 0.13869469096330392 0.1233450808962189 0.14801409707546268 0.19241832619810148
0.2026833970057931 0.16939391109747395 0.17268311325470645 0.14801409707546268 0.1332126873679164
0.4053667940115862 0.17816511685009392 0.17268311325470645 0.18255071972640394 0.1874845229622527
0.6080501910173793 0.202285932669799 0.17268311325470645 0.2466901617924378 0.1578817035471602
0.8107335880231724 0.24175635855658903 0.29109439091507655 0.23188875208489151 0.21708734237734523
1.0134169850289656 0.24394915999474404 0.2664253747358328 0.21215353914149648 0.26149157149998403
1.2161003820347587 0.3047993999035454 0.4193732750471443 0.28616058767922786 0.202285932669799
1.4187837790405518 0.2719073783312203 0.24175635855658903 0.2762929812075303 0.222021145613194
1.6214671760463448 0.23572615460166277 0.2466901617924378 0.19735212943395022 0.2762929812075303
1.824150573052138 0.23517795424212404 0.2664253747358328 0.1874845229622527 0.21708734237734523
2.026833970057931 0.22147294525365524 0.23682255532074029 0.19735212943395022 0.21215353914149648
2.2295173670637243 0.21708734237734523 0.202285932669799 0.14801409707546268 0.2762929812075303
2.4322007640695174 0.1688457107379352 0.14308029383961393 0.1776169164905552 0.17268311325470645
2.6348841610753104 0.15623710246854394 0.10854367118867261 0.1578817035471602 0.22695494884904274
2.8375675580811035 0.12279688053668013 0.1332126873679164 0.202285932669799 0.11841127766037014
3.0402509550868966 0.10306166759328511 0.10360986795282387 0.0888084582452776 0.13814649060376516
3.2429343520926897 0.10141706651466886 0.09374226148112635 0.10854367118867261 0.12827888413206764
3.4456177490984827 0.10196526687420762 0.06413944206603382 0.15294790031131142 0.10854367118867261
3.648301146104276 0.09977246543605262 0.07400704853773134 0.12827888413206764 0.11841127766037014
3.850984543110069 0.11238107370544388 0.0789408517735801 0.16281550678300893 0.06413944206603382
4.053667940115862 0.11347747442452137 0.1332126873679164 0.12827888413206764 0.1233450808962189
4.2563513371216555 0.09922426507651386 0.12827888413206764 0.08387465500942885 0.09374226148112635
4.4590347341274486 0.11347747442452137 0.10360986795282387 0.12827888413206764 0.10360986795282387
4.661718131133242 0.09977246543605262 0.0789408517735801 0.10854367118867261 0.09374226148112635
4.864401528139035 0.11567027586267638 0.10360986795282387 0.1233450808962189 0.14801409707546268
5.067084925144828 0.13101988592976138 0.12827888413206764 0.10854367118867261 0.12827888413206764
5.269768322150621 0.12827888413206764 0.12827888413206764 0.10360986795282387 0.11841127766037014
5.472451719156414 0.12718248341299015 0.1332126873679164 0.11841127766037014 0.12827888413206764
5.675135116162207 0.1321162866488389 0.1578817035471602 0.11347747442452137 0.08387465500942885
5.877818513168 0.11786307730083138 0.11347747442452137 0.1233450808962189 0.09867606471697511
6.080501910173793 0.1288270844916064 0.11347747442452137 0.15294790031131142 0.18255071972640394
