0.0 0.13156808628930017 0.1332126873679164 0.14308029383961393 0.13814649060376516
0.2026833970057931 0.14417669455869142 0.13814649060376516 0.13814649060376516 0.16281550678300893
0.4053667940115862 0.17597231541193895 0.17268311325470645 0.16281550678300893 0.16281550678300893
0.6080501910173793 0.20393053374841524 0.17268311325470645 0.222021145613194 0.21708734237734523
0.8107335880231724 0.23791895603981777 0.2664253747358328 0.23682255532074029 0.22695494884904274
1.0134169850289656 0.219828344175039 0.24175635855658903 0.1874845229622527 0.23682255532074029
1.2161003820347587 0.23353335316350776 0.2565577682641353 0.1776169164905552 0.24175635855658903
1.4187837790405518 0.24614196143289904 0.21708734237734523 0.3108296038584716 0.222021145613194
1.6214671760463448 0.22476214741088776 0.21708734237734523 0.17268311325470645 0.22695494884904274
1.824150573052138 0.2587505697022903 0.2466901617924378 0.29109439091507655 0.222021145613194
2.026833970057931 0.23737075568027902 0.18255071972640394 0.25162396502828654 0.21708734237734523
2.2295173670637243 0.23791895603981777 0.32563101356601787 0.202285932669799 0.23188875208489151
2.4322007640695174 0.23737075568027902 0.22695494884904274 0.2762929812075303 0.18255071972640394
2.6348841610753104 0.23353335316350776 0.28616058767922786 0.2466901617924378 0.21708734237734523
2.8375675580811035 0.211057138422419 0.202285932669799 0.19735212943395022 0.1677493100188577
3.0402509550868966 0.18474352116455897 0.2664253747358328 0.1874845229622527 0.14801409707546268
3.2429343520926897 0.17158671253562893 0.1677493100188577 0.15294790031131142 0.14801409707546268
3.4456177490984827 0.14856229743500143 0.09374226148112635 0.1677493100188577 0.18255071972640394
3.648301146104276 0.13924289132284265 0.10360986795282387 0.1332126873679164 0.14801409707546268
3.850984543110069 0.09977246543605262 0.09374226148112635 0.10854367118867261 0.12827888413206764
4.053667940115862 0.08223005393081259 0.0888084582452776 0.09867606471697511 0.09867606471697511
4.2563513371216555 0.08058545285219633 0.049338032358487556 0.09374226148112635 0.09374226148112635
4.4590347341274486 0.07291064781865383 0.06413944206603382 0.08387465500942885 0.10854367118867261
4.661718131133242 0.06633224350418883 0.07400704853773134 0.06907324530188258 0.06413944206603382
4.864401528139035 0.06907324530188258 0.06413944206603382 0.07400704853773134 0.1233450808962189
5.067084925144828 0.09703146363835885 0.08387465500942885 0.07400704853773134 0.1233450808962189
5.269768322150621 0.08277825429035134 0.09867606471697511 0.0789408517735801 0.07400704853773134
5.472451719156414 0.10141706651466886 0.11347747442452137 0.0888084582452776 0.11347747442452137
5.675135116162207 0.09319406112158761 0.10854367118867261 0.05427183559433631 0.09867606471697511
5.877818513168 0.09319406112158761 0.09374226148112635 0.11347747442452137 0.0789408517735801
6.080501910173793 0.11731487694129263 0.08387465500942885 0.13814649060376516 0.12827888413206764
