0.0 0.23517795424212404 0.28616058767922786 0.21215353914149648 0.1677493100188577
0.2026833970057931 0.2647807736572166 0.26149157149998403 0.24175635855658903 0.222021145613194
0.4053667940115862 0.23791895603981777 0.26149157149998403 0.1233450808962189 0.222021145613194
0.6080501910173793 0.24888296323059278 0.3009619973867741 0.2664253747358328 0.1874845229622527
0.8107335880231724 0.202285932669799 0.1874845229622527 0.17268311325470645 0.24175635855658903
1.0134169850289656 0.18638812224317522 0.23188875208489151 0.16281550678300893 0.19241832619810148
1.2161003820347587 0.15623710246854394 0.14801409707546268 0.1233450808962189 0.19241832619810148
1.4187837790405518 0.13869469096330392 0.1578817035471602 0.1874845229622527 0.13814649060376516
1.6214671760463448 0.1299234852106839 0.06907324530188258 0.1776169164905552 0.14308029383961393
1.824150573052138 0.11457387514359887 0.09867606471697511 0.11841127766037014 0.11841127766037014
2.026833970057931 0.09867606471697511 0.09867606471697511 0.10854367118867261 0.0888084582452776
2.2295173670637243 0.10360986795282387 0.10854367118867261 0.09867606471697511 0.0789408517735801
2.4322007640695174 0.09045305932389386 0.0789408517735801 0.1332126873679164 0.09374226148112635
2.6348841610753104 0.09922426507651386 0.0888084582452776 0.09374226148112635 0.13814649060376516
2.8375675580811035 0.11895947801990889 0.14801409707546268 0.14308029383961393 0.10360986795282387
3.0402509550868966 0.10032066579559136 0.12827888413206764 0.10360986795282387 0.11841127766037014
3.2429343520926897 0.11731487694129263 0.08387465500942885 0.14308029383961393 0.16281550678300893
3.4456177490984827 0.12827888413206764 0.11347747442452137 0.10854367118867261 0.14308029383961393
3.648301146104276 0.13924289132284265 0.13814649060376516 0.0888084582452776 0.14801409707546268
3.850984543110069 0.14143569276099766 0.14801409707546268 0.10854367118867261 0.13814649060376516
4.053667940115862 0.18090611864778772 0.14308029383961393 0.1233450808962189 0.1874845229622527
4.2563513371216555 0.16171910606393144 0.1677493100188577 0.11347747442452137 0.19735212943395022
4.4590347341274486 0.15130329923269517 0.20721973590564774 0.14308029383961393 0.18255071972640394
4.661718131133242 0.14308029383961393 0.11347747442452137 0.14801409707546268 0.13814649060376516
4.864401528139035 0.13705008988468764 0.1677493100188577 0.18255071972640394 0.09867606471697511
5.067084925144828 0.13376088772745515 0.10854367118867261 0.21708734237734523 0.15294790031131142
5.269768322150621 0.15623710246854394 0.12827888413206764 0.21215353914149648 0.16281550678300893
5.472451719156414 0.17706871613101643 0.14801409707546268 0.222021145613194 0.17268311325470645
5.675135116162207 0.20721973590564774 0.20721973590564774 0.202285932669799 0.19241832619810148
5.877818513168 0.20831613662472526 0.1578817035471602 0.23682255532074029 0.21708734237734523
6.080501910173793 0.22476214741088776 0.2466901617924378 0.21708734237734523 0.19241832619810148
