0.0 0.2143463405796515 0.222021145613194 0.21215353914149648 0.14308029383961393
0.2026833970057931 0.20557513482703146 0.21708734237734523 0.23682255532074029 0.1776169164905552
0.4053667940115862 0.18145431900732645 0.23188875208489151 0.1677493100188577 0.18255071972640394
0.6080501910173793 0.19351472691717897 0.1677493100188577 0.19241832619810148 0.1776169164905552
0.8107335880231724 0.18638812224317522 0.15294790031131142 0.23188875208489151 0.19241832619810148
1.0134169850289656 0.1743277143333227 0.21215353914149648 0.17268311325470645 0.14308029383961393
1.2161003820347587 0.17816511685009392 0.18255071972640394 0.25162396502828654 0.16281550678300893
1.4187837790405518 0.18638812224317522 0.1233450808962189 0.202285932669799 0.21215353914149648
1.6214671760463448 0.13814649060376516 0.13814649060376516 0.1776169164905552 0.08387465500942885
1.824150573052138 0.14088749240145892 0.1578817035471602 0.11347747442452137 0.13814649060376516
2.026833970057931 0.1452730952777689 0.15294790031131142 0.15294790031131142 0.14308029383961393
2.2295173670637243 0.12005587873898638 0.15294790031131142 0.10854367118867261 0.08387465500942885
2.4322007640695174 0.11621847622221514 0.1332126873679164 0.08387465500942885 0.10854367118867261
2.6348841610753104 0.09374226148112635 0.09374226148112635 0.08387465500942885 0.09867606471697511
2.8375675580811035 0.0811336532117351 0.05920563883018507 0.0888084582452776 0.11347747442452137
3.0402509550868966 0.07291064781865383 0.09374226148112635 0.05920563883018507 0.10854367118867261
3.2429343520926897 0.08551925608804509 0.0888084582452776 0.0888084582452776 0.10360986795282387
3.4456177490984827 0.0789408517735801 0.03453662265094129 0.0888084582452776 0.14308029383961393
3.648301146104276 0.09319406112158761 0.0888084582452776 0.0888084582452776 0.10360986795282387
3.850984543110069 0.09319406112158761 0.06907324530188258 0.10854367118867261 0.10360986795282387
4.053667940115862 0.11621847622221514 0.06907324530188258 0.14308029383961393 0.1578817035471602
4.2563513371216555 0.14362849419915266 0.1578817035471602 0.1332126873679164 0.1233450808962189
4.4590347341274486 0.1754241150524002 0.21708734237734523 0.1332126873679164 0.16281550678300893
4.661718131133242 0.20173773231026024 0.19241832619810148 0.222021145613194 0.2466901617924378
4.864401528139035 0.20721973590564774 0.20721973590564774 0.16281550678300893 0.25162396502828654
5.067084925144828 0.20447873410795397 0.16281550678300893 0.11841127766037014 0.222021145613194
5.269768322150621 0.2209247448941165 0.2664253747358328 0.222021145613194 0.19241832619810148
5.472451719156414 0.21818374309642277 0.23682255532074029 0.20721973590564774 0.21215353914149648
5.675135116162207 0.22969595064673654 0.2762929812075303 0.17268311325470645 0.1677493100188577
5.877818513168 0.22147294525365524 0.1776169164905552 0.25162396502828654 0.2762929812075303
6.080501910173793 0.21544274129872898 0.19735212943395022 0.2565577682641353 0.19735212943395022
