0.0 0.11292927406498263 0.10360986795282387 0.11347747442452137 0.14308029383961393
0.2026833970057931 0.14198389312053641 0.14308029383961393 0.11347747442452137 0.16281550678300893
0.4053667940115862 0.13156808628930017 0.10854367118867261 0.1332126873679164 0.10360986795282387
0.6080501910173793 0.13705008988468764 0.12827888413206764 0.1776169164905552 0.10854367118867261
0.8107335880231724 0.14965869815407892 0.12827888413206764 0.12827888413206764 0.18255071972640394
1.0134169850289656 0.14582129563730767 0.14308029383961393 0.14801409707546268 0.1874845229622527
1.2161003820347587 0.14143569276099766 0.14801409707546268 0.0888084582452776 0.1332126873679164
1.4187837790405518 0.13047168557022265 0.1578817035471602 0.09867606471697511 0.15294790031131142
1.6214671760463448 0.1211522794580639 0.11347747442452137 0.11347747442452137 0.1332126873679164
1.824150573052138 0.1233450808962189 0.11347747442452137 0.0789408517735801 0.12827888413206764
2.026833970057931 0.12718248341299015 0.14801409707546268 0.11347747442452137 0.1332126873679164
2.2295173670637243 0.13485728844653266 0.13814649060376516 0.11347747442452137 0.19735212943395022
2.4322007640695174 0.11402567478406013 0.14308029383961393 0.12827888413206764 0.1776169164905552
2.6348841610753104 0.12498968197483513 0.1233450808962189 0.1677493100188577 0.11841127766037014
2.8375675580811035 0.14746589671592392 0.1332126873679164 0.1578817035471602 0.15294790031131142
3.0402509550868966 0.1688457107379352 0.14308029383961393 0.1776169164905552 0.16281550678300893
3.2429343520926897 0.15952630462577644 0.11347747442452137 0.1677493100188577 0.1233450808962189
3.4456177490984827 0.2011895319507215 0.1874845229622527 0.3009619973867741 0.19735212943395022
3.648301146104276 0.22914775028719775 0.23682255532074029 0.24175635855658903 0.222021145613194
3.850984543110069 0.24449736035428277 0.2466901617924378 0.2762929812075303 0.18255071972640394
4.053667940115862 0.2521721653878253 0.2762929812075303 0.23188875208489151 0.202285932669799
4.2563513371216555 0.25272036574736406 0.2664253747358328 0.22695494884904274 0.202285932669799
4.4590347341274486 0.24011175747797275 0.23682255532074029 0.23188875208489151 0.18255071972640394
4.661718131133242 0.20393053374841524 0.202285932669799 0.17268311325470645 0.22695494884904274
4.864401528139035 0.19570752835533398 0.202285932669799 0.202285932669799 0.19241832619810148
5.067084925144828 0.17049031181655144 0.20721973590564774 0.17268311325470645 0.1332126873679164
5.269768322150621 0.14856229743500143 0.1578817035471602 0.15294790031131142 0.16281550678300893
5.472451719156414 0.13869469096330392 0.202285932669799 0.14308029383961393 0.1233450808962189
5.675135116162207 0.11895947801990889 0.0789408517735801 0.11841127766037014 0.16281550678300893
5.877818513168 0.10689907011005638 0.10854367118867261 0.09867606471697511 0.10854367118867261
6.080501910173793 0.11841127766037014 0.09374226148112635 0.14308029383961393 0.1332126873679164
