0.0 0.22585854812996525 0.25162396502828654 0.19241832619810148 0.202285932669799
0.2026833970057931 0.20173773231026024 0.19241832619810148 0.1578817035471602 0.202285932669799
0.4053667940115862 0.1874845229622527 0.17268311325470645 0.1776169164905552 0.19241832619810148
0.6080501910173793 0.16281550678300893 0.1776169164905552 0.14801409707546268 0.18255071972640394
0.8107335880231724 0.14472489491823015 0.17268311325470645 0.12827888413206764 0.13814649060376516
1.0134169850289656 0.12718248341299015 0.14801409707546268 0.1233450808962189 0.15294790031131142
1.2161003820347587 0.10635086975051763 0.09374226148112635 0.10854367118867261 0.15294790031131142
1.4187837790405518 0.09757966399789761 0.11841127766037014 0.06907324530188258 0.06907324530188258
1.6214671760463448 0.08223005393081259 0.049338032358487556 0.0888084582452776 0.15294790031131142
1.824150573052138 0.09703146363835885 0.0888084582452776 0.0789408517735801 0.11841127766037014
2.026833970057931 0.0942904618406651 0.0888084582452776 0.10360986795282387 0.0888084582452776
2.2295173670637243 0.09483866220020387 0.06413944206603382 0.11347747442452137 0.10360986795282387
2.4322007640695174 0.0942904618406651 0.09374226148112635 0.11841127766037014 0.0888084582452776
2.6348841610753104 0.09374226148112635 0.07400704853773134 0.10854367118867261 0.10854367118867261
2.8375675580811035 0.11347747442452137 0.10854367118867261 0.14801409707546268 0.09867606471697511
3.0402509550868966 0.12718248341299015 0.10854367118867261 0.1776169164905552 0.0789408517735801
3.2429343520926897 0.13595368916561015 0.15294790031131142 0.14801409707546268 0.14308029383961393
3.4456177490984827 0.14691769635638516 0.12827888413206764 0.13814649060376516 0.17268311325470645
3.648301146104276 0.12937528485114516 0.16281550678300893 0.0789408517735801 0.10854367118867261
3.850984543110069 0.15623710246854394 0.19735212943395022 0.15294790031131142 0.16281550678300893
4.053667940115862 0.1523996999517727 0.1677493100188577 0.1776169164905552 0.1332126873679164
4.2563513371216555 0.17597231541193895 0.14801409707546268 0.1578817035471602 0.17268311325470645
4.4590347341274486 0.1776169164905552 0.20721973590564774 0.20721973590564774 0.202285932669799
4.661718131133242 0.20338233338887649 0.19241832619810148 0.19241832619810148 0.22695494884904274
4.864401528139035 0.19570752835533398 0.1874845229622527 0.1776169164905552 0.1776169164905552
5.067084925144828 0.20502693446749273 0.1677493100188577 0.25162396502828654 0.1874845229622527
5.269768322150621 0.22476214741088776 0.21708734237734523 0.21708734237734523 0.1874845229622527
5.472451719156414 0.23956355711843402 0.18255071972640394 0.26149157149998403 0.3009619973867741
5.675135116162207 0.23956355711843402 0.20721973590564774 0.24175635855658903 0.1677493100188577
5.877818513168 0.26203977185952276 0.34043242327356416 0.26149157149998403 0.222021145613194
6.080501910173793 0.2384671563993565 0.2713591779716816 0.22695494884904274 0.23682255532074029
