0.0 0.13156808628930017 0.14801409707546268 0.10360986795282387 0.1578817035471602
0.2026833970057931 0.14417669455869142 0.1677493100188577 0.14308029383961393 0.18255071972640394
0.4053667940115862 0.1754241150524002 0.20721973590564774 0.1776169164905552 0.20721973590564774
0.6080501910173793 0.20173773231026024 0.18255071972640394 0.1874845229622527 0.1776169164905552
0.8107335880231724 0.1776169164905552 0.15294790031131142 0.1776169164905552 0.14801409707546268
1.0134169850289656 0.1968039290744115 0.19735212943395022 0.21215353914149648 0.202285932669799
1.2161003820347587 0.22147294525365524 0.23682255532074029 0.23682255532074029 0.202285932669799
1.4187837790405518 0.20941253734380275 0.2565577682641353 0.21708734237734523 0.16281550678300893
1.6214671760463448 0.21270173950103527 0.1677493100188577 0.222021145613194 0.18255071972640394
1.824150573052138 0.20064133159118272 0.23682255532074029 0.21215353914149648 0.21215353914149648
2.026833970057931 0.20009313123164396 0.1874845229622527 0.19241832619810148 0.20721973590564774
2.2295173670637243 0.18912912404086896 0.16281550678300893 0.23188875208489151 0.19735212943395022
2.4322007640695174 0.1820025193668652 0.1578817035471602 0.202285932669799 0.19241832619810148
2.6348841610753104 0.19515932799579522 0.21708734237734523 0.1776169164905552 0.1776169164905552
2.8375675580811035 0.17816511685009392 0.202285932669799 0.18255071972640394 0.19241832619810148
3.0402509550868966 0.17103851217609017 0.19735212943395022 0.11347747442452137 0.16281550678300893
3.2429343520926897 0.1677493100188577 0.202285932669799 0.17268311325470645 0.17268311325470645
3.4456177490984827 0.16665290929978016 0.1677493100188577 0.11347747442452137 0.17268311325470645
3.648301146104276 0.1578817035471602 0.1677493100188577 0.1332126873679164 0.17268311325470645
3.850984543110069 0.1732313136142452 0.1332126873679164 0.13814649060376516 0.17268311325470645
4.053667940115862 0.14308029383961393 0.1332126873679164 0.14801409707546268 0.10360986795282387
4.2563513371216555 0.11567027586267638 0.11347747442452137 0.11347747442452137 0.11841127766037014
4.4590347341274486 0.12060407909852515 0.12827888413206764 0.10360986795282387 0.1874845229622527
4.661718131133242 0.11841127766037014 0.10854367118867261 0.1677493100188577 0.07400704853773134
4.864401528139035 0.10525446903144012 0.08387465500942885 0.15294790031131142 0.11841127766037014
5.067084925144828 0.11731487694129263 0.12827888413206764 0.14308029383961393 0.0888084582452776
5.269768322150621 0.10525446903144012 0.11841127766037014 0.08387465500942885 0.11841127766037014
5.472451719156414 0.11073647262682762 0.09374226148112635 0.1332126873679164 0.10854367118867261
5.675135116162207 0.11786307730083138 0.11841127766037014 0.10854367118867261 0.14801409707546268
5.877818513168 0.10689907011005638 0.0789408517735801 0.11347747442452137 0.09867606471697511
6.080501910173793 0.12005587873898638 0.0789408517735801 0.11841127766037014 0.11347747442452137
