0.0 0.1677493100188577 0.17268311325470645 0.1677493100188577 0.1332126873679164
0.2026833970057931 0.15185149959223393 0.11841127766037014 0.18255071972640394 0.13814649060376516
0.4053667940115862 0.14308029383961393 0.09374226148112635 0.16281550678300893 0.1677493100188577
0.6080501910173793 0.1233450808962189 0.09374226148112635 0.14801409707546268 0.1233450808962189
0.8107335880231724 0.09922426507651386 0.09374226148112635 0.14801409707546268 0.05920563883018507
1.0134169850289656 0.07291064781865383 0.06907324530188258 0.09374226148112635 0.0888084582452776
1.2161003820347587 0.061398440268340064 0.06907324530188258 0.08387465500942885 0.05427183559433631
1.4187837790405518 0.04275962804402254 0.03947042588679005 0.07400704853773134 0.049338032358487556
1.6214671760463448 0.03782582480817379 0.014801409707546268 0.09374226148112635 0.049338032358487556
1.824150573052138 0.04604883020125505 0.03947042588679005 0.08387465500942885 0.0444042291226388
2.026833970057931 0.054820035953875065 0.03947042588679005 0.09867606471697511 0.06907324530188258
2.2295173670637243 0.09812786435743637 0.05920563883018507 0.12827888413206764 0.13814649060376516
2.4322007640695174 0.11457387514359887 0.09374226148112635 0.10854367118867261 0.11347747442452137
2.6348841610753104 0.15459250138992767 0.1233450808962189 0.15294790031131142 0.14308029383961393
2.8375675580811035 0.19515932799579522 0.19241832619810148 0.18255071972640394 0.202285932669799
3.0402509550868966 0.208864336984264 0.22695494884904274 0.222021145613194 0.21708734237734523
3.2429343520926897 0.22531034777042652 0.2466901617924378 0.1578817035471602 0.1776169164905552
3.4456177490984827 0.250527564309209 0.2762929812075303 0.202285932669799 0.26149157149998403
3.648301146104276 0.2598469704213678 0.2713591779716816 0.21215353914149648 0.25162396502828654
3.850984543110069 0.25929877006182905 0.30589580062262284 0.2664253747358328 0.23188875208489151
4.053667940115862 0.2384671563993565 0.21708734237734523 0.22695494884904274 0.2713591779716816
4.2563513371216555 0.2423045589161278 0.2713591779716816 0.2565577682641353 0.24175635855658903
4.4590347341274486 0.21818374309642277 0.202285932669799 0.1677493100188577 0.2762929812075303
4.661718131133242 0.21489454093919025 0.19735212943395022 0.17268311325470645 0.20721973590564774
4.864401528139035 0.1968039290744115 0.20721973590564774 0.18255071972640394 0.21708734237734523
5.067084925144828 0.18529172152409773 0.25162396502828654 0.18255071972640394 0.14801409707546268
5.269768322150621 0.18967732440040774 0.21215353914149648 0.16281550678300893 0.202285932669799
5.472451719156414 0.15952630462577644 0.14308029383961393 0.14801409707546268 0.1677493100188577
5.675135116162207 0.1721349128951677 0.202285932669799 0.14308029383961393 0.14801409707546268
5.877818513168 0.17926151756917147 0.15294790031131142 0.202285932669799 0.16281550678300893
6.080501910173793 0.16994211145701268 0.23682255532074029 0.11841127766037014 0.1776169164905552
