0.0 0.11731487694129263 0.0888084582452776 0.17268311325470645 0.12827888413206764
0.2026833970057931 0.12553788233437388 0.1332126873679164 0.14801409707546268 0.10854367118867261
0.4053667940115862 0.14582129563730767 0.1677493100188577 0.14801409707546268 0.13814649060376516
0.6080501910173793 0.16500830822116394 0.15294790031131142 0.18255071972640394 0.12827888413206764
0.8107335880231724 0.18255071972640394 0.19735212943395022 0.202285932669799 0.1776169164905552
1.0134169850289656 0.20612333518657022 0.25162396502828654 0.1874845229622527 0.13814649060376516
1.2161003820347587 0.2143463405796515 0.2466901617924378 0.222021145613194 0.1578817035471602
1.4187837790405518 0.24723836215197653 0.23188875208489151 0.28616058767922786 0.22695494884904274
1.6214671760463448 0.23901535675889526 0.23682255532074029 0.2762929812075303 0.2664253747358328
1.824150573052138 0.24943116359013154 0.29109439091507655 0.21215353914149648 0.202285932669799
2.026833970057931 0.23134055172535276 0.202285932669799 0.21215353914149648 0.1677493100188577
2.2295173670637243 0.2543649668259803 0.25162396502828654 0.222021145613194 0.2664253747358328
2.4322007640695174 0.2412081581970503 0.2713591779716816 0.19241832619810148 0.26149157149998403
2.6348841610753104 0.22531034777042652 0.2466901617924378 0.17268311325470645 0.2762929812075303
2.8375675580811035 0.21379814022011276 0.202285932669799 0.18255071972640394 0.2713591779716816
3.0402509550868966 0.21215353914149648 0.19241832619810148 0.22695494884904274 0.28122678444337906
3.2429343520926897 0.19132192547902396 0.12827888413206764 0.15294790031131142 0.202285932669799
3.4456177490984827 0.19625572871487273 0.1874845229622527 0.17268311325470645 0.15294790031131142
3.648301146104276 0.16939391109747395 0.21708734237734523 0.14801409707546268 0.16281550678300893
3.850984543110069 0.16281550678300893 0.20721973590564774 0.17268311325470645 0.14801409707546268
4.053667940115862 0.1452730952777689 0.11841127766037014 0.17268311325470645 0.1578817035471602
4.2563513371216555 0.10909187154821139 0.09374226148112635 0.10854367118867261 0.1332126873679164
4.4590347341274486 0.0942904618406651 0.08387465500942885 0.0789408517735801 0.0888084582452776
4.661718131133242 0.07291064781865383 0.0789408517735801 0.05920563883018507 0.13814649060376516
4.864401528139035 0.05920563883018507 0.029602819415092536 0.07400704853773134 0.08387465500942885
5.067084925144828 0.07400704853773134 0.05427183559433631 0.0789408517735801 0.0888084582452776
5.269768322150621 0.05591643667295257 0.05920563883018507 0.05427183559433631 0.049338032358487556
5.472451719156414 0.06742864422326633 0.09867606471697511 0.10360986795282387 0.05427183559433631
5.675135116162207 0.07674805033542509 0.06413944206603382 0.12827888413206764 0.0789408517735801
5.877818513168 0.08332645464989008 0.03947042588679005 0.0888084582452776 0.10360986795282387
6.080501910173793 0.10525446903144012 0.10854367118867261 0.09374226148112635 0.09374226148112635
