0.0 0.16446010786162518
0.2026833970057931 0.32892021572325036
0.4053667940115862 0.21928014381550026
0.6080501910173793 0.10964007190775013
0.8107335880231724 0.21928014381550026
1.0134169850289656 0.16446010786162518
1.2161003820347587 0.10964007190775013
1.4187837790405518 0.21928014381550026
1.6214671760463448 0.10964007190775013
1.824150573052138 0.21928014381550026
2.026833970057931 0.10964007190775013
2.2295173670637243 0.10964007190775013
2.4322007640695174 0.10964007190775013
2.6348841610753104 0.16446010786162518
2.8375675580811035 0.10964007190775013
3.0402509550868966 0.10964007190775013
3.2429343520926897 0.16446010786162518
3.4456177490984827 0.0
3.648301146104276 0.054820035953875065
3.850984543110069 0.10964007190775013
4.053667940115862 0.16446010786162518
4.2563513371216555 0.16446010786162518
4.4590347341274486 0.2741001797693753
4.661718131133242 0.054820035953875065
4.864401528139035 0.2741001797693753
5.067084925144828 0.10964007190775013
5.269768322150621 0.2741001797693753
5.472451719156414 0.21928014381550026
5.675135116162207 0.16446010786162518
5.877818513168 0.10964007190775013
6.080501910173793 0.21928014381550026
