0.0 0.1266342830534514 0.13814649060376516 0.12827888413206764 0.10854367118867261
0.2026833970057931 0.15130329923269517 0.11347747442452137 0.1578817035471602 0.1677493100188577
0.4053667940115862 0.14746589671592392 0.14308029383961393 0.17268311325470645 0.10854367118867261
0.6080501910173793 0.18090611864778772 0.1874845229622527 0.14801409707546268 0.20721973590564774
0.8107335880231724 0.1743277143333227 0.15294790031131142 0.1874845229622527 0.1332126873679164
1.0134169850289656 0.14088749240145892 0.202285932669799 0.1677493100188577 0.13814649060376516
1.2161003820347587 0.15842990390669892 0.14308029383961393 0.1233450808962189 0.222021145613194
1.4187837790405518 0.13047168557022265 0.1776169164905552 0.11347747442452137 0.16281550678300893
1.6214671760463448 0.1820025193668652 0.1677493100188577 0.10854367118867261 0.23682255532074029
1.824150573052138 0.1633637071425477 0.10360986795282387 0.17268311325470645 0.19241832619810148
2.026833970057931 0.16555650858070267 0.16281550678300893 0.1776169164905552 0.20721973590564774
2.2295173670637243 0.15459250138992767 0.14801409707546268 0.18255071972640394 0.1578817035471602
2.4322007640695174 0.17487591469286146 0.11347747442452137 0.1677493100188577 0.19241832619810148
2.6348841610753104 0.17158671253562893 0.202285932669799 0.1677493100188577 0.1677493100188577
2.8375675580811035 0.18583992188363646 0.14801409707546268 0.22695494884904274 0.15294790031131142
3.0402509550868966 0.21160533878195772 0.22695494884904274 0.18255071972640394 0.222021145613194
3.2429343520926897 0.21599094165826774 0.25162396502828654 0.19735212943395022 0.1677493100188577
3.4456177490984827 0.2340815535230465 0.23188875208489151 0.18255071972640394 0.202285932669799
3.648301146104276 0.23627435496120153 0.30589580062262284 0.2565577682641353 0.1332126873679164
3.850984543110069 0.20009313123164396 0.23682255532074029 0.1776169164905552 0.1776169164905552
4.053667940115862 0.19187012583856272 0.19241832619810148 0.11347747442452137 0.1677493100188577
4.2563513371216555 0.1633637071425477 0.21708734237734523 0.16281550678300893 0.16281550678300893
4.4590347341274486 0.15514070174946643 0.1776169164905552 0.16281550678300893 0.12827888413206764
4.661718131133242 0.12170047981760264 0.11347747442452137 0.12827888413206764 0.1578817035471602
4.864401528139035 0.11895947801990889 0.10854367118867261 0.09374226148112635 0.1677493100188577
5.067084925144828 0.10854367118867261 0.09867606471697511 0.13814649060376516 0.11841127766037014
5.269768322150621 0.11347747442452137 0.08387465500942885 0.15294790031131142 0.11347747442452137
5.472451719156414 0.10909187154821139 0.07400704853773134 0.13814649060376516 0.11841127766037014
5.675135116162207 0.10744727046959512 0.09374226148112635 0.14801409707546268 0.10360986795282387
5.877818513168 0.12224868017714138 0.09867606471697511 0.15294790031131142 0.11841127766037014
6.080501910173793 0.11567027586267638 0.11841127766037014 0.14308029383961393 0.11841127766037014
