0.0 0.17158671253562893 0.1332126873679164 0.1874845229622527 0.222021145613194
0.2026833970057931 0.14746589671592392 0.11841127766037014 0.15294790031131142 0.18255071972640394
0.4053667940115862 0.13924289132284265 0.11841127766037014 0.1578817035471602 0.1578817035471602
0.6080501910173793 0.1233450808962189 0.12827888413206764 0.1233450808962189 0.17268311325470645
0.8107335880231724 0.14143569276099766 0.14308029383961393 0.10854367118867261 0.14308029383961393
1.0134169850289656 0.10964007190775013 0.1233450808962189 0.10360986795282387 0.11347747442452137
1.2161003820347587 0.10799547082913387 0.1233450808962189 0.11841127766037014 0.09867606471697511
1.4187837790405518 0.12773068377252889 0.1233450808962189 0.1233450808962189 0.11841127766037014
1.6214671760463448 0.12224868017714138 0.09374226148112635 0.13814649060376516 0.09374226148112635
1.824150573052138 0.13047168557022265 0.16281550678300893 0.17268311325470645 0.10854367118867261
2.026833970057931 0.13156808628930017 0.1578817035471602 0.09867606471697511 0.12827888413206764
2.2295173670637243 0.1354054888060714 0.1233450808962189 0.1874845229622527 0.11347747442452137
2.4322007640695174 0.1288270844916064 0.0789408517735801 0.1332126873679164 0.1233450808962189
2.6348841610753104 0.16062270534485393 0.1776169164905552 0.19735212943395022 0.12827888413206764
2.8375675580811035 0.14362849419915266 0.11347747442452137 0.1776169164905552 0.12827888413206764
3.0402509550868966 0.16720110965931895 0.14801409707546268 0.19735212943395022 0.16281550678300893
3.2429343520926897 0.18693632260271395 0.16281550678300893 0.1874845229622527 0.16281550678300893
3.4456177490984827 0.16994211145701268 0.14801409707546268 0.20721973590564774 0.16281550678300893
3.648301146104276 0.17926151756917147 0.2664253747358328 0.21708734237734523 0.10360986795282387
3.850984543110069 0.17816511685009392 0.1776169164905552 0.14308029383961393 0.1677493100188577
4.053667940115862 0.18145431900732645 0.202285932669799 0.1578817035471602 0.19241832619810148
4.2563513371216555 0.15952630462577644 0.11347747442452137 0.1578817035471602 0.21215353914149648
4.4590347341274486 0.16500830822116394 0.10854367118867261 0.10854367118867261 0.23188875208489151
4.661718131133242 0.17158671253562893 0.222021145613194 0.0789408517735801 0.2565577682641353
4.864401528139035 0.18529172152409773 0.1776169164905552 0.1776169164905552 0.1776169164905552
5.067084925144828 0.19570752835533398 0.2664253747358328 0.1677493100188577 0.23682255532074029
5.269768322150621 0.20338233338887649 0.18255071972640394 0.21215353914149648 0.14801409707546268
5.472451719156414 0.208864336984264 0.19735212943395022 0.23188875208489151 0.19241832619810148
5.675135116162207 0.2011895319507215 0.21708734237734523 0.20721973590564774 0.17268311325470645
5.877818513168 0.1765205157714777 0.21708734237734523 0.1578817035471602 0.1677493100188577
6.080501910173793 0.18255071972640394 0.20721973590564774 0.14308029383961393 0.15294790031131142
