0.0 0.0011671362493405658 0.0 0.0035014087480216977 0.0
0.5711986642890533 0.0023342724986811316 0.0035014087480216977 0.0035014087480216977 0.0
1.1423973285781066 0.002917840623351415 0.0017507043740108488 0.0035014087480216977 0.0035014087480216977
1.7135959928671598 0.015172771241427355 0.0017507043740108488 0.02275915686214103 0.021008452488130186
2.284794657156213 0.1295521236768028 0.04026620060224952 0.17331973302707404 0.17507043740108488
2.8559933214452666 0.728293019588513 0.8263324645331206 0.6880268189862636 0.670519775246155
3.4271919857343196 0.7271258833391725 0.8245817601591097 0.6792732971162093 0.6775225927421985
3.998390650023373 0.12488357867944054 0.050770426846314616 0.14180705429487875 0.18207325489712825
4.569589314312426 0.014589203116757073 0.0017507043740108488 0.02626056561016273 0.015756339366097636
5.140787978601479 0.002917840623351415 0.0 0.0052521131220325465 0.0035014087480216977
5.711986642890533 0.0017507043740108488 0.0 0.0035014087480216977 0.0017507043740108488
