0.0 0.0005835681246702829 0.0 0.0 0.0017507043740108488
0.5711986642890533 0.0 0.0 0.0 0.0
1.1423973285781066 0.0011671362493405658 0.0 0.0035014087480216977 0.0
1.7135959928671598 0.008169953745383962 0.0 0.01400563499208679 0.010504226244065093
2.284794657156213 0.1091272393133429 0.02976197435818443 0.1295521236768028 0.1680676199050415
2.8559933214452666 0.7580549939466975 0.8315845776551531 0.6792732971162093 0.7633071070687301
3.4271919857343196 0.7358794052092268 0.8385873951511965 0.7265423152145022 0.6425085052619814
3.998390650023373 0.12371644243009998 0.04376760935027122 0.17507043740108488 0.15231128053894383
4.569589314312426 0.00992065811939481 0.0052521131220325465 0.015756339366097636 0.008753521870054244
5.140787978601479 0.002917840623351415 0.0017507043740108488 0.0035014087480216977 0.0035014087480216977
5.711986642890533 0.0011671362493405658 0.0 0.0035014087480216977 0.0
