0.0 0.002917840623351415 0.0 0.0035014087480216977 0.0052521131220325465
0.5711986642890533 0.0035014087480216977 0.0 0.0052521131220325465 0.0052521131220325465
1.1423973285781066 0.0017507043740108488 0.0 0.0035014087480216977 0.0017507043740108488
1.7135959928671598 0.016923475615438204 0.0 0.02626056561016273 0.024509861236151884
2.284794657156213 0.13130282805081364 0.04551831372428206 0.16456621115701978 0.18382395927113912
2.8559933214452666 0.7294601558378536 0.8438395082732291 0.6652676621241225 0.6792732971162093
3.4271919857343196 0.7166216570951074 0.8228310557850989 0.670519775246155 0.6565141402540683
3.998390650023373 0.12721785117812168 0.036764791854227825 0.17507043740108488 0.16981832427905233
4.569589314312426 0.012838498742746224 0.0017507043740108488 0.021008452488130186 0.015756339366097636
5.140787978601479 0.004084976872691981 0.0 0.007002817496043395 0.0052521131220325465
5.711986642890533 0.004084976872691981 0.0 0.008753521870054244 0.0035014087480216977
