0.0 0.002917840623351415 0.0 0.0052521131220325465 0.0035014087480216977
0.5711986642890533 0.0035014087480216977 0.0 0.0035014087480216977 0.007002817496043395
1.1423973285781066 0.01167136249340566 0.0017507043740108488 0.02275915686214103 0.010504226244065093
1.7135959928671598 0.03559765560488726 0.0052521131220325465 0.05602253996834716 0.04551831372428206
2.284794657156213 0.2077502523826207 0.1470591674169113 0.243347907987508 0.2328436817434429
2.8559933214452666 0.6203329165245107 0.740547950206589 0.5602253996834716 0.5602253996834716
3.4271919857343196 0.6109958265297861 0.6985310452303287 0.5637268084314933 0.5707296259275367
3.998390650023373 0.19899673051256647 0.14880987179092214 0.21358593362932354 0.23459438611745376
4.569589314312426 0.04668544997362264 0.008753521870054244 0.06652676621241226 0.0647760618384014
5.140787978601479 0.007586385620713678 0.0 0.010504226244065093 0.012254930618075942
5.711986642890533 0.004668544997362263 0.0 0.0052521131220325465 0.008753521870054244
