0.0 0.004084976872691981 0.0 0.007002817496043395 0.0052521131220325465
0.5711986642890533 0.0005835681246702829 0.0017507043740108488 0.0 0.0
1.1423973285781066 0.0 0.0 0.0 0.0
1.7135959928671598 0.0052521131220325465 0.0 0.0052521131220325465 0.010504226244065093
2.284794657156213 0.10329155806664007 0.02976197435818443 0.1470591674169113 0.1330535324248245
2.8559933214452666 0.7586385620713678 0.856094438891305 0.7037831583523613 0.7160380889704371
3.4271919857343196 0.7469671995779622 0.8228310557850989 0.7230409064664804 0.695029636482307
3.998390650023373 0.12313287430542968 0.03851549622823867 0.15756339366097638 0.17331973302707404
4.569589314312426 0.00583568124670283 0.0 0.007002817496043395 0.010504226244065093
5.140787978601479 0.0023342724986811316 0.0 0.0 0.007002817496043395
5.711986642890533 0.0005835681246702829 0.0017507043740108488 0.0 0.0
