0.0 0.004084976872691981 0.0035014087480216977 0.0035014087480216977 0.0052521131220325465
0.5711986642890533 0.0035014087480216977 0.0 0.0052521131220325465 0.0052521131220325465
1.1423973285781066 0.0005835681246702829 0.0 0.0 0.0017507043740108488
1.7135959928671598 0.004084976872691981 0.0 0.007002817496043395 0.0052521131220325465
2.284794657156213 0.11087794368735376 0.02801126998417358 0.1470591674169113 0.15756339366097638
2.8559933214452666 0.7936526495515848 0.8858564132494895 0.7773127420608168 0.7177887933444479
3.4271919857343196 0.7347122689598862 0.8070747164190013 0.670519775246155 0.7265423152145022
3.998390650023373 0.09395446807191556 0.024509861236151884 0.1330535324248245 0.12430001055477025
4.569589314312426 0.004084976872691981 0.0017507043740108488 0.0052521131220325465 0.0052521131220325465
5.140787978601479 0.0005835681246702829 0.0 0.0 0.0017507043740108488
5.711986642890533 0.0005835681246702829 0.0 0.0017507043740108488 0.0
