0.0 0.004668544997362263 0.0 0.012254930618075942 0.0017507043740108488
0.5711986642890533 0.004668544997362263 0.0 0.007002817496043395 0.007002817496043395
1.1423973285781066 0.007002817496043395 0.0 0.012254930618075942 0.008753521870054244
1.7135959928671598 0.04551831372428206 0.01400563499208679 0.06652676621241226 0.05602253996834716
2.284794657156213 0.20133100301124762 0.1330535324248245 0.22759156862141033 0.243347907987508
2.8559933214452666 0.6010751684103914 0.7125366802224153 0.5357155384473197 0.5549732865614391
3.4271919857343196 0.6255850296465433 0.752802880824665 0.5794831477975909 0.544469060317374
3.998390650023373 0.21300236550465326 0.12780141930279196 0.2521014298575622 0.2591042473536056
4.569589314312426 0.03267981498153585 0.0052521131220325465 0.036764791854227825 0.05602253996834716
5.140787978601479 0.008753521870054244 0.0 0.012254930618075942 0.01400563499208679
5.711986642890533 0.006419249371373112 0.0052521131220325465 0.008753521870054244 0.0052521131220325465
