0.0 0.0 0.0 0.0 0.0
0.5711986642890533 0.0005835681246702829 0.0 0.0 0.0017507043740108488
1.1423973285781066 0.0005835681246702829 0.0 0.0017507043740108488 0.0
1.7135959928671598 0.007586385620713678 0.0 0.015756339366097636 0.007002817496043395
2.284794657156213 0.10504226244065092 0.02976197435818443 0.15756339366097638 0.12780141930279196
2.8559933214452666 0.7662249476920814 0.8543437345172942 0.7020324539783503 0.7422986545805998
3.4271919857343196 0.7434657908299405 0.8350859864031748 0.6845254102382419 0.7107859758484046
3.998390650023373 0.11788076118339715 0.03151267873219527 0.17331973302707404 0.14880987179092214
4.569589314312426 0.006419249371373112 0.0 0.01400563499208679 0.0052521131220325465
5.140787978601479 0.002917840623351415 0.0 0.0017507043740108488 0.007002817496043395
5.711986642890533 0.0 0.0 0.0 0.0
