0.0 0.002917840623351415 0.0 0.0035014087480216977 0.0052521131220325465
0.5711986642890533 0.0017507043740108488 0.0 0.0035014087480216977 0.0017507043740108488
1.1423973285781066 0.004084976872691981 0.0035014087480216977 0.0035014087480216977 0.0052521131220325465
1.7135959928671598 0.010504226244065093 0.0 0.01750704374010849 0.01400563499208679
2.284794657156213 0.10971080743801317 0.04026620060224952 0.14180705429487875 0.1470591674169113
2.8559933214452666 0.7271258833391725 0.810576125167023 0.670519775246155 0.7002817496043395
3.4271919857343196 0.7778963101854872 0.8701000738833918 0.7563042895726867 0.7072845671003829
3.998390650023373 0.10796010306400235 0.02626056561016273 0.1435577586688896 0.15406198491295467
4.569589314312426 0.006419249371373112 0.0 0.008753521870054244 0.010504226244065093
5.140787978601479 0.0005835681246702829 0.0 0.0 0.0017507043740108488
5.711986642890533 0.0017507043740108488 0.0 0.0017507043740108488 0.0035014087480216977
