0.0 0.17181781295884366 0.17086874690345885 0.16334071809521217 0.16369085897001437
0.5711986642890533 0.16346971736487614 0.16229029547080567 0.16299057722041002 0.14986029441532864
1.1423973285781066 0.1533156319956132 0.14530846304290046 0.15721325278617423 0.152661421413746
1.7135959928671598 0.15228363783830157 0.15808860497317964 0.1563379005991688 0.15843874584798182
2.284794657156213 0.15736989475648047 0.16474128159442086 0.15406198491295467 0.16614184509362953
2.8559933214452666 0.16487949509763225 0.17437015565148054 0.15931409803498722 0.17191916952786535
3.4271919857343196 0.16324857575973795 0.1689429720920469 0.1563379005991688 0.1610648024089981
3.998390650023373 0.15794117723642082 0.15598775972436663 0.1493350831031254 0.16281550678300893
4.569589314312426 0.14911394149798718 0.13848071598425815 0.16351578853261325 0.15703818234877315
5.140787978601479 0.15217306703573244 0.14303254735668633 0.15423705535035576 0.15808860497317964
5.711986642890533 0.16509142246922304 0.16859283121724472 0.17402001477667836 0.14898494222832323
