0.0 0.16901668596042632 0.17577071915068923 0.16684212684323388 0.15546254841216336
0.5711986642890533 0.16639062939941004 0.158788886722784 0.15686311191137203 0.16159001372120133
1.1423973285781066 0.15285492031824194 0.1528364918511471 0.15528747797476228 0.1563379005991688
1.7135959928671598 0.1503578630268896 0.14303254735668633 0.1514359283519384 0.1610648024089981
2.284794657156213 0.15597854549081921 0.14916001266572432 0.16509142246922304 0.16649198596843173
2.8559933214452666 0.16625241589619866 0.17139395821566208 0.16071466153419592 0.16999339471645342
3.4271919857343196 0.16722912465222575 0.15826367541058073 0.16736733815543714 0.15913902759758614
3.998390650023373 0.15765553599645066 0.16491635203182195 0.1594891684723883 0.15668804147397095
4.569589314312426 0.14986950864887608 0.1502104352901308 0.1594891684723883 0.15441212578775687
5.140787978601479 0.1530576334562853 0.15686311191137203 0.15773846409837747 0.16281550678300893
5.711986642890533 0.1620415111650252 0.16946818340425016 0.15038550572753193 0.14670902654210913
