0.0 0.1649255662653694 0.1734948034644751 0.15808860497317964 0.1551124075373612
0.5711986642890533 0.15970109584397912 0.1631656476578111 0.15371184403815252 0.1549373370999601
1.1423973285781066 0.15352755936720403 0.14513339260549937 0.16491635203182195 0.16264043634560785
1.7135959928671598 0.15330641776206577 0.14530846304290046 0.15441212578775687 0.15703818234877315
2.284794657156213 0.16159922795474876 0.16001437978459157 0.1538869144755536 0.16053959109679483
2.8559933214452666 0.16880475858883554 0.17191916952786535 0.1617650841586024 0.16841776077984363
3.4271919857343196 0.16726598158641548 0.171218887778261 0.16491635203182195 0.1769962122124968
3.998390650023373 0.15674332687525552 0.1538869144755536 0.15668804147397095 0.16123987284639918
4.569589314312426 0.15046843382945874 0.14845973091611997 0.15773846409837747 0.1563379005991688
5.140787978601479 0.15415412724842895 0.15931409803498722 0.1619401545960035 0.1437328291062907
5.711986642890533 0.1602078786890875 0.158788886722784 0.16264043634560785 0.15371184403815252
