0.0 0.1681413337734209 0.1896012837053749 0.15476226666255904 0.15196113966414168
0.5711986642890533 0.16389357210805772 0.17139395821566208 0.1594891684723883 0.1594891684723883
1.1423973285781066 0.1586046020518355 0.1621152250334046 0.1621152250334046 0.16701719728063497
1.7135959928671598 0.15462405315934766 0.14863480135352106 0.15843874584798182 0.15721325278617423
2.284794657156213 0.15775689256547232 0.14618381522990587 0.16386592940741546 0.16719226771803605
2.8559933214452666 0.1577108213977352 0.15318663272594926 0.15756339366097638 0.16351578853261325
3.4271919857343196 0.15980245241300078 0.14478325173069717 0.171218887778261 0.1586138162853829
3.998390650023373 0.15779374949966202 0.15248635097634491 0.16474128159442086 0.15598775972436663
4.569589314312426 0.15338934586399264 0.1528364918511471 0.1538869144755536 0.1610648024089981
5.140787978601479 0.1557758323527758 0.15056057616493299 0.1458336743551037 0.15563761884956445
5.711986642890533 0.16321171882554822 0.17892198702390874 0.158788886722784 0.15301156228854818
