0.0 0.17534686440750763 0.17524550783848594 0.16053959109679483 0.158788886722784
0.5711986642890533 0.16940368376941817 0.1747202965262827 0.1643911407196187 0.17279452171487075
1.1423973285781066 0.16000516555104416 0.15668804147397095 0.1573883232235753 0.16053959109679483
1.7135959928671598 0.1519334969634994 0.15196113966414168 0.15581268928696554 0.15826367541058073
2.284794657156213 0.1547161954948219 0.15406198491295467 0.15651297103656986 0.16474128159442086
2.8559933214452666 0.15952602540657804 0.1656166337814263 0.15756339366097638 0.15476226666255904
3.4271919857343196 0.158788886722784 0.1495101535405265 0.16351578853261325 0.15913902759758614
3.998390650023373 0.15150964222031782 0.15126085791453733 0.1617650841586024 0.15721325278617423
4.569589314312426 0.14718816668657525 0.14163198385747766 0.16088973197159698 0.152661421413746
5.140787978601479 0.1549004801657704 0.15703818234877315 0.14986029441532864 0.152661421413746
5.711986642890533 0.167385766622532 0.17296959215227184 0.16246536590820676 0.15913902759758614
