0.0 0.17302487755355642 0.18224832533452934 0.171218887778261 0.15126085791453733
0.5711986642890533 0.16960639690746154 0.17997240964831526 0.1610648024089981 0.1596642389097894
1.1423973285781066 0.16000516555104416 0.1689429720920469 0.158788886722784 0.152661421413746
1.7135959928671598 0.1516109987893395 0.15756339366097638 0.1502104352901308 0.15668804147397095
2.284794657156213 0.15597854549081921 0.15248635097634491 0.1643911407196187 0.16719226771803605
2.8559933214452666 0.16286157795074604 0.15423705535035576 0.16281550678300893 0.16299057722041002
3.4271919857343196 0.1611753732115672 0.1538869144755536 0.15721325278617423 0.17419508521407945
3.998390650023373 0.15368420133751023 0.15126085791453733 0.16351578853261325 0.15686311191137203
4.569589314312426 0.14831230317936117 0.14828466047871888 0.15248635097634491 0.15668804147397095
5.140787978601479 0.15127007214808474 0.14303254735668633 0.15563761884956445 0.15073564660233407
5.711986642890533 0.16317486189135852 0.158788886722784 0.15336170316335035 0.1617650841586024
