0.0 0.17026982172287616 0.16053959109679483 0.17682114177509572 0.1538869144755536
0.5711986642890533 0.16264043634560785 0.1631656476578111 0.15546254841216336 0.1621152250334046
1.1423973285781066 0.15201642506542623 0.15126085791453733 0.15353677360075144 0.14688409697951021
1.7135959928671598 0.15149121375322297 0.15003536485272972 0.16299057722041002 0.15213621010154277
2.284794657156213 0.15899159986082734 0.1621152250334046 0.14880987179092214 0.16071466153419592
2.8559933214452666 0.16521120750533955 0.1678925494676404 0.14898494222832323 0.17296959215227184
3.4271919857343196 0.16549684874530976 0.1656166337814263 0.1514359283519384 0.16859283121724472
3.998390650023373 0.15777532103256717 0.16018945022199266 0.15896395716018508 0.16631691553103062
4.569589314312426 0.14927979770184083 0.14880987179092214 0.16018945022199266 0.15808860497317964
5.140787978601479 0.1534262027981823 0.1493350831031254 0.17086874690345885 0.15318663272594926
5.711986642890533 0.1641054994796485 0.17174409909046426 0.16264043634560785 0.15581268928696554
