0.0 0.16510063670277048 0.17226931040266752 0.16474128159442086 0.15423705535035576
0.5711986642890533 0.16205993963212004 0.16981832427905233 0.17174409909046426 0.1528364918511471
1.1423973285781066 0.15755417942742897 0.1514359283519384 0.15668804147397095 0.17261945127746967
1.7135959928671598 0.1555915476818273 0.15231128053894383 0.1514359283519384 0.1586138162853829
2.284794657156213 0.15891788599244794 0.16736733815543714 0.15528747797476228 0.16719226771803605
2.8559933214452666 0.16040137759358344 0.15336170316335035 0.15091071703973516 0.15336170316335035
3.4271919857343196 0.1614702286850848 0.17156902865306317 0.1517860692267406 0.16229029547080567
3.998390650023373 0.15841110314733953 0.15458719622515796 0.15651297103656986 0.15826367541058073
4.569589314312426 0.15220992396992214 0.1412818429826755 0.16649198596843173 0.15073564660233407
5.140787978601479 0.15848481701571895 0.1563379005991688 0.16526649290662412 0.1642160702822176
5.711986642890533 0.16050273416260513 0.16036452065939374 0.1598393093471905 0.1563379005991688
