0.0 0.17115438814342904 0.18294860708413369 0.16684212684323388 0.158788886722784
0.5711986642890533 0.16306429108878942 0.1771712826498979 0.16404099984481654 0.15318663272594926
1.1423973285781066 0.15185056886157255 0.16018945022199266 0.16404099984481654 0.15073564660233407
1.7135959928671598 0.14935351157022025 0.14635888566730695 0.15231128053894383 0.15546254841216336
2.284794657156213 0.15440291155420943 0.14828466047871888 0.1517860692267406 0.1594891684723883
2.8559933214452666 0.1621520819675943 0.14688409697951021 0.171218887778261 0.17016846515385448
3.4271919857343196 0.1629445060526729 0.15581268928696554 0.1643911407196187 0.16404099984481654
3.998390650023373 0.1566696130068761 0.14828466047871888 0.16018945022199266 0.1654415633440252
4.569589314312426 0.15361970170267825 0.15458719622515796 0.15196113966414168 0.15896395716018508
5.140787978601479 0.1571026819836051 0.15406198491295467 0.14530846304290046 0.15756339366097638
5.711986642890533 0.16839011807920137 0.17612086002549138 0.1586138162853829 0.15686311191137203
