0.0 0.17195602646205504 0.18347381839633695 0.1551124075373612 0.16053959109679483
0.5711986642890533 0.16612341662653468 0.16334071809521217 0.1724443808400686 0.15843874584798182
1.1423973285781066 0.1514359283519384 0.15353677360075144 0.15038550572753193 0.15528747797476228
1.7135959928671598 0.14775944916651565 0.15108578747713625 0.16071466153419592 0.15791353453577855
2.284794657156213 0.1508830743390929 0.13900592729646138 0.1619401545960035 0.1517860692267406
2.8559933214452666 0.1570934677500577 0.15231128053894383 0.16036452065939374 0.15721325278617423
3.4271919857343196 0.16060409073162682 0.15441212578775687 0.15668804147397095 0.15598775972436663
3.998390650023373 0.16099108854061867 0.16036452065939374 0.16684212684323388 0.16999339471645342
4.569589314312426 0.1564392571681905 0.1551124075373612 0.15038550572753193 0.15843874584798182
5.140787978601479 0.1579964626377054 0.15791353453577855 0.1514359283519384 0.15843874584798182
5.711986642890533 0.16942211223651304 0.18014748008571635 0.1643911407196187 0.16666705640583282
