0.0 0.1851856182287031 0.16281550678300893 0.20308170738525846 0.1435577586688896
0.5711986642890533 0.18110064135601114 0.1680676199050415 0.16281550678300893 0.17507043740108488
1.1423973285781066 0.15911957532676382 0.1435577586688896 0.1610648024089981 0.17682114177509572
1.7135959928671598 0.14277966783599588 0.12430001055477025 0.15931409803498722 0.18207325489712825
2.284794657156213 0.14647559929224102 0.16281550678300893 0.12430001055477025 0.16981832427905233
2.8559933214452666 0.16028671157610438 0.18382395927113912 0.16456621115701978 0.1435577586688896
3.4271919857343196 0.15717434824452953 0.16631691553103062 0.15056057616493299 0.15231128053894383
3.998390650023373 0.15094962158137987 0.14880987179092214 0.15231128053894383 0.15056057616493299
4.569589314312426 0.1449194176264536 0.1365549411728462 0.15581268928696554 0.16281550678300893
5.140787978601479 0.1528948486636141 0.16981832427905233 0.17682114177509572 0.1435577586688896
5.711986642890533 0.16981832427905233 0.18382395927113912 0.1400563499208679 0.15056057616493299
