0.0 0.16651143823925404 0.16456621115701978 0.1610648024089981 0.15231128053894383
0.5711986642890533 0.1527003259553907 0.1365549411728462 0.14530846304290046 0.18382395927113912
1.1423973285781066 0.16631691553103062 0.16981832427905233 0.18382395927113912 0.16631691553103062
1.7135959928671598 0.15522912116229526 0.17507043740108488 0.17507043740108488 0.1435577586688896
2.284794657156213 0.1639826430323495 0.17507043740108488 0.17156902865306317 0.1260507149287811
2.8559933214452666 0.1873253680191608 0.208333820507291 0.18207325489712825 0.20133100301124762
3.4271919857343196 0.1632045521994558 0.1470591674169113 0.1365549411728462 0.13130282805081364
3.998390650023373 0.14803178095802844 0.15931409803498722 0.1365549411728462 0.17156902865306317
4.569589314312426 0.14414132679355987 0.1435577586688896 0.14880987179092214 0.17156902865306317
5.140787978601479 0.1443358495017833 0.1400563499208679 0.15931409803498722 0.1400563499208679
5.711986642890533 0.15892505261854037 0.13130282805081364 0.15056057616493299 0.16281550678300893
