0.0 0.17798827802443629 0.1470591674169113 0.1610648024089981 0.17857184614910657
0.5711986642890533 0.17351425573529744 0.1435577586688896 0.1680676199050415 0.16981832427905233
1.1423973285781066 0.16048123428432778 0.1610648024089981 0.1610648024089981 0.16281550678300893
1.7135959928671598 0.1449194176264536 0.16281550678300893 0.12254930618075942 0.1400563499208679
2.284794657156213 0.15153318970605012 0.12430001055477025 0.17331973302707404 0.14880987179092214
2.8559933214452666 0.15542364387051869 0.17682114177509572 0.15406198491295467 0.17682114177509572
3.4271919857343196 0.15094962158137987 0.1680676199050415 0.1435577586688896 0.15581268928696554
3.998390650023373 0.1562017347034124 0.18207325489712825 0.1680676199050415 0.16281550678300893
4.569589314312426 0.15367293949650782 0.14880987179092214 0.1873253680191608 0.14180705429487875
5.140787978601479 0.15989766615965753 0.17507043740108488 0.16456621115701978 0.1610648024089981
5.711986642890533 0.1661223928228072 0.1610648024089981 0.1470591674169113 0.15231128053894383
