0.0 0.1793499369820003 0.15581268928696554 0.19082677676718252 0.14880987179092214
0.5711986642890533 0.16048123428432778 0.15231128053894383 0.15581268928696554 0.15056057616493299
1.1423973285781066 0.1435577586688896 0.1330535324248245 0.1470591674169113 0.11729719305872688
1.7135959928671598 0.14628107658401757 0.13480423679883535 0.15406198491295467 0.15056057616493299
2.284794657156213 0.16048123428432778 0.1680676199050415 0.15056057616493299 0.19082677676718252
2.8559933214452666 0.18129516406423454 0.22233945549937778 0.1978295942632259 0.1365549411728462
3.4271919857343196 0.16767857448859463 0.15931409803498722 0.15056057616493299 0.17857184614910657
3.998390650023373 0.15211675783072043 0.15231128053894383 0.13830564554685706 0.17857184614910657
4.569589314312426 0.14122348617020847 0.14880987179092214 0.1295521236768028 0.16981832427905233
5.140787978601479 0.1435577586688896 0.17507043740108488 0.15931409803498722 0.1400563499208679
5.711986642890533 0.17468139198463803 0.14880987179092214 0.17682114177509572 0.18907607239317167
