0.0 0.17156902865306317 0.1680676199050415 0.17331973302707404 0.1610648024089981
0.5711986642890533 0.15581268928696554 0.16281550678300893 0.15931409803498722 0.17857184614910657
1.1423973285781066 0.14336323596066616 0.15756339366097638 0.14880987179092214 0.1470591674169113
1.7135959928671598 0.1456975084593473 0.12254930618075942 0.14880987179092214 0.15056057616493299
2.284794657156213 0.15406198491295467 0.1435577586688896 0.17507043740108488 0.13830564554685706
2.8559933214452666 0.16476073386524323 0.16981832427905233 0.14180705429487875 0.15231128053894383
3.4271919857343196 0.1682621426132649 0.17682114177509572 0.15231128053894383 0.15581268928696554
3.998390650023373 0.15853600720209352 0.14180705429487875 0.18382395927113912 0.15231128053894383
4.569589314312426 0.15950862074321068 0.1400563499208679 0.18207325489712825 0.1803225505231174
5.140787978601479 0.16145384782544495 0.20133100301124762 0.13130282805081364 0.1680676199050415
5.711986642890533 0.16767857448859463 0.16631691553103062 0.15406198491295467 0.16631691553103062
