0.0 0.17915541427377685 0.1680676199050415 0.16981832427905233 0.14880987179092214
0.5711986642890533 0.17468139198463803 0.16456621115701978 0.16456621115701978 0.15756339366097638
1.1423973285781066 0.16164837053366837 0.15581268928696554 0.16456621115701978 0.17682114177509572
1.7135959928671598 0.14822630366625186 0.13480423679883535 0.1873253680191608 0.16631691553103062
2.284794657156213 0.149198917207369 0.17331973302707404 0.1610648024089981 0.13480423679883535
2.8559933214452666 0.15989766615965753 0.16281550678300893 0.16281550678300893 0.15756339366097638
3.4271919857343196 0.15989766615965753 0.17331973302707404 0.1400563499208679 0.14180705429487875
3.998390650023373 0.15445103032940152 0.16456621115701978 0.15231128053894383 0.18907607239317167
4.569589314312426 0.1295521236768028 0.11204507993669433 0.11729719305872688 0.15406198491295467
5.140787978601479 0.1528948486636141 0.16631691553103062 0.1470591674169113 0.14530846304290046
5.711986642890533 0.18110064135601114 0.17507043740108488 0.18382395927113912 0.17857184614910657
