0.0 0.1766266190668723 0.14530846304290046 0.17156902865306317 0.18207325489712825
0.5711986642890533 0.16904023344615862 0.16631691553103062 0.1680676199050415 0.15581268928696554
1.1423973285781066 0.15192223512249697 0.16631691553103062 0.18207325489712825 0.15756339366097638
1.7135959928671598 0.14647559929224102 0.15931409803498722 0.13830564554685706 0.15756339366097638
2.284794657156213 0.14258514512777246 0.1365549411728462 0.1435577586688896 0.1435577586688896
2.8559933214452666 0.16573334740636034 0.1803225505231174 0.16456621115701978 0.1873253680191608
3.4271919857343196 0.16145384782544495 0.17682114177509572 0.15056057616493299 0.15931409803498722
3.998390650023373 0.1528948486636141 0.16456621115701978 0.1435577586688896 0.16281550678300893
4.569589314312426 0.15036605345670956 0.14180705429487875 0.15581268928696554 0.1435577586688896
5.140787978601479 0.15639625741163582 0.15231128053894383 0.15756339366097638 0.15756339366097638
5.711986642890533 0.17721018719154258 0.1610648024089981 0.17507043740108488 0.1435577586688896
