0.0 0.17001284698727576 0.15231128053894383 0.14880987179092214 0.17682114177509572
0.5711986642890533 0.15970314345143408 0.16631691553103062 0.1330535324248245 0.17682114177509572
1.1423973285781066 0.15542364387051869 0.17156902865306317 0.16631691553103062 0.14880987179092214
1.7135959928671598 0.14530846304290046 0.12254930618075942 0.14180705429487875 0.17331973302707404
2.284794657156213 0.14900439449914557 0.14530846304290046 0.17331973302707404 0.1435577586688896
2.8559933214452666 0.17195807406951003 0.18907607239317167 0.1803225505231174 0.14880987179092214
3.4271919857343196 0.16262098407478548 0.16631691553103062 0.15581268928696554 0.15756339366097638
3.998390650023373 0.16223193865833863 0.15756339366097638 0.18207325489712825 0.15056057616493299
4.569589314312426 0.15133866699782672 0.15231128053894383 0.15756339366097638 0.15056057616493299
5.140787978601479 0.1583414844938701 0.15581268928696554 0.16981832427905233 0.16456621115701978
5.711986642890533 0.16476073386524323 0.17156902865306317 0.14180705429487875 0.15931409803498722
