0.0 0.1865472771862671 0.21008452488130183 0.1680676199050415 0.1873253680191608
0.5711986642890533 0.16923475615438205 0.19607888988921507 0.16281550678300893 0.15406198491295467
1.1423973285781066 0.16981832427905233 0.1873253680191608 0.20658311613328015 0.1435577586688896
1.7135959928671598 0.15036605345670956 0.15406198491295467 0.1680676199050415 0.1295521236768028
2.284794657156213 0.15406198491295467 0.16631691553103062 0.1435577586688896 0.14180705429487875
2.8559933214452666 0.17001284698727576 0.14880987179092214 0.15581268928696554 0.15231128053894383
3.4271919857343196 0.16476073386524323 0.16981832427905233 0.17682114177509572 0.20308170738525846
3.998390650023373 0.15445103032940152 0.1330535324248245 0.14180705429487875 0.1680676199050415
4.569589314312426 0.13266448700837766 0.1330535324248245 0.1260507149287811 0.1295521236768028
5.140787978601479 0.14180705429487875 0.11554648868471602 0.15931409803498722 0.17857184614910657
5.711986642890533 0.1569798255363061 0.1365549411728462 0.14180705429487875 0.16281550678300893
