0.0 0.018479657281225626 0.0 0.08228310557850989 0.05602253996834716
0.5711986642890533 0.01556181665787421 0.0052521131220325465 0.050770426846314616 0.05602253996834716
1.1423973285781066 0.02237011144569418 0.010504226244065093 0.07528028808246649 0.0682774705864231
1.7135959928671598 0.05193756309565518 0.024509861236151884 0.14880987179092214 0.12430001055477025
2.284794657156213 0.20230361655236473 0.15231128053894383 0.24684931673552965 0.2363450904914646
2.8559933214452666 0.6020477819515085 0.6775225927421985 0.3466394660541481 0.39390848415244095
3.4271919857343196 0.575398170924899 0.66001554900209 0.35014087480216977 0.38340425790837585
3.998390650023373 0.19530079905632136 0.18382395927113912 0.23459438611745376 0.243347907987508
4.569589314312426 0.03832097352001524 0.02275915686214103 0.09103662744856413 0.10154085369262923
5.140787978601479 0.015367293949650784 0.008753521870054244 0.06127465309037971 0.04901972247230377
5.711986642890533 0.013616589575639933 0.0052521131220325465 0.06302535746439054 0.03851549622823867
