0.0 0.009531612702947953 0.0 0.04201690497626037 0.02626056561016273
0.5711986642890533 0.008753521870054244 0.0 0.04551831372428206 0.024509861236151884
1.1423973285781066 0.011865885201629085 0.0035014087480216977 0.05952394871636886 0.036764791854227825
1.7135959928671598 0.0387100189364621 0.012254930618075942 0.09979014931861838 0.09979014931861838
2.284794657156213 0.17876636885733 0.18207325489712825 0.2713591779716816 0.18907607239317167
2.8559933214452666 0.6201383938162873 0.6845254102382419 0.40266200602249524 0.4656873634868858
3.4271919857343196 0.6442592096359924 0.6810240014902201 0.4411775022507339 0.47969299847897257
3.998390650023373 0.1879089361438311 0.1680676199050415 0.22759156862141033 0.2731098823456924
4.569589314312426 0.03209624685686556 0.015756339366097636 0.09803944494460753 0.08578451432653159
5.140787978601479 0.008558999161830816 0.0017507043740108488 0.02801126998417358 0.036764791854227825
5.711986642890533 0.010115180827618237 0.0017507043740108488 0.03501408748021698 0.03326338310620613
