0.0 0.006419249371373112 0.0 0.02801126998417358 0.019257748114119334
0.5711986642890533 0.008169953745383962 0.0 0.03501408748021698 0.02976197435818443
1.1423973285781066 0.013811112283863364 0.0017507043740108488 0.06302535746439054 0.04201690497626037
1.7135959928671598 0.03501408748021698 0.02626056561016273 0.09103662744856413 0.09628874057059668
2.284794657156213 0.18868702697672482 0.208333820507291 0.24159720361349715 0.23459438611745376
2.8559933214452666 0.6401742327633003 0.6792732971162093 0.45693384161683154 0.43242398038067964
3.4271919857343196 0.6248069388136496 0.6757718883681876 0.39390848415244095 0.49194792909704854
3.998390650023373 0.1795444596902237 0.1400563499208679 0.25035072548355136 0.243347907987508
4.569589314312426 0.034041473939099835 0.01750704374010849 0.10154085369262923 0.10154085369262923
5.140787978601479 0.012643976034522796 0.0017507043740108488 0.05777324434235801 0.04376760935027122
5.711986642890533 0.00739186291249025 0.0 0.03151267873219527 0.015756339366097636
