0.0 0.009337089994724527 0.0 0.02976197435818443 0.04201690497626037
0.5711986642890533 0.009142567286501098 0.0 0.03851549622823867 0.02801126998417358
1.1423973285781066 0.01400563499208679 0.0017507043740108488 0.054271835594336314 0.050770426846314616
1.7135959928671598 0.038126450811791814 0.015756339366097636 0.11029437556268347 0.09453803619658584
2.284794657156213 0.18557466364514996 0.1330535324248245 0.24684931673552965 0.266107064849649
2.8559933214452666 0.622278143606745 0.6495113227580249 0.43242398038067964 0.47444088535694
3.4271919857343196 0.6355056877659381 0.7738113333127952 0.41841834538859285 0.44642961537276643
3.998390650023373 0.18615823176982024 0.15931409803498722 0.2328436817434429 0.2118352292553127
4.569589314312426 0.031707201440418706 0.01750704374010849 0.09278733182257498 0.08928592307455328
5.140787978601479 0.012060407909852513 0.0 0.05602253996834716 0.03326338310620613
5.711986642890533 0.006808294787819967 0.0 0.03851549622823867 0.01400563499208679
