0.0 0.02139749790457704 0.01750704374010849 0.08053240120449905 0.04901972247230377
0.5711986642890533 0.021202975196353613 0.007002817496043395 0.0682774705864231 0.0682774705864231
1.1423973285781066 0.031707201440418706 0.021008452488130186 0.10329155806664007 0.08403380995252074
1.7135959928671598 0.08033787849627562 0.0682774705864231 0.1330535324248245 0.15231128053894383
2.284794657156213 0.23984649923948628 0.2871155173377792 0.20133100301124762 0.22233945549937778
2.8559933214452666 0.4802765666036428 0.5514718778134173 0.31687749169596363 0.32563101356601787
3.4271919857343196 0.48241631639410054 0.5007014509671027 0.30462256107788765 0.3308831266880504
3.998390650023373 0.25190690714933883 0.22409015987338865 0.25035072548355136 0.23109297736943205
4.569589314312426 0.08597903703475501 0.054271835594336314 0.13480423679883535 0.13480423679883535
5.140787978601479 0.035792178313110684 0.015756339366097636 0.09628874057059668 0.08928592307455328
5.711986642890533 0.01984131623878962 0.0035014087480216977 0.06127465309037971 0.06302535746439054
