0.0 0.0147837258249805 0.0 0.04551831372428206 0.05952394871636886
0.5711986642890533 0.02314820227858789 0.0 0.07352958370845565 0.0647760618384014
1.1423973285781066 0.02840031540062043 0.0035014087480216977 0.08403380995252074 0.08578451432653159
1.7135959928671598 0.08831330953343615 0.07528028808246649 0.13830564554685706 0.14530846304290046
2.284794657156213 0.2542411796480199 0.2486000211095405 0.25035072548355136 0.26085495172761647
2.8559933214452666 0.4886410430572502 0.5129563815851786 0.32563101356601787 0.31687749169596363
3.4271919857343196 0.48455606618455827 0.5829845565456127 0.33263383106206124 0.3028718567038768
3.998390650023373 0.23809579486547544 0.22759156862141033 0.25035072548355136 0.2293422729954212
4.569589314312426 0.08286667370318017 0.08228310557850989 0.11904789743273772 0.15581268928696554
5.140787978601479 0.026844133734833013 0.01400563499208679 0.0647760618384014 0.06302535746439054
5.711986642890533 0.020813929779906756 0.0035014087480216977 0.06652676621241226 0.06652676621241226
