0.0 0.007586385620713678 0.0 0.036764791854227825 0.015756339366097636
0.5711986642890533 0.008169953745383962 0.0 0.02976197435818443 0.03151267873219527
1.1423973285781066 0.010115180827618237 0.0017507043740108488 0.03851549622823867 0.03851549622823867
1.7135959928671598 0.03365242852265298 0.012254930618075942 0.09453803619658584 0.09628874057059668
2.284794657156213 0.18207325489712825 0.14530846304290046 0.23459438611745376 0.2801126998417358
2.8559933214452666 0.6139136671531377 0.6565141402540683 0.4341746847546905 0.4499310241207881
3.4271919857343196 0.6454263458853329 0.740547950206589 0.4271718672586471 0.4621859547388641
3.998390650023373 0.19043773135073566 0.16981832427905233 0.23109297736943205 0.2293422729954212
4.569589314312426 0.03890454164468553 0.024509861236151884 0.11904789743273772 0.09278733182257498
5.140787978601479 0.012449453326299369 0.0 0.06127465309037971 0.03326338310620613
5.711986642890533 0.007975431037160533 0.0 0.04376760935027122 0.021008452488130186
