0.0 0.011865885201629085 0.0 0.03151267873219527 0.054271835594336314
0.5711986642890533 0.010893271660511947 0.0017507043740108488 0.04026620060224952 0.04201690497626037
1.1423973285781066 0.014978248533203928 0.0017507043740108488 0.04901972247230377 0.04551831372428206
1.7135959928671598 0.042989518517377506 0.021008452488130186 0.10679296681466177 0.12254930618075942
2.284794657156213 0.19355009468231052 0.1435577586688896 0.23984649923948628 0.23109297736943205
2.8559933214452666 0.5956285325801354 0.7142873845964263 0.4079141191445278 0.3956591885264518
3.4271919857343196 0.5925161692485605 0.6617662533761008 0.38340425790837585 0.3991605972744735
3.998390650023373 0.20969547946485498 0.18557466364514996 0.26435636047563815 0.243347907987508
4.569589314312426 0.04863067705585691 0.021008452488130186 0.11379578431070517 0.12780141930279196
5.140787978601479 0.016728952907214777 0.0 0.06302535746439054 0.050770426846314616
5.711986642890533 0.01322754415919308 0.0 0.050770426846314616 0.03851549622823867
