0.0 0.010893271660511947 0.0017507043740108488 0.04901972247230377 0.02626056561016273
0.5711986642890533 0.009726135411171382 0.0 0.04026620060224952 0.03501408748021698
1.1423973285781066 0.011282317076958802 0.0035014087480216977 0.04551831372428206 0.03851549622823867
1.7135959928671598 0.03987715518580267 0.01750704374010849 0.11029437556268347 0.10854367118867263
2.284794657156213 0.18693632260271395 0.18557466364514996 0.2188380467513561 0.19082677676718252
2.8559933214452666 0.6141081898613611 0.7020324539783503 0.4131662322665603 0.4009113016484844
3.4271919857343196 0.5997135094528274 0.6565141402540683 0.38165355353436503 0.4411775022507339
3.998390650023373 0.20677763884150357 0.15756339366097638 0.27486058671970326 0.28886622171179005
4.569589314312426 0.042405950392707226 0.02275915686214103 0.10854367118867263 0.11904789743273772
5.140787978601479 0.016728952907214777 0.0 0.05952394871636886 0.0647760618384014
5.711986642890533 0.012254930618075942 0.0035014087480216977 0.04901972247230377 0.036764791854227825
