0.0 0.8346328629181368 0.8891827515601101 0.6253516023966752 0.5971652619751006
0.5711986642890533 0.39990207206817224 0.40353735820950065 0.4059883443331158 0.40073623121108326
1.1423973285781066 0.05842203478684438 0.03921577797784301 0.13760536379725272 0.1421571951696809
1.7135959928671598 0.008145924469662242 0.005077042684631461 0.02153366380033344 0.027486058671970324
2.284794657156213 0.006735062709429971 0.0057773244342358004 0.008053240120449903 0.0077030992456477345
2.8559933214452666 0.00807383664249709 0.007878169683048818 0.008578451432653159 0.0045518313724282064
3.4271919857343196 0.004181093975578851 0.0057773244342358004 0.005602253996834716 0.003676479185422782
3.998390650023373 0.0011225104515716617 0.0 0.005077042684631461 0.004201690497626037
4.569589314312426 0.004057514843295732 0.00017507043740108488 0.020833382050729102 0.022584086424739948
5.140787978601479 0.04980239031009685 0.029411833483382256 0.11974817918234205 0.12307451749296267
5.711986642890533 0.375629070835563 0.3646717211064598 0.3923328502158312 0.4173679227641863
