0.0 0.8425522256452799 0.9030133161147958 0.6190490666502362 0.6101204743427807
0.5711986642890533 0.4025487251512357 0.40161158339808867 0.41474186620317005 0.414566795765769
1.1423973285781066 0.05259321904749061 0.04131662322665603 0.12675099667838546 0.1271011375531876
1.7135959928671598 0.005653745301952682 0.0031512678732195276 0.02118352292553127 0.01908267767671825
2.284794657156213 0.002121441770860205 0.0007002817496043395 0.004376760935027122 0.0045518313724282064
2.8559933214452666 0.0008959487090526108 0.0 0.001400563499208679 0.0019257748114119336
3.4271919857343196 0.00025745652558983065 0.0 0.0005252113122032546 0.0015756339366097638
3.998390650023373 0.00041193044094372914 0.0 0.0022759156862141032 0.003676479185422782
4.569589314312426 0.004170795714555257 0.0005252113122032546 0.022058875112536694 0.022233945549937777
5.140787978601479 0.05069833901914946 0.030987467419992025 0.1332286028622256 0.13620480029804402
5.711986642890533 0.38880054668473873 0.36939862291628905 0.4051129921461104 0.4096648235185386
