0.0 0.8398437829960749 0.9061645839880152 0.6057437134077536 0.6025924455345342
0.5711986642890533 0.3997475981528183 0.3746507360383216 0.41386651401616464 0.43172369863107535
1.1423973285781066 0.053829010370321805 0.03623958054202457 0.14040649079567005 0.1271011375531876
1.7135959928671598 0.0045518313724282064 0.0008753521870054244 0.026785776922365983 0.021708734237734523
2.284794657156213 0.000587000878344814 0.0 0.0033263383106206124 0.0033263383106206124
2.8559933214452666 0.0005458078342504411 0.00035014087480216976 0.0015756339366097638 0.0
3.4271919857343196 0.0011945982787368145 0.0007002817496043395 0.0031512678732195276 0.00035014087480216976
3.998390650023373 0.0012769843669255604 0.0008753521870054244 0.0035014087480216977 0.0017507043740108488
4.569589314312426 0.004201690497626037 0.0022759156862141032 0.019958029863723675 0.01908267767671825
5.140787978601479 0.052685903396702954 0.034488876168013716 0.13392888461182992 0.12745127842798978
5.711986642890533 0.39224016586661886 0.39408355458984207 0.39846031552486916 0.4156172183901755
