0.0 0.8253953227799736 0.8839306384380775 0.6153725874648133 0.6018921637849298
0.5711986642890533 0.3960505224453484 0.37552608822532707 0.40843933045673103 0.4199939793252026
1.1423973285781066 0.05636238258212574 0.03904070754044193 0.1264008558035833 0.14408296998109285
1.7135959928671598 0.004304673107861969 0.0022759156862141032 0.02293422729954212 0.018382395927113913
2.284794657156213 0.0003707373968493562 0.0 0.002450986123615188 0.0022759156862141032
2.8559933214452666 0.0007517730547223056 0.0 0.002976197435818443 0.00035014087480216976
3.4271919857343196 0.0015756339366097638 0.0 0.004376760935027122 0.0007002817496043395
3.998390650023373 0.001493247848421018 0.0005252113122032546 0.004901972247230376 0.0026260565610162732
4.569589314312426 0.005159428772820207 0.0026260565610162732 0.022584086424739948 0.023284368174344285
5.140787978601479 0.05688759389432899 0.04219197541366145 0.1260507149287811 0.13760536379725272
5.711986642890533 0.4023530581917874 0.4045877808339071 0.4142166548909668 0.3995107381492757
