0.0 0.8434687708763797 0.9103662744856413 0.6066190655947591 0.6178235735884285
0.5711986642890533 0.3904997597536316 0.3785022856611455 0.418768486263395 0.4051129921461104
1.1423973285781066 0.05279918426796248 0.03623958054202457 0.1332286028622256 0.11712212262132578
1.7135959928671598 0.006426114878722174 0.002450986123615188 0.02521014298575622 0.020483241175926932
2.284794657156213 0.0012872826279491534 0.0005252113122032546 0.003676479185422782 0.002801126998417358
2.8559933214452666 0.00016477217637749165 0.0 0.0007002817496043395 0.00035014087480216976
3.4271919857343196 6.178956614155936e-05 0.0 0.00035014087480216976 0.00035014087480216976
3.998390650023373 0.00030894783070779683 0.0 0.002450986123615188 0.0019257748114119336
4.569589314312426 0.004150199192508071 0.0008753521870054244 0.018907607239317167 0.02275915686214103
5.140787978601479 0.05366423819394431 0.0323880309192007 0.13165296892561584 0.13848071598425815
5.711986642890533 0.39787331464652437 0.38935665278001275 0.4091396122063353 0.4234953880732243
