0.0 0.6819302484602964 0.74877626076444 0.49387370390846047 0.5211846921430296
0.5711986642890533 0.4155657270850575 0.4199939793252026 0.4040625695217039 0.3746507360383216
1.1423973285781066 0.10212785457097405 0.07528028808246649 0.18347381839633695 0.15808860497317964
1.7135959928671598 0.015498882840507808 0.0057773244342358004 0.05584746953094607 0.047444088535694
2.284794657156213 0.002667249605110646 0.00017507043740108488 0.016106480240899806 0.009453803619658583
2.8559933214452666 0.0013902652381850857 0.0 0.005602253996834716 0.0015756339366097638
3.4271919857343196 0.0015138443704682044 0.0 0.004376760935027122 0.002801126998417358
3.998390650023373 0.0034087243988093585 0.0005252113122032546 0.011204507993669432 0.013130282805081364
4.569589314312426 0.01624035763420652 0.009278733182257498 0.044292820662474475 0.05059535640891353
5.140787978601479 0.10205576674380888 0.07615564026947191 0.1643911407196187 0.1748953669636838
5.711986642890533 0.4083054530634243 0.41474186620317005 0.3674728481048772 0.3968846815882594
