0.0 0.8419137334618172 0.9161435989198771 0.6165980805266209 0.610470615217583
0.5711986642890533 0.37631905432414375 0.3538173539875925 0.3884813005930073 0.4052880625835115
1.1423973285781066 0.045003400673102406 0.02906169260858009 0.11519634780991385 0.12430001055477025
1.7135959928671598 0.003470513964950918 0.0008753521870054244 0.017331973302707405 0.021358593362932356
2.284794657156213 0.0004737200070852884 0.00035014087480216976 0.0007002817496043395 0.0017507043740108488
2.8559933214452666 0.001668318285822103 0.0021008452488130184 0.0031512678732195276 0.0021008452488130184
3.4271919857343196 0.00411930440943729 0.0031512678732195276 0.0052521131220325465 0.004201690497626037
3.998390650023373 0.006096570525967191 0.00682774705864231 0.009103662744856413 0.006652676621241225
4.569589314312426 0.00938171579249343 0.005952394871636886 0.02958690392078334 0.025035072548355138
5.140787978601479 0.05754668259983896 0.03956591885264518 0.1433826882314885 0.12517536274177568
5.711986642890533 0.4047113599661903 0.39285806152803443 0.42191975413661453 0.42437074026022975
