0.0 0.6681820699937995 0.7335451327105456 0.4921229995344496 0.4901972247230377
0.5711986642890533 0.39318760588078944 0.3991605972744735 0.3601198897340316 0.3818286239717661
1.1423973285781066 0.09706111014736618 0.0740547950206589 0.15843874584798182 0.17086874690345885
1.7135959928671598 0.016930341122787268 0.008053240120449903 0.04481803197467773 0.056197610405748236
2.284794657156213 0.007352958370845564 0.005427183559433631 0.016806761990504147 0.017156902865306318
2.8559933214452666 0.011379578431070516 0.014355775866888961 0.00892859230745533 0.00892859230745533
3.4271919857343196 0.009340522748399057 0.008578451432653159 0.010854367118867262 0.007528028808246649
3.998390650023373 0.00545807834250441 0.001400563499208679 0.019257748114119334 0.015231128053894384
4.569589314312426 0.017455552434990522 0.007878169683048818 0.060749441778176455 0.04709394766089183
5.140787978601479 0.10816263553079968 0.08473409170212508 0.18715029758175972 0.1771712826498979
5.711986642890533 0.4161939210074967 0.41351637314136247 0.3914574980288258 0.3785022856611455
