0.0 0.8430568404354359 0.9072150066124218 0.6111708969671873 0.6118711787167916
0.5711986642890533 0.3888623362508803 0.38165355353436503 0.3905821458418203 0.41631750013977986
1.1423973285781066 0.05034819814434729 0.030462256107788768 0.1272762079905887 0.1271011375531876
1.7135959928671598 0.0039030409279418336 0.0008753521870054244 0.017682114177509572 0.020483241175926932
2.284794657156213 0.0007620713157458988 0.00035014087480216976 0.0019257748114119336 0.0031512678732195276
2.8559933214452666 0.0009062469700762039 0.00017507043740108488 0.0007002817496043395 0.001400563499208679
3.4271919857343196 0.000813562620863865 0.0 0.0005252113122032546 0.0031512678732195276
3.998390650023373 0.0010504226244065092 0.0 0.0038515496228238673 0.005077042684631461
4.569589314312426 0.005025551379513496 0.0008753521870054244 0.026785776922365983 0.02363450904914646
5.140787978601479 0.05475585386244519 0.03221296048179961 0.14285747691928527 0.12324958793036375
5.711986642890533 0.40122024947919216 0.3968846815882594 0.4273469376960482 0.4152670775153733
