0.0 0.8066215929339631 0.8651981016361614 0.5873613174806398 0.5915630079782658
0.5711986642890533 0.39895463205400167 0.38760594840600193 0.40476285127130823 0.4086144008941321
1.1423973285781066 0.059276790451802626 0.0358894396672224 0.13830564554685706 0.1330535324248245
1.7135959928671598 0.005746429651165021 0.0007002817496043395 0.029236763045981173 0.024860002110954054
2.284794657156213 0.001843388723223188 0.001225493061807594 0.0064776061838401405 0.008403380995252074
2.8559933214452666 0.006374623573604208 0.005427183559433631 0.010679296681466178 0.004901972247230376
3.4271919857343196 0.011657631478707534 0.012955212367680281 0.00822831055785099 0.0077030992456477345
3.998390650023373 0.008032643598402719 0.007528028808246649 0.009803944494460752 0.009979014931861837
4.569589314312426 0.007867871422025226 0.004376760935027122 0.026435636047563816 0.02398464992394863
5.140787978601479 0.05665073389078635 0.04289225716326579 0.132003109800418 0.13270339155002234
5.711986642890533 0.38767803623316704 0.3869056666563976 0.3974098929004627 0.40493792170870935
