0.0 0.16364478780227723 0.15406198491295467 0.09453803619658584 0.17156902865306317
0.5711986642890533 0.1404249192627649 0.10854367118867263 0.1365549411728462 0.18907607239317167
1.1423973285781066 0.11499363467187049 0.08053240120449905 0.1435577586688896 0.1680676199050415
1.7135959928671598 0.11904789743273772 0.1260507149287811 0.19607888988921507 0.15406198491295467
2.284794657156213 0.168620473917887 0.17507043740108488 0.20308170738525846 0.16456621115701978
2.8559933214452666 0.21063737889414738 0.2556028386055839 0.20658311613328015 0.1260507149287811
3.4271919857343196 0.22077303579631546 0.2486000211095405 0.18907607239317167 0.11204507993669433
3.998390650023373 0.17949326950384914 0.18557466364514996 0.15756339366097638 0.1610648024089981
4.569589314312426 0.14429489735268364 0.1400563499208679 0.15406198491295467 0.1470591674169113
5.140787978601479 0.1382135032113828 0.1435577586688896 0.1365549411728462 0.18557466364514996
5.711986642890533 0.15056057616493299 0.1330535324248245 0.1330535324248245 0.17156902865306317
