0.0 0.1721218826659087 0.18207325489712825 0.1295521236768028 0.1330535324248245
0.5711986642890533 0.16088051773804957 0.1435577586688896 0.15406198491295467 0.17156902865306317
1.1423973285781066 0.14282061998509557 0.1365549411728462 0.20658311613328015 0.19607888988921507
1.7135959928671598 0.13360638643767003 0.11204507993669433 0.15756339366097638 0.15056057616493299
2.284794657156213 0.1559048316224398 0.15406198491295467 0.18557466364514996 0.11904789743273772
2.8559933214452666 0.17709756878151847 0.19958029863723675 0.11204507993669433 0.1610648024089981
3.4271919857343196 0.17746613812341552 0.22409015987338865 0.17156902865306317 0.1400563499208679
3.998390650023373 0.15332484622916065 0.15756339366097638 0.17857184614910657 0.18207325489712825
4.569589314312426 0.14374204333983812 0.15406198491295467 0.1400563499208679 0.1680676199050415
5.140787978601479 0.15332484622916065 0.15406198491295467 0.15056057616493299 0.17507043740108488
5.711986642890533 0.18041469285859169 0.1330535324248245 0.16456621115701978 0.15406198491295467
