0.0 0.18317896292281932 0.15756339366097638 0.1365549411728462 0.1365549411728462
0.5711986642890533 0.17801899213626105 0.20658311613328015 0.1680676199050415 0.17507043740108488
1.1423973285781066 0.14521632070742618 0.1365549411728462 0.16456621115701978 0.17156902865306317
1.7135959928671598 0.12973640834775133 0.1470591674169113 0.20308170738525846 0.1400563499208679
2.284794657156213 0.15369341557105767 0.17156902865306317 0.19257748114119336 0.15406198491295467
2.8559933214452666 0.18704894101273803 0.22058875112536694 0.15056057616493299 0.17156902865306317
3.4271919857343196 0.18170468555523125 0.22409015987338865 0.1365549411728462 0.17507043740108488
3.998390650023373 0.1559048316224398 0.17507043740108488 0.15756339366097638 0.1470591674169113
4.569589314312426 0.12512929157403854 0.12254930618075942 0.1365549411728462 0.11904789743273772
5.140787978601479 0.13379067110861853 0.08403380995252074 0.15406198491295467 0.1400563499208679
5.711986642890533 0.177281853452467 0.10504226244065092 0.15056057616493299 0.22058875112536694
