0.0 0.1277092769673177 0.11204507993669433 0.11204507993669433 0.15406198491295467
0.5711986642890533 0.1221807368388624 0.1365549411728462 0.11904789743273772 0.15756339366097638
1.1423973285781066 0.12199645216791388 0.1330535324248245 0.09803944494460753 0.1260507149287811
1.7135959928671598 0.1470591674169113 0.1680676199050415 0.17156902865306317 0.10504226244065092
2.284794657156213 0.20842596284276527 0.19257748114119336 0.18557466364514996 0.17156902865306317
2.8559933214452666 0.2556028386055839 0.2941183348338226 0.2486000211095405 0.16456621115701978
3.4271919857343196 0.25486569992178987 0.2801126998417358 0.18907607239317167 0.15056057616493299
3.998390650023373 0.19239319647024486 0.20308170738525846 0.20308170738525846 0.1610648024089981
4.569589314312426 0.11996932078748027 0.09803944494460753 0.1610648024089981 0.17156902865306317
5.140787978601479 0.09416946685468881 0.05602253996834716 0.1365549411728462 0.18557466364514996
5.711986642890533 0.1063322551372905 0.07703099245647733 0.1260507149287811 0.20308170738525846
