0.0 0.1280778463092147 0.16456621115701978 0.1295521236768028 0.1680676199050415
0.5711986642890533 0.11038651789815773 0.09103662744856413 0.1260507149287811 0.15756339366097638
1.1423973285781066 0.10043514566693816 0.05602253996834716 0.08753521870054244 0.15756339366097638
1.7135959928671598 0.13121068571533942 0.10154085369262923 0.11904789743273772 0.15756339366097638
2.284794657156213 0.1842846709485104 0.18557466364514996 0.17857184614910657 0.21008452488130183
2.8559933214452666 0.24657288972910693 0.21708734237734525 0.21358593362932354 0.17156902865306317
3.4271919857343196 0.2530228532123048 0.2591042473536056 0.18907607239317167 0.16456621115701978
3.998390650023373 0.2019759993595674 0.21008452488130183 0.23459438611745376 0.15406198491295467
4.569589314312426 0.1489020141263964 0.16456621115701978 0.1680676199050415 0.15756339366097638
5.140787978601479 0.12162788282601686 0.16456621115701978 0.1680676199050415 0.10504226244065092
5.711986642890533 0.12420786821929601 0.1365549411728462 0.1365549411728462 0.1470591674169113
