0.0 0.1378449338694858 0.08053240120449905 0.10504226244065092 0.23109297736943205
0.5711986642890533 0.13415924045051558 0.11554648868471602 0.11904789743273772 0.15756339366097638
1.1423973285781066 0.12125931348411985 0.09103662744856413 0.15406198491295467 0.1295521236768028
1.7135959928671598 0.1562734009643368 0.17156902865306317 0.18907607239317167 0.15756339366097638
2.284794657156213 0.21395450297122057 0.2801126998417358 0.20658311613328015 0.15756339366097638
2.8559933214452666 0.26684420353344307 0.266107064849649 0.19607888988921507 0.1295521236768028
3.4271919857343196 0.23109297736943205 0.2626056561016273 0.19958029863723675 0.1365549411728462
3.998390650023373 0.16198622576374064 0.19257748114119336 0.17507043740108488 0.1400563499208679
4.569589314312426 0.11241364927859133 0.09103662744856413 0.1330535324248245 0.15406198491295467
5.140787978601479 0.10725367849203304 0.11204507993669433 0.1435577586688896 0.1680676199050415
5.711986642890533 0.10762224783393007 0.08753521870054244 0.1295521236768028 0.18907607239317167
