0.0 0.12070645947127431 0.05602253996834716 0.1470591674169113 0.21008452488130183
0.5711986642890533 0.1137036419752309 0.10854367118867263 0.09103662744856413 0.17156902865306317
1.1423973285781066 0.1009879996797837 0.06652676621241226 0.10504226244065092 0.1295521236768028
1.7135959928671598 0.11794218940704665 0.11554648868471602 0.1295521236768028 0.1400563499208679
2.284794657156213 0.17341187536254826 0.21008452488130183 0.15756339366097638 0.10504226244065092
2.8559933214452666 0.25357570722515027 0.2591042473536056 0.20308170738525846 0.15406198491295467
3.4271919857343196 0.2749527290551775 0.33963664855810466 0.22058875112536694 0.15056057616493299
3.998390650023373 0.2204044664544184 0.3116253785739311 0.18907607239317167 0.16456621115701978
4.569589314312426 0.15056057616493299 0.1365549411728462 0.20658311613328015 0.1435577586688896
5.140787978601479 0.11517791934281899 0.06652676621241226 0.1435577586688896 0.18907607239317167
5.711986642890533 0.10928080987246666 0.08053240120449905 0.15756339366097638 0.19257748114119336
