0.0 0.11499363467187049 0.11204507993669433 0.1295521236768028 0.15406198491295467
0.5711986642890533 0.10670082447918752 0.08053240120449905 0.09453803619658584 0.18907607239317167
1.1423973285781066 0.09140519679046115 0.06652676621241226 0.10504226244065092 0.18557466364514996
1.7135959928671598 0.12844641565111176 0.1330535324248245 0.1435577586688896 0.20658311613328015
2.284794657156213 0.19073463443170824 0.22058875112536694 0.17857184614910657 0.15406198491295467
2.8559933214452666 0.26684420353344307 0.32913242231403955 0.19607888988921507 0.1680676199050415
3.4271919857343196 0.2769798604356111 0.3641465097942565 0.24509861236151884 0.17156902865306317
3.998390650023373 0.20750453948802272 0.19958029863723675 0.21708734237734525 0.11904789743273772
4.569589314312426 0.1378449338694858 0.11554648868471602 0.15756339366097638 0.12254930618075942
5.140787978601479 0.10835938651772412 0.06652676621241226 0.11204507993669433 0.11204507993669433
5.711986642890533 0.12089074414222281 0.06302535746439054 0.17156902865306317 0.1680676199050415
