0.0 0.186311802328944 0.15406198491295467 0.17507043740108488 0.21708734237734525
0.5711986642890533 0.168620473917887 0.1365549411728462 0.1400563499208679 0.21358593362932354
1.1423973285781066 0.1400563499208679 0.11204507993669433 0.1400563499208679 0.17156902865306317
1.7135959928671598 0.13231639374103046 0.16456621115701978 0.1435577586688896 0.1610648024089981
2.284794657156213 0.15830053234477043 0.19607888988921507 0.17507043740108488 0.15756339366097638
2.8559933214452666 0.20861024751371376 0.23109297736943205 0.1330535324248245 0.09453803619658584
3.4271919857343196 0.20271313804336144 0.22759156862141033 0.12254930618075942 0.1680676199050415
3.998390650023373 0.14761202142975682 0.16456621115701978 0.18557466364514996 0.1365549411728462
4.569589314312426 0.1170207660523041 0.10504226244065092 0.17507043740108488 0.1400563499208679
5.140787978601479 0.13121068571533942 0.11904789743273772 0.18557466364514996 0.1365549411728462
5.711986642890533 0.1579319630028734 0.1400563499208679 0.17507043740108488 0.15406198491295467
