0.0 0.13176353972818491 0.15056057616493299 0.09453803619658584 0.17507043740108488
0.5711986642890533 0.11960075144558323 0.11554648868471602 0.09803944494460753 0.15406198491295467
1.1423973285781066 0.1256821455868841 0.17507043740108488 0.1295521236768028 0.1470591674169113
1.7135959928671598 0.1404249192627649 0.1435577586688896 0.15756339366097638 0.1330535324248245
2.284794657156213 0.17709756878151847 0.11904789743273772 0.18557466364514996 0.15406198491295467
2.8559933214452666 0.21856161974493332 0.17857184614910657 0.18207325489712825 0.1470591674169113
3.4271919857343196 0.23348867809176266 0.2486000211095405 0.2556028386055839 0.17156902865306317
3.998390650023373 0.18336324759376785 0.19607888988921507 0.22409015987338865 0.1435577586688896
4.569589314312426 0.1525877075453666 0.15406198491295467 0.1610648024089981 0.19257748114119336
5.140787978601479 0.14060920393371343 0.1330535324248245 0.1365549411728462 0.17156902865306317
5.711986642890533 0.12752499229636918 0.1365549411728462 0.1260507149287811 0.1610648024089981
