0.0 0.0002596738545183556 0.0 0.0 0.0
0.2026833970057931 0.0 0.0 0.0 0.0
0.4053667940115862 0.0 0.0 0.0 0.0
0.6080501910173793 0.0 0.0 0.0 0.0
0.8107335880231724 0.0002596738545183556 0.0 0.004933803235848756 0.0
1.0134169850289656 0.0002596738545183556 0.0 0.0 0.0
1.2161003820347587 0.003635433963256978 0.004933803235848756 0.009867606471697512 0.004933803235848756
1.4187837790405518 0.0070111940719956006 0.0 0.024669016179243778 0.024669016179243778
1.6214671760463448 0.023110973052133648 0.019735212943395024 0.06413944206603382 0.07400704853773134
1.824150573052138 0.05401216173981795 0.009867606471697512 0.11841127766037014 0.15294790031131142
2.026833970057931 0.12256605933266382 0.11841127766037014 0.1776169164905552 0.24175635855658903
2.2295173670637243 0.20358430194239074 0.15294790031131142 0.1874845229622527 0.3009619973867741
2.4322007640695174 0.36224502705310596 0.34043242327356416 0.28122678444337906 0.39470425886790045
2.6348841610753104 0.5515472669969872 0.5180493397641194 0.43417468475469045 0.4933803235848756
2.8375675580811035 0.6821632158197201 0.7795409112641034 0.5377845527075144 0.5476521591792118
3.0402509550868966 0.7525348303941943 0.8190113371508935 0.6364606174244894 0.5871225850660019
3.2429343520926897 0.6868373452010504 0.7795409112641034 0.5427183559433632 0.5328507494716656
3.4456177490984827 0.5497295500153587 0.646328223896187 0.5821887818301531 0.46377750416978303
3.648301146104276 0.40275414835796947 0.3897704556320517 0.4539098976980855 0.3354986200377154
3.850984543110069 0.26045287608191064 0.1874845229622527 0.3354986200377154 0.23682255532074029
4.053667940115862 0.14411898925768735 0.10854367118867261 0.21215353914149648 0.222021145613194
4.2563513371216555 0.07037161457447436 0.014801409707546268 0.16281550678300893 0.13814649060376516
4.4590347341274486 0.03791238275967991 0.03947042588679005 0.10854367118867261 0.09867606471697511
4.661718131133242 0.012464345016881068 0.004933803235848756 0.024669016179243778 0.049338032358487556
4.864401528139035 0.003635433963256978 0.0 0.014801409707546268 0.03453662265094129
5.067084925144828 0.0010386954180734223 0.0 0.009867606471697512 0.0
5.269768322150621 0.0007790215635550667 0.0 0.004933803235848756 0.0
5.472451719156414 0.0 0.0 0.0 0.0
5.675135116162207 0.0 0.0 0.0 0.0
5.877818513168 0.0005193477090367112 0.0 0.004933803235848756 0.0
6.080501910173793 0.0 0.0 0.0 0.0
