0.0 0.032199557960276085 0.024669016179243778 0.0444042291226388 0.0444042291226388
0.2026833970057931 0.03895107817775333 0.049338032358487556 0.03453662265094129 0.03453662265094129
0.4053667940115862 0.05972498653922178 0.0888084582452776 0.08387465500942885 0.05920563883018507
0.6080501910173793 0.06465878977507053 0.09374226148112635 0.09867606471697511 0.024669016179243778
0.8107335880231724 0.07504574395580475 0.11347747442452137 0.09374226148112635 0.0444042291226388
1.0134169850289656 0.07192965770158449 0.10854367118867261 0.08387465500942885 0.024669016179243778
1.2161003820347587 0.08906813209979596 0.11347747442452137 0.13814649060376516 0.029602819415092536
1.4187837790405518 0.10438888951637894 0.09867606471697511 0.14801409707546268 0.03947042588679005
1.6214671760463448 0.13425138278598983 0.13814649060376516 0.20721973590564774 0.11347747442452137
1.824150573052138 0.1622961590739722 0.1332126873679164 0.21215353914149648 0.18255071972640394
2.026833970057931 0.22357918874030414 0.1776169164905552 0.2664253747358328 0.2664253747358328
2.2295173670637243 0.29550884644188863 0.28122678444337906 0.29109439091507655 0.3206972103301691
2.4322007640695174 0.35471448527207367 0.3206972103301691 0.26149157149998403 0.2664253747358328
2.6348841610753104 0.439627835699576 0.5131155365282706 0.35030002974526164 0.42430707828299297
2.8375675580811035 0.5245411861270782 0.5673873721226069 0.34043242327356416 0.4539098976980855
3.0402509550868966 0.5544036793966891 0.6364606174244894 0.44897609446223674 0.48351271711317806
3.2429343520926897 0.5235024907090048 0.6117916012452457 0.43910848799053925 0.3996380621037492
3.4456177490984827 0.4180749057745524 0.404571865339598 0.38483665239620296 0.4539098976980855
3.648301146104276 0.30641514833165956 0.21708734237734523 0.2664253747358328 0.29602819415092535
3.850984543110069 0.15840105125619688 0.1332126873679164 0.2466901617924378 0.2466901617924378
4.053667940115862 0.09400193533564472 0.03947042588679005 0.1776169164905552 0.1332126873679164
4.2563513371216555 0.04570259839523058 0.024669016179243778 0.09374226148112635 0.09374226148112635
4.4590347341274486 0.020773908361468443 0.009867606471697512 0.09374226148112635 0.0888084582452776
4.661718131133242 0.010646628035252577 0.004933803235848756 0.029602819415092536 0.05427183559433631
4.864401528139035 0.007530541781032311 0.0 0.019735212943395024 0.0444042291226388
5.067084925144828 0.013243366580436133 0.0 0.0 0.06413944206603382
5.269768322150621 0.015061083562064622 0.0 0.0 0.019735212943395024
5.472451719156414 0.023889994615688713 0.0 0.0 0.0888084582452776
5.675135116162207 0.019735212943395024 0.0 0.009867606471697512 0.0444042291226388
5.877818513168 0.02285129919761529 0.009867606471697512 0.024669016179243778 0.05920563883018507
6.080501910173793 0.029083471706055825 0.019735212943395024 0.0444042291226388 0.03453662265094129
