0.0 0.023370646906652002 0.009867606471697512 0.0444042291226388 0.004933803235848756
0.2026833970057931 0.023370646906652002 0.019735212943395024 0.03453662265094129 0.029602819415092536
0.4053667940115862 0.02622705930635391 0.019735212943395024 0.019735212943395024 0.0444042291226388
0.6080501910173793 0.03375760108738622 0.024669016179243778 0.029602819415092536 0.03947042588679005
0.8107335880231724 0.03401727494190458 0.029602819415092536 0.029602819415092536 0.049338032358487556
1.0134169850289656 0.03297857952383116 0.0444042291226388 0.019735212943395024 0.03947042588679005
1.2161003820347587 0.034276948796422936 0.0444042291226388 0.05427183559433631 0.03453662265094129
1.4187837790405518 0.03869140432323498 0.03453662265094129 0.019735212943395024 0.049338032358487556
1.6214671760463448 0.05193477090367111 0.08387465500942885 0.0444042291226388 0.06907324530188258
1.824150573052138 0.06336042050247875 0.05427183559433631 0.0789408517735801 0.07400704853773134
2.026833970057931 0.08673106740913075 0.08387465500942885 0.11841127766037014 0.14308029383961393
2.2295173670637243 0.11243877900644796 0.0789408517735801 0.10854367118867261 0.21708734237734523
2.4322007640695174 0.1596994205287887 0.09374226148112635 0.10854367118867261 0.28616058767922786
2.6348841610753104 0.21111484372342304 0.15294790031131142 0.1874845229622527 0.32563101356601787
2.8375675580811035 0.28875732622441136 0.28616058767922786 0.24175635855658903 0.3700352426886567
3.0402509550868966 0.38379795697812946 0.44897609446223674 0.2762929812075303 0.36016763621695913
3.2429343520926897 0.4588437009339343 0.5081817332924218 0.3108296038584716 0.36016763621695913
3.4456177490984827 0.4936399974393939 0.5081817332924218 0.3897704556320517 0.46377750416978303
3.648301146104276 0.47416445835051724 0.5081817332924218 0.3749690459245054 0.46871130740563177
3.850984543110069 0.4136604502477404 0.4193732750471443 0.34043242327356416 0.38483665239620296
4.053667940115862 0.3435485095277844 0.3108296038584716 0.3453662265094129 0.28616058767922786
4.2563513371216555 0.2851218922611544 0.3700352426886567 0.28122678444337906 0.24175635855658903
4.4590347341274486 0.21293256070505154 0.23682255532074029 0.2762929812075303 0.1578817035471602
4.661718131133242 0.178915285763147 0.1874845229622527 0.2762929812075303 0.1677493100188577
4.864401528139035 0.14100290300346707 0.1332126873679164 0.222021145613194 0.09867606471697511
5.067084925144828 0.10594693264348906 0.0789408517735801 0.1776169164905552 0.024669016179243778
5.269768322150621 0.07530541781032311 0.03947042588679005 0.17268311325470645 0.049338032358487556
5.472451719156414 0.04881868464945085 0.029602819415092536 0.13814649060376516 0.03453662265094129
5.675135116162207 0.04024944745034511 0.0444042291226388 0.08387465500942885 0.019735212943395024
5.877818513168 0.02986249326961089 0.024669016179243778 0.07400704853773134 0.024669016179243778
6.080501910173793 0.02726575472442733 0.024669016179243778 0.05427183559433631 0.014801409707546268
