0.0 0.0012983692725917777 0.0 0.0 0.004933803235848756
0.2026833970057931 0.0010386954180734223 0.0 0.0 0.004933803235848756
0.4053667940115862 0.0015580431271101335 0.0 0.009867606471697512 0.0
0.6080501910173793 0.001817716981628489 0.0 0.009867606471697512 0.0
0.8107335880231724 0.003375760108738622 0.0 0.009867606471697512 0.0
1.0134169850289656 0.005972498653922178 0.0 0.029602819415092536 0.009867606471697512
1.2161003820347587 0.005193477090367111 0.0 0.03453662265094129 0.009867606471697512
1.4187837790405518 0.00882891105362409 0.0 0.03453662265094129 0.014801409707546268
1.6214671760463448 0.014801409707546268 0.0 0.019735212943395024 0.03453662265094129
1.824150573052138 0.028304450142500756 0.009867606471697512 0.0444042291226388 0.0789408517735801
2.026833970057931 0.05686857413951987 0.049338032358487556 0.05920563883018507 0.08387465500942885
2.2295173670637243 0.11088073587933782 0.10360986795282387 0.10360986795282387 0.20721973590564774
2.4322007640695174 0.20254560652431733 0.21215353914149648 0.222021145613194 0.2713591779716816
2.6348841610753104 0.32043753647565076 0.35030002974526164 0.2762929812075303 0.25162396502828654
2.8375675580811035 0.4497551160257918 0.46871130740563177 0.43910848799053925 0.3749690459245054
3.0402509550868966 0.5894596497566671 0.5476521591792118 0.5525859624150606 0.5131155365282706
3.2429343520926897 0.6533394179681825 0.7795409112641034 0.7548718950848596 0.36016763621695913
3.4456177490984827 0.6411347468058199 0.6956662562546745 0.6364606174244894 0.3651014394528079
3.648301146104276 0.5666083505590519 0.5871225850660019 0.5723211753584557 0.3749690459245054
3.850984543110069 0.4604017440610444 0.5575197656509094 0.4785789138773293 0.40950566857544674
4.053667940115862 0.32355362272987104 0.3206972103301691 0.29109439091507655 0.3897704556320517
4.2563513371216555 0.20618104048757432 0.1578817035471602 0.1874845229622527 0.34043242327356416
4.4590347341274486 0.12204671162362711 0.06907324530188258 0.09374226148112635 0.21708734237734523
4.661718131133242 0.0724490054106212 0.024669016179243778 0.024669016179243778 0.222021145613194
4.864401528139035 0.03609466577805142 0.0 0.024669016179243778 0.10854367118867261
5.067084925144828 0.022072277634060222 0.0 0.004933803235848756 0.10854367118867261
5.269768322150621 0.010906301889770932 0.0 0.019735212943395024 0.06413944206603382
5.472451719156414 0.0070111940719956006 0.0 0.0 0.05427183559433631
5.675135116162207 0.004933803235848756 0.0 0.0 0.03453662265094129
5.877818513168 0.003635433963256978 0.0 0.0 0.019735212943395024
6.080501910173793 0.0012983692725917777 0.0 0.0 0.004933803235848756
