0.0 0.0010386954180734223 0.0 0.0 0.0
0.2026833970057931 0.0028564123997019113 0.0 0.004933803235848756 0.0
0.4053667940115862 0.008569237199105734 0.014801409707546268 0.004933803235848756 0.024669016179243778
0.6080501910173793 0.011425649598807645 0.019735212943395024 0.019735212943395024 0.0444042291226388
0.8107335880231724 0.016619126689174757 0.024669016179243778 0.024669016179243778 0.03947042588679005
1.0134169850289656 0.02518836388828049 0.029602819415092536 0.024669016179243778 0.03453662265094129
1.2161003820347587 0.04128814286841853 0.03947042588679005 0.009867606471697512 0.10854367118867261
1.4187837790405518 0.05972498653922178 0.03453662265094129 0.0789408517735801 0.14308029383961393
1.6214671760463448 0.07868117791906173 0.049338032358487556 0.09867606471697511 0.14801409707546268
1.824150573052138 0.140223881439912 0.08387465500942885 0.25162396502828654 0.23188875208489151
2.026833970057931 0.21552929925023512 0.222021145613194 0.16281550678300893 0.3453662265094129
2.2295173670637243 0.3142053639672102 0.24175635855658903 0.3009619973867741 0.36016763621695913
2.4322007640695174 0.451313159152902 0.43417468475469045 0.38483665239620296 0.4144394718112955
2.6348841610753104 0.5393425958346245 0.6216592077169432 0.42430707828299297 0.43910848799053925
2.8375675580811035 0.6406153990967832 0.7351366821414645 0.6167254044810945 0.44897609446223674
3.0402509550868966 0.6315268141886408 0.705533862726372 0.43417468475469045 0.46871130740563177
3.2429343520926897 0.576216283176231 0.6808648465471283 0.5377845527075144 0.42430707828299297
3.4456177490984827 0.45650663624326904 0.4539098976980855 0.43910848799053925 0.33056481680186667
3.648301146104276 0.30953123458587983 0.3009619973867741 0.3552338329811104 0.3354986200377154
3.850984543110069 0.18618615368966093 0.11347747442452137 0.35030002974526164 0.21708734237734523
4.053667940115862 0.10698562806156249 0.0789408517735801 0.1677493100188577 0.10360986795282387
4.2563513371216555 0.05037672777656098 0.019735212943395024 0.09867606471697511 0.07400704853773134
4.4590347341274486 0.03349792723286787 0.009867606471697512 0.05427183559433631 0.05920563883018507
4.661718131133242 0.015061083562064622 0.019735212943395024 0.06413944206603382 0.0444042291226388
4.864401528139035 0.008569237199105734 0.0 0.009867606471697512 0.06907324530188258
5.067084925144828 0.0025967385451835553 0.0 0.014801409707546268 0.009867606471697512
5.269768322150621 0.0012983692725917777 0.0 0.0 0.009867606471697512
5.472451719156414 0.0012983692725917777 0.0 0.0 0.004933803235848756
5.675135116162207 0.0025967385451835553 0.0 0.0 0.0
5.877818513168 0.0015580431271101335 0.0 0.0 0.0
6.080501910173793 0.003375760108738622 0.0 0.0 0.0
