0.0 0.003895107817775333 0.0 0.019735212943395024 0.014801409707546268
0.2026833970057931 0.005453150944885466 0.0 0.0 0.0
0.4053667940115862 0.0046741293813303995 0.0 0.0 0.009867606471697512
0.6080501910173793 0.009867606471697512 0.0 0.004933803235848756 0.029602819415092536
0.8107335880231724 0.003635433963256978 0.0 0.004933803235848756 0.004933803235848756
1.0134169850289656 0.003635433963256978 0.0 0.0 0.009867606471697512
1.2161003820347587 0.0046741293813303995 0.0 0.009867606471697512 0.014801409707546268
1.4187837790405518 0.007530541781032311 0.0 0.004933803235848756 0.03453662265094129
1.6214671760463448 0.014282061998509557 0.0 0.029602819415092536 0.07400704853773134
1.824150573052138 0.04258651214101031 0.029602819415092536 0.06907324530188258 0.14308029383961393
2.026833970057931 0.08673106740913075 0.10360986795282387 0.21708734237734523 0.16281550678300893
2.2295173670637243 0.1607381159468621 0.15294790031131142 0.1874845229622527 0.28122678444337906
2.4322007640695174 0.2794090674617506 0.2762929812075303 0.32563101356601787 0.4193732750471443
2.6348841610753104 0.440406857263131 0.36016763621695913 0.3996380621037492 0.4884465203490268
2.8375675580811035 0.5845258465208184 0.7746071080282546 0.4588437009339343 0.5427183559433632
3.0402509550868966 0.7335786390143544 0.7992761242074984 0.49831412682072435 0.6216592077169432
3.2429343520926897 0.7237110325426569 0.7844747144999522 0.5427183559433632 0.5081817332924218
3.4456177490984827 0.6247752939711635 0.6167254044810945 0.5180493397641194 0.46871130740563177
3.648301146104276 0.4661145688604483 0.3996380621037492 0.4193732750471443 0.3651014394528079
3.850984543110069 0.30719416989521464 0.28616058767922786 0.35030002974526164 0.23682255532074029
4.053667940115862 0.1719040916911514 0.1776169164905552 0.29602819415092535 0.1776169164905552
4.2563513371216555 0.09789704315342004 0.06907324530188258 0.202285932669799 0.07400704853773134
4.4590347341274486 0.04362520755908373 0.03453662265094129 0.11347747442452137 0.05920563883018507
4.661718131133242 0.03869140432323498 0.0444042291226388 0.0789408517735801 0.07400704853773134
4.864401528139035 0.024149668470207067 0.019735212943395024 0.049338032358487556 0.019735212943395024
5.067084925144828 0.013243366580436133 0.0 0.024669016179243778 0.014801409707546268
5.269768322150621 0.009867606471697512 0.004933803235848756 0.029602819415092536 0.009867606471697512
5.472451719156414 0.007270867926513956 0.0 0.024669016179243778 0.004933803235848756
5.675135116162207 0.008309563344587378 0.0 0.019735212943395024 0.024669016179243778
5.877818513168 0.007530541781032311 0.0 0.024669016179243778 0.03453662265094129
6.080501910173793 0.003895107817775333 0.0 0.009867606471697512 0.009867606471697512
