0.0 0.034796296505459644 0.0888084582452776 0.029602819415092536 0.014801409707546268
0.2026833970057931 0.03168021025123938 0.0789408517735801 0.029602819415092536 0.009867606471697512
0.4053667940115862 0.027525428578945688 0.05427183559433631 0.004933803235848756 0.009867606471697512
0.6080501910173793 0.037393035050643196 0.06413944206603382 0.004933803235848756 0.024669016179243778
0.8107335880231724 0.046741293813304004 0.06413944206603382 0.009867606471697512 0.06413944206603382
1.0134169850289656 0.03375760108738622 0.024669016179243778 0.014801409707546268 0.06907324530188258
1.2161003820347587 0.04310585985004702 0.03947042588679005 0.014801409707546268 0.07400704853773134
1.4187837790405518 0.05219444475818947 0.019735212943395024 0.0444042291226388 0.1233450808962189
1.6214671760463448 0.06933291915640094 0.05427183559433631 0.03947042588679005 0.1578817035471602
1.824150573052138 0.08361498115491049 0.029602819415092536 0.06907324530188258 0.1874845229622527
2.026833970057931 0.13529007820406325 0.0789408517735801 0.19735212943395022 0.25162396502828654
2.2295173670637243 0.2144906038321617 0.11347747442452137 0.1677493100188577 0.3157634070943204
2.4322007640695174 0.330824490656385 0.3206972103301691 0.2565577682641353 0.3749690459245054
2.6348841610753104 0.43910848799053925 0.5229831429999681 0.3552338329811104 0.36016763621695913
2.8375675580811035 0.5159719489279725 0.745004288613162 0.3552338329811104 0.3453662265094129
3.0402509550868966 0.5354474880168492 0.5377845527075144 0.4785789138773293 0.44897609446223674
3.2429343520926897 0.46299848260622795 0.36016763621695913 0.4292408815188417 0.42430707828299297
3.4456177490984827 0.4121024071206303 0.43417468475469045 0.39470425886790045 0.404571865339598
3.648301146104276 0.3020006928048475 0.33056481680186667 0.32563101356601787 0.2713591779716816
3.850984543110069 0.25967385451835556 0.22695494884904274 0.36016763621695913 0.23682255532074029
4.053667940115862 0.19605376016135845 0.1578817035471602 0.29602819415092535 0.23682255532074029
4.2563513371216555 0.14827377092998104 0.0888084582452776 0.20721973590564774 0.15294790031131142
4.4590347341274486 0.11114040973385617 0.11841127766037014 0.18255071972640394 0.1233450808962189
4.661718131133242 0.0841343288639472 0.05920563883018507 0.1578817035471602 0.11347747442452137
4.864401528139035 0.05894596497566671 0.09374226148112635 0.06907324530188258 0.05920563883018507
5.067084925144828 0.053233140176262884 0.03947042588679005 0.13814649060376516 0.029602819415092536
5.269768322150621 0.04959770621300591 0.014801409707546268 0.05920563883018507 0.03453662265094129
5.472451719156414 0.04726064152234071 0.03947042588679005 0.09374226148112635 0.014801409707546268
5.675135116162207 0.046221946104267296 0.0444042291226388 0.05920563883018507 0.0
5.877818513168 0.032199557960276085 0.03453662265094129 0.0444042291226388 0.0
6.080501910173793 0.03869140432323498 0.05427183559433631 0.0444042291226388 0.0
