0.0 0.003635433963256978 0.0 0.014801409707546268 0.004933803235848756
0.2026833970057931 0.005712824799403823 0.0 0.0444042291226388 0.0
0.4053667940115862 0.010127280326215867 0.0 0.03947042588679005 0.019735212943395024
0.6080501910173793 0.016099778980138042 0.0 0.03453662265094129 0.009867606471697512
0.8107335880231724 0.021812603779541865 0.0 0.03947042588679005 0.03453662265094129
1.0134169850289656 0.03687368734160649 0.014801409707546268 0.024669016179243778 0.05920563883018507
1.2161003820347587 0.041807490577455246 0.024669016179243778 0.029602819415092536 0.0444042291226388
1.4187837790405518 0.05401216173981795 0.07400704853773134 0.03947042588679005 0.05427183559433631
1.6214671760463448 0.06751520217477244 0.0789408517735801 0.0444042291226388 0.09867606471697511
1.824150573052138 0.07556509166484146 0.11841127766037014 0.06907324530188258 0.0789408517735801
2.026833970057931 0.10646628035252577 0.10360986795282387 0.13814649060376516 0.12827888413206764
2.2295173670637243 0.17398148252729823 0.23188875208489151 0.1578817035471602 0.24175635855658903
2.4322007640695174 0.27395591651686513 0.3453662265094129 0.19241832619810148 0.30589580062262284
2.6348841610753104 0.38717371708686815 0.46377750416978303 0.33056481680186667 0.37990284916035416
2.8375675580811035 0.4926013020213205 0.4539098976980855 0.42430707828299297 0.42430707828299297
3.0402509550868966 0.5795920432849696 0.4785789138773293 0.444042291226388 0.5377845527075144
3.2429343520926897 0.5884209543385938 0.606857798009397 0.5624535688867581 0.5279169462358169
3.4456177490984827 0.5603761780506114 0.6364606174244894 0.5131155365282706 0.5673873721226069
3.648301146104276 0.5102591241285687 0.6216592077169432 0.39470425886790045 0.4292408815188417
3.850984543110069 0.37444969821546875 0.33056481680186667 0.35030002974526164 0.3897704556320517
4.053667940115862 0.25811581139124545 0.15294790031131142 0.32563101356601787 0.28122678444337906
4.2563513371216555 0.13139497038628792 0.08387465500942885 0.222021145613194 0.16281550678300893
4.4590347341274486 0.0789408517735801 0.03947042588679005 0.1677493100188577 0.08387465500942885
4.661718131133242 0.03869140432323498 0.019735212943395024 0.14801409707546268 0.03453662265094129
4.864401528139035 0.023630320761170356 0.024669016179243778 0.0888084582452776 0.014801409707546268
5.067084925144828 0.011944997307844357 0.029602819415092536 0.05427183559433631 0.019735212943395024
5.269768322150621 0.005193477090367111 0.0 0.014801409707546268 0.0
5.472451719156414 0.0020773908361468446 0.0 0.009867606471697512 0.0
5.675135116162207 0.0010386954180734223 0.0 0.0 0.0
5.877818513168 0.0012983692725917777 0.0 0.009867606471697512 0.0
6.080501910173793 0.0010386954180734223 0.0 0.004933803235848756 0.0
