0.0 0.0010386954180734223 0.0 0.0 0.0
0.2026833970057931 0.0 0.0 0.0 0.0
0.4053667940115862 0.001817716981628489 0.0 0.014801409707546268 0.0
0.6080501910173793 0.0007790215635550667 0.0 0.004933803235848756 0.0
0.8107335880231724 0.001817716981628489 0.0 0.004933803235848756 0.014801409707546268
1.0134169850289656 0.0012983692725917777 0.0 0.0 0.014801409707546268
1.2161003820347587 0.0046741293813303995 0.0 0.019735212943395024 0.024669016179243778
1.4187837790405518 0.00882891105362409 0.0 0.014801409707546268 0.049338032358487556
1.6214671760463448 0.023889994615688713 0.0 0.004933803235848756 0.06413944206603382
1.824150573052138 0.0420671644319736 0.009867606471697512 0.03453662265094129 0.10360986795282387
2.026833970057931 0.08802943668172254 0.03947042588679005 0.0888084582452776 0.19241832619810148
2.2295173670637243 0.15502529114745828 0.1233450808962189 0.202285932669799 0.21215353914149648
2.4322007640695174 0.28434287069759934 0.3009619973867741 0.25162396502828654 0.32563101356601787
2.6348841610753104 0.43677142329987406 0.5723211753584557 0.3897704556320517 0.40950566857544674
2.8375675580811035 0.5840064988117817 0.7154014691980695 0.4193732750471443 0.44897609446223674
3.0402509550868966 0.665284415276027 0.7598056983207083 0.4785789138773293 0.5575197656509094
3.2429343520926897 0.7179982077432532 0.7647395015565571 0.5871225850660019 0.5624535688867581
3.4456177490984827 0.6336042050247875 0.606857798009397 0.5328507494716656 0.5723211753584557
3.648301146104276 0.5123365149647154 0.5081817332924218 0.5081817332924218 0.4292408815188417
3.850984543110069 0.34900166047266984 0.29602819415092535 0.4884465203490268 0.3206972103301691
4.053667940115862 0.20721973590564774 0.14308029383961393 0.3354986200377154 0.2565577682641353
4.2563513371216555 0.11399682213355809 0.07400704853773134 0.2664253747358328 0.1677493100188577
4.4590347341274486 0.0537524878852996 0.019735212943395024 0.12827888413206764 0.10854367118867261
4.661718131133242 0.020254560652431735 0.0 0.06907324530188258 0.03947042588679005
4.864401528139035 0.010906301889770932 0.0 0.03453662265094129 0.029602819415092536
5.067084925144828 0.006751520217477244 0.0 0.019735212943395024 0.019735212943395024
5.269768322150621 0.003895107817775333 0.0 0.014801409707546268 0.004933803235848756
5.472451719156414 0.0012983692725917777 0.0 0.0 0.004933803235848756
5.675135116162207 0.0007790215635550667 0.0 0.004933803235848756 0.0
5.877818513168 0.0010386954180734223 0.0 0.004933803235848756 0.0
6.080501910173793 0.0012983692725917777 0.0 0.009867606471697512 0.0
