0.0 0.1639826430323495 0.16456621115701978 0.18207325489712825 0.14530846304290046
0.5711986642890533 0.17507043740108488 0.16631691553103062 0.17857184614910657 0.1803225505231174
1.1423973285781066 0.17215259677773345 0.18207325489712825 0.16981832427905233 0.16456621115701978
1.7135959928671598 0.17156902865306317 0.17682114177509572 0.16281550678300893 0.17507043740108488
2.284794657156213 0.15639625741163582 0.15581268928696554 0.1680676199050415 0.14530846304290046
2.8559933214452666 0.16339907490767921 0.14180705429487875 0.17156902865306317 0.17682114177509572
3.4271919857343196 0.15347841678828442 0.14880987179092214 0.15406198491295467 0.15756339366097638
3.998390650023373 0.15406198491295467 0.17331973302707404 0.1365549411728462 0.15231128053894383
4.569589314312426 0.14472489491823015 0.14180705429487875 0.14180705429487875 0.15056057616493299
5.140787978601479 0.1371385092975165 0.13480423679883535 0.13480423679883535 0.14180705429487875
5.711986642890533 0.15873052991031697 0.16456621115701978 0.15056057616493299 0.1610648024089981
