0.0 0.15581268928696554 0.15231128053894383 0.15756339366097638 0.15756339366097638
0.5711986642890533 0.17857184614910657 0.17857184614910657 0.17331973302707404 0.18382395927113912
1.1423973285781066 0.1528948486636141 0.13830564554685706 0.1680676199050415 0.15231128053894383
1.7135959928671598 0.15347841678828442 0.1610648024089981 0.14530846304290046 0.15406198491295467
2.284794657156213 0.16164837053366837 0.16981832427905233 0.16456621115701978 0.15056057616493299
2.8559933214452666 0.15756339366097638 0.15756339366097638 0.17682114177509572 0.13830564554685706
3.4271919857343196 0.16048123428432778 0.1680676199050415 0.1610648024089981 0.15231128053894383
3.998390650023373 0.14414132679355987 0.1365549411728462 0.1400563499208679 0.15581268928696554
4.569589314312426 0.15522912116229526 0.14530846304290046 0.15056057616493299 0.16981832427905233
5.140787978601479 0.15172771241427357 0.15581268928696554 0.16981832427905233 0.1295521236768028
5.711986642890533 0.17915541427377685 0.1873253680191608 0.1435577586688896 0.20658311613328015
