0.0 0.15873052991031697 0.1435577586688896 0.1610648024089981 0.17156902865306317
0.5711986642890533 0.15347841678828442 0.17156902865306317 0.13830564554685706 0.15056057616493299
1.1423973285781066 0.15873052991031697 0.15056057616493299 0.1680676199050415 0.15756339366097638
1.7135959928671598 0.16048123428432778 0.1435577586688896 0.1873253680191608 0.15056057616493299
2.284794657156213 0.17857184614910657 0.17857184614910657 0.17331973302707404 0.18382395927113912
2.8559933214452666 0.16339907490767921 0.18207325489712825 0.15056057616493299 0.15756339366097638
3.4271919857343196 0.16281550678300893 0.17682114177509572 0.15406198491295467 0.15756339366097638
3.998390650023373 0.14880987179092214 0.1260507149287811 0.1610648024089981 0.15931409803498722
4.569589314312426 0.15347841678828442 0.15406198491295467 0.1435577586688896 0.16281550678300893
5.140787978601479 0.15231128053894383 0.1680676199050415 0.14530846304290046 0.1435577586688896
5.711986642890533 0.15989766615965753 0.15581268928696554 0.1680676199050415 0.15581268928696554
