0.0 0.17156902865306317 0.17682114177509572 0.16981832427905233 0.1680676199050415
0.5711986642890533 0.1709854605283929 0.18382395927113912 0.15056057616493299 0.17857184614910657
1.1423973285781066 0.16339907490767921 0.1803225505231174 0.17331973302707404 0.1365549411728462
1.7135959928671598 0.15464555303762498 0.1470591674169113 0.16631691553103062 0.15056057616493299
2.284794657156213 0.1429741905442193 0.1260507149287811 0.13830564554685706 0.16456621115701978
2.8559933214452666 0.1435577586688896 0.13480423679883535 0.1610648024089981 0.13480423679883535
3.4271919857343196 0.1569798255363061 0.16456621115701978 0.15756339366097638 0.14880987179092214
3.998390650023373 0.15581268928696554 0.1330535324248245 0.17682114177509572 0.15756339366097638
4.569589314312426 0.15639625741163582 0.15231128053894383 0.14880987179092214 0.1680676199050415
5.140787978601479 0.1680676199050415 0.1803225505231174 0.15756339366097638 0.16631691553103062
5.711986642890533 0.16631691553103062 0.17156902865306317 0.15056057616493299 0.17682114177509572
