0.0 0.1803225505231174 0.18907607239317167 0.17331973302707404 0.17857184614910657
0.5711986642890533 0.15989766615965753 0.18382395927113912 0.15056057616493299 0.14530846304290046
1.1423973285781066 0.16981832427905233 0.17156902865306317 0.17507043740108488 0.16281550678300893
1.7135959928671598 0.13888921367152735 0.13480423679883535 0.13130282805081364 0.15056057616493299
2.284794657156213 0.17565400552575516 0.16631691553103062 0.18382395927113912 0.17682114177509572
2.8559933214452666 0.15347841678828442 0.1680676199050415 0.15581268928696554 0.1365549411728462
3.4271919857343196 0.15873052991031697 0.15231128053894383 0.17156902865306317 0.15231128053894383
3.998390650023373 0.15056057616493299 0.1470591674169113 0.16456621115701978 0.1400563499208679
4.569589314312426 0.14472489491823015 0.13480423679883535 0.1400563499208679 0.15931409803498722
5.140787978601479 0.15172771241427357 0.15231128053894383 0.1260507149287811 0.17682114177509572
5.711986642890533 0.16690048365570093 0.15056057616493299 0.17857184614910657 0.17156902865306317
