0.0 0.1739033011517443 0.1680676199050415 0.15931409803498722 0.1943281855152042
0.5711986642890533 0.16514977928169008 0.18207325489712825 0.15931409803498722 0.15406198491295467
1.1423973285781066 0.13830564554685706 0.15056057616493299 0.11904789743273772 0.14530846304290046
1.7135959928671598 0.13772207742218676 0.1330535324248245 0.1435577586688896 0.1365549411728462
2.284794657156213 0.1458920311675707 0.1470591674169113 0.15056057616493299 0.1400563499208679
2.8559933214452666 0.15464555303762498 0.1470591674169113 0.14880987179092214 0.1680676199050415
3.4271919857343196 0.16456621115701978 0.15406198491295467 0.1610648024089981 0.17857184614910657
3.998390650023373 0.16573334740636034 0.16631691553103062 0.18207325489712825 0.14880987179092214
4.569589314312426 0.1879089361438311 0.1978295942632259 0.19082677676718252 0.17507043740108488
5.140787978601479 0.15873052991031697 0.13830564554685706 0.1680676199050415 0.16981832427905233
5.711986642890533 0.15814696178564666 0.16631691553103062 0.1680676199050415 0.1400563499208679
