0.0 0.17623757365042544 0.17331973302707404 0.18207325489712825 0.17331973302707404
0.5711986642890533 0.16514977928169008 0.18382395927113912 0.15406198491295467 0.15756339366097638
1.1423973285781066 0.16164837053366837 0.15756339366097638 0.17507043740108488 0.15231128053894383
1.7135959928671598 0.1639826430323495 0.15931409803498722 0.18207325489712825 0.15056057616493299
2.284794657156213 0.1639826430323495 0.17156902865306317 0.15581268928696554 0.16456621115701978
2.8559933214452666 0.15406198491295467 0.15231128053894383 0.14880987179092214 0.1610648024089981
3.4271919857343196 0.15406198491295467 0.1803225505231174 0.1330535324248245 0.14880987179092214
3.998390650023373 0.1429741905442193 0.1330535324248245 0.14530846304290046 0.15056057616493299
4.569589314312426 0.15114414428960327 0.1470591674169113 0.14880987179092214 0.15756339366097638
5.140787978601479 0.1470591674169113 0.14180705429487875 0.16631691553103062 0.1330535324248245
5.711986642890533 0.1704018924037226 0.15056057616493299 0.15931409803498722 0.20133100301124762
