0.0 0.20016386676190703 0.1978295942632259 0.2048324117592693 0.1978295942632259
0.5711986642890533 0.17623757365042544 0.17156902865306317 0.18907607239317167 0.1680676199050415
1.1423973285781066 0.14472489491823015 0.1470591674169113 0.1365549411728462 0.15056057616493299
1.7135959928671598 0.14472489491823015 0.15231128053894383 0.13480423679883535 0.1470591674169113
2.284794657156213 0.14530846304290046 0.10679296681466177 0.15231128053894383 0.17682114177509572
2.8559933214452666 0.16339907490767921 0.1803225505231174 0.17156902865306317 0.13830564554685706
3.4271919857343196 0.14647559929224102 0.17156902865306317 0.12430001055477025 0.1435577586688896
3.998390650023373 0.1435577586688896 0.14180705429487875 0.15581268928696554 0.1330535324248245
4.569589314312426 0.1458920311675707 0.1435577586688896 0.1470591674169113 0.1470591674169113
5.140787978601479 0.17565400552575516 0.1680676199050415 0.16631691553103062 0.19257748114119336
5.711986642890533 0.16456621115701978 0.16981832427905233 0.1680676199050415 0.15581268928696554
