0.0 0.5278610269314873 0.7703099245647734 0.3606451010462348 0.1400563499208679
0.5711986642890533 0.27680055643144497 0.3746507360383216 0.2731098823456924 0.1435577586688896
1.1423973285781066 0.060943438749350626 0.04901972247230377 0.1470591674169113 0.1435577586688896
1.7135959928671598 0.02517228991821004 0.01400563499208679 0.08403380995252074 0.10504226244065092
2.284794657156213 0.06529654151716138 0.007002817496043395 0.11204507993669433 0.19607888988921507
2.8559933214452666 0.1832088469235137 0.02801126998417358 0.10854367118867263 0.30812396982590934
3.4271919857343196 0.18737268435359355 0.03151267873219527 0.11904789743273772 0.2976197435818443
3.998390650023373 0.0625521941200633 0.01750704374010849 0.08053240120449905 0.12254930618075942
4.569589314312426 0.026781045288922712 0.010504226244065093 0.09103662744856413 0.09453803619658584
5.140787978601479 0.0590507853720416 0.04201690497626037 0.15756339366097638 0.08053240120449905
5.711986642890533 0.2756649644050596 0.40616341477051693 0.21708734237734525 0.11904789743273772
