0.0 0.5347692117586652 0.7142873845964263 0.3851549622823867 0.11904789743273772
0.5711986642890533 0.2747186377164051 0.3746507360383216 0.23809579486547544 0.1365549411728462
1.1423973285781066 0.05715813199473258 0.06652676621241226 0.15056057616493299 0.09453803619658584
1.7135959928671598 0.02649714728232636 0.0035014087480216977 0.07002817496043395 0.1365549411728462
2.284794657156213 0.06671603155014315 0.010504226244065093 0.07352958370845565 0.20308170738525846
2.8559933214452666 0.18368201026784092 0.06652676621241226 0.1260507149287811 0.2626056561016273
3.4271919857343196 0.17932890750003017 0.06652676621241226 0.09103662744856413 0.2836141085897575
3.998390650023373 0.06397168415304506 0.024509861236151884 0.09103662744856413 0.22759156862141033
4.569589314312426 0.02365816721636282 0.010504226244065093 0.08403380995252074 0.11204507993669433
5.140787978601479 0.05829372402111799 0.05952394871636886 0.12254930618075942 0.07002817496043395
5.711986642890533 0.2819107205501794 0.35364228355019145 0.31862819606997445 0.10504226244065092
