0.0 0.4980517362388701 0.6862761146122527 0.2801126998417358 0.1610648024089981
0.5711986642890533 0.2729206170079615 0.416667641014582 0.23459438611745376 0.10154085369262923
1.1423973285781066 0.06889258293404853 0.06302535746439054 0.1365549411728462 0.07002817496043395
1.7135959928671598 0.03596041416887148 0.01750704374010849 0.1295521236768028 0.09803944494460753
2.284794657156213 0.07163693033114663 0.010504226244065093 0.1260507149287811 0.17507043740108488
2.8559933214452666 0.1852907656385536 0.01750704374010849 0.1365549411728462 0.2836141085897575
3.4271919857343196 0.1736509473681031 0.024509861236151884 0.10504226244065092 0.2801126998417358
3.998390650023373 0.06813552158312491 0.03151267873219527 0.1295521236768028 0.19607888988921507
4.569589314312426 0.03406776079156246 0.03151267873219527 0.11554648868471602 0.1365549411728462
5.140787978601479 0.06879795026518308 0.07703099245647733 0.1470591674169113 0.1260507149287811
5.711986642890533 0.2732991476834233 0.3746507360383216 0.21008452488130183 0.12254930618075942
