0.0 0.52842882294468 0.6967803408563178 0.3221296048179962 0.15056057616493299
0.5711986642890533 0.2847497006161429 0.35014087480216977 0.31862819606997445 0.11904789743273772
1.1423973285781066 0.058861520034310694 0.04201690497626037 0.15056057616493299 0.07703099245647733
1.7135959928671598 0.02640251461346091 0.01400563499208679 0.07352958370845565 0.10854367118867263
2.284794657156213 0.06132196942481243 0.03151267873219527 0.07352958370845565 0.20658311613328015
2.8559933214452666 0.18169472422166646 0.08403380995252074 0.10854367118867263 0.2941183348338226
3.4271919857343196 0.18614245965834267 0.03851549622823867 0.08753521870054244 0.2556028386055839
3.998390650023373 0.066053602868085 0.024509861236151884 0.08403380995252074 0.21708734237734525
4.569589314312426 0.023185003872035564 0.010504226244065093 0.11554648868471602 0.08403380995252074
5.140787978601479 0.05441378459763449 0.07703099245647733 0.1295521236768028 0.08753521870054244
5.711986642890533 0.2794502711596777 0.38165355353436503 0.2871155173377792 0.15056057616493299
