0.0 0.5323087623681635 0.7598056983207083 0.3851549622823867 0.12254930618075942
0.5711986642890533 0.2742454743720778 0.33963664855810466 0.22058875112536694 0.09803944494460753
1.1423973285781066 0.05942931604750341 0.05602253996834716 0.11904789743273772 0.10154085369262923
1.7135959928671598 0.024036697891824624 0.02801126998417358 0.08053240120449905 0.10854367118867263
2.284794657156213 0.06539117418602683 0.01750704374010849 0.08753521870054244 0.17507043740108488
2.8559933214452666 0.1856692963140154 0.03851549622823867 0.09803944494460753 0.2871155173377792
3.4271919857343196 0.1777201521293175 0.021008452488130186 0.11554648868471602 0.2556028386055839
3.998390650023373 0.06756772556993221 0.007002817496043395 0.08753521870054244 0.22409015987338865
4.569589314312426 0.024604493905017333 0.01750704374010849 0.11554648868471602 0.11204507993669433
5.140787978601479 0.06283609212665965 0.06652676621241226 0.1470591674169113 0.1470591674169113
5.711986642890533 0.27689518910031047 0.3991605972744735 0.2941183348338226 0.11904789743273772
