0.0 0.5326872930436253 0.7458000633286216 0.3116253785739311 0.1435577586688896
0.5711986642890533 0.26468757481666727 0.35714369229821313 0.2556028386055839 0.11554648868471602
1.1423973285781066 0.06132196942481243 0.05252113122032546 0.15756339366097638 0.09453803619658584
1.7135959928671598 0.02574008593140275 0.007002817496043395 0.05252113122032546 0.1400563499208679
2.284794657156213 0.0629307247955251 0.03151267873219527 0.10854367118867263 0.15406198491295467
2.8559933214452666 0.18576392898288088 0.05252113122032546 0.09103662744856413 0.2591042473536056
3.4271919857343196 0.1810322955396083 0.07002817496043395 0.1400563499208679 0.24509861236151884
3.998390650023373 0.06520190884829592 0.024509861236151884 0.11904789743273772 0.21708734237734525
4.569589314312426 0.028862964003962644 0.01400563499208679 0.08053240120449905 0.1365549411728462
5.140787978601479 0.06472874550396868 0.07352958370845565 0.11204507993669433 0.1260507149287811
5.711986642890533 0.2777468831200995 0.3221296048179962 0.3221296048179962 0.11904789743273772
