0.0 0.49218451076921216 0.6687690708721442 0.30462256107788765 0.18207325489712825
0.5711986642890533 0.28086976119265944 0.3466394660541481 0.24509861236151884 0.11554648868471602
1.1423973285781066 0.07201546100660842 0.09453803619658584 0.1470591674169113 0.11904789743273772
1.7135959928671598 0.03245900542084979 0.007002817496043395 0.11904789743273772 0.11554648868471602
2.284794657156213 0.07494907374143742 0.03501408748021698 0.1330535324248245 0.19607888988921507
2.8559933214452666 0.1763952947652012 0.05602253996834716 0.11554648868471602 0.27661129109371413
3.4271919857343196 0.17450264138789215 0.06302535746439054 0.1470591674169113 0.24159720361349715
3.998390650023373 0.07296178769526294 0.04901972247230377 0.10504226244065092 0.1680676199050415
4.569589314312426 0.03170194406992618 0.01750704374010849 0.05252113122032546 0.10854367118867263
5.140787978601479 0.0705013383047612 0.05952394871636886 0.11904789743273772 0.10504226244065092
5.711986642890533 0.2721635556570379 0.35364228355019145 0.2626056561016273 0.12254930618075942
