0.0 0.37588096073357247 0.4621859547388641 0.2731098823456924 0.1260507149287811
0.5711986642890533 0.2666748608628417 0.35014087480216977 0.19958029863723675 0.10154085369262923
1.1423973285781066 0.1114772839235016 0.1365549411728462 0.11904789743273772 0.10854367118867263
1.7135959928671598 0.0666213988812777 0.06302535746439054 0.10504226244065092 0.1470591674169113
2.284794657156213 0.08980640275331327 0.05602253996834716 0.1260507149287811 0.18557466364514996
2.8559933214452666 0.14611284072825678 0.04901972247230377 0.09453803619658584 0.15756339366097638
3.4271919857343196 0.1485732901187585 0.05952394871636886 0.17507043740108488 0.2486000211095405
3.998390650023373 0.09520046487864399 0.03851549622823867 0.16456621115701978 0.22058875112536694
4.569589314312426 0.06321462280212145 0.03151267873219527 0.1365549411728462 0.10854367118867263
5.140787978601479 0.11904789743273772 0.1400563499208679 0.15406198491295467 0.15406198491295467
5.711986642890533 0.26809435089582345 0.3641465097942565 0.20308170738525846 0.19257748114119336
