0.0 0.3751238993826489 0.5042028597151244 0.21358593362932354 0.1330535324248245
0.5711986642890533 0.26345735012141636 0.3851549622823867 0.21708734237734525 0.1295521236768028
1.1423973285781066 0.11308603929421429 0.1365549411728462 0.17857184614910657 0.12254930618075942
1.7135959928671598 0.06056490807388882 0.04901972247230377 0.09453803619658584 0.1365549411728462
2.284794657156213 0.08886007606465875 0.02801126998417358 0.11904789743273772 0.21708734237734525
2.8559933214452666 0.15358882156862744 0.03501408748021698 0.16456621115701978 0.22759156862141033
3.4271919857343196 0.1497088821451439 0.024509861236151884 0.16456621115701978 0.23109297736943205
3.998390650023373 0.09103662744856413 0.010504226244065093 0.1365549411728462 0.1365549411728462
4.569589314312426 0.06406631682191052 0.03851549622823867 0.09453803619658584 0.1365549411728462
5.140787978601479 0.11762840739975594 0.1680676199050415 0.11554648868471602 0.15756339366097638
5.711986642890533 0.2735830456900197 0.3711493272902999 0.2521014298575622 0.12254930618075942
