0.0 0.28642026153374617 0.24175635855658903 0.2664253747358328 0.3552338329811104
0.2026833970057931 0.25292233430087835 0.20721973590564774 0.18255071972640394 0.28122678444337906
0.4053667940115862 0.20020854183365214 0.1776169164905552 0.16281550678300893 0.202285932669799
0.6080501910173793 0.1378868167492468 0.11841127766037014 0.1332126873679164 0.19241832619810148
0.8107335880231724 0.0911455229359428 0.11841127766037014 0.11347747442452137 0.12827888413206764
1.0134169850289656 0.07504574395580475 0.05427183559433631 0.10854367118867261 0.10360986795282387
1.2161003820347587 0.0607636819572952 0.08387465500942885 0.08387465500942885 0.05920563883018507
1.4187837790405518 0.07686346093743325 0.05920563883018507 0.09374226148112635 0.07400704853773134
1.6214671760463448 0.08517302428202062 0.13814649060376516 0.12827888413206764 0.0444042291226388
1.824150573052138 0.0963390000263099 0.11841127766037014 0.10360986795282387 0.0444042291226388
2.026833970057931 0.1080243234796359 0.1233450808962189 0.1578817035471602 0.0789408517735801
2.2295173670637243 0.08828911053624089 0.11841127766037014 0.12827888413206764 0.06907324530188258
2.4322007640695174 0.10568725878897071 0.08387465500942885 0.10854367118867261 0.049338032358487556
2.6348841610753104 0.11555486526066822 0.14308029383961393 0.1233450808962189 0.09374226148112635
2.8375675580811035 0.10205182482571375 0.10360986795282387 0.12827888413206764 0.0444042291226388
3.0402509550868966 0.10854367118867261 0.09374226148112635 0.12827888413206764 0.0888084582452776
3.2429343520926897 0.10646628035252577 0.10360986795282387 0.11841127766037014 0.09867606471697511
3.4456177490984827 0.11191943129741125 0.11347747442452137 0.11841127766037014 0.14801409707546268
3.648301146104276 0.10906301889770932 0.0789408517735801 0.09867606471697511 0.1233450808962189
3.850984543110069 0.12905790569562273 0.09374226148112635 0.15294790031131142 0.14801409707546268
4.053667940115862 0.1560639865655317 0.14801409707546268 0.1578817035471602 0.13814649060376516
4.2563513371216555 0.19761180328846858 0.1677493100188577 0.1578817035471602 0.21215353914149648
4.4590347341274486 0.21475027768668004 0.22695494884904274 0.20721973590564774 0.2713591779716816
4.661718131133242 0.24772885721051122 0.2713591779716816 0.23188875208489151 0.202285932669799
4.864401528139035 0.22280016717674908 0.21215353914149648 0.2664253747358328 0.22695494884904274
5.067084925144828 0.21293256070505154 0.23682255532074029 0.19735212943395022 0.1874845229622527
5.269768322150621 0.20644071434209268 0.19241832619810148 0.2762929812075303 0.18255071972640394
5.472451719156414 0.23889994615688712 0.2466901617924378 0.222021145613194 0.21708734237734523
5.675135116162207 0.2511046173192498 0.2664253747358328 0.18255071972640394 0.3009619973867741
5.877818513168 0.2625302669180575 0.3749690459245054 0.21215353914149648 0.2713591779716816
6.080501910173793 0.27551395964397524 0.21708734237734523 0.18255071972640394 0.29602819415092535
