0.0 0.16021876823782538 0.12827888413206764 0.10360986795282387 0.1874845229622527
0.2026833970057931 0.15242855260227473 0.17268311325470645 0.1776169164905552 0.21215353914149648
0.4053667940115862 0.1724234394001881 0.1578817035471602 0.16281550678300893 0.17268311325470645
0.6080501910173793 0.22254049332223072 0.202285932669799 0.2466901617924378 0.2664253747358328
0.8107335880231724 0.25577874670058026 0.23682255532074029 0.22695494884904274 0.2565577682641353
1.0134169850289656 0.2916137386241133 0.33056481680186667 0.2466901617924378 0.24175635855658903
1.2161003820347587 0.30511677905906776 0.4539098976980855 0.29109439091507655 0.22695494884904274
1.4187837790405518 0.31758112407594885 0.3108296038584716 0.2664253747358328 0.22695494884904274
1.6214671760463448 0.31342634240365513 0.3651014394528079 0.2713591779716816 0.222021145613194
1.824150573052138 0.28642026153374617 0.32563101356601787 0.26149157149998403 0.202285932669799
2.026833970057931 0.2578561375367271 0.26149157149998403 0.2466901617924378 0.29602819415092535
2.2295173670637243 0.19942952027009708 0.1578817035471602 0.14801409707546268 0.222021145613194
2.4322007640695174 0.1682686577278944 0.10854367118867261 0.20721973590564774 0.1578817035471602
2.6348841610753104 0.14308029383961393 0.12827888413206764 0.18255071972640394 0.1874845229622527
2.8375675580811035 0.1274998625685126 0.1332126873679164 0.1677493100188577 0.19735212943395022
3.0402509550868966 0.1210080162055537 0.13814649060376516 0.1332126873679164 0.16281550678300893
3.2429343520926897 0.12879823184110434 0.13814649060376516 0.14308029383961393 0.14308029383961393
3.4456177490984827 0.1116597574428929 0.1332126873679164 0.1233450808962189 0.14308029383961393
3.648301146104276 0.10828399733415427 0.09867606471697511 0.09374226148112635 0.11841127766037014
3.850984543110069 0.11944997307844356 0.10854367118867261 0.1233450808962189 0.1332126873679164
4.053667940115862 0.11140008358837454 0.0888084582452776 0.09867606471697511 0.014801409707546268
4.2563513371216555 0.09374226148112635 0.11347747442452137 0.1233450808962189 0.06907324530188258
4.4590347341274486 0.07089096228351106 0.024669016179243778 0.09374226148112635 0.05920563883018507
4.661718131133242 0.04700096766782236 0.0444042291226388 0.05427183559433631 0.029602819415092536
4.864401528139035 0.04752031537685907 0.004933803235848756 0.10854367118867261 0.06413944206603382
5.067084925144828 0.05738792184855658 0.0444042291226388 0.1233450808962189 0.0888084582452776
5.269768322150621 0.0789408517735801 0.05920563883018507 0.09374226148112635 0.1233450808962189
5.472451719156414 0.09867606471697511 0.06907324530188258 0.09867606471697511 0.1332126873679164
5.675135116162207 0.11425649598807645 0.10854367118867261 0.12827888413206764 0.11841127766037014
5.877818513168 0.1145161698425948 0.14308029383961393 0.10854367118867261 0.10854367118867261
6.080501910173793 0.13658844747665502 0.14308029383961393 0.0789408517735801 0.14801409707546268
