0.0 0.40249447450345116 0.3354986200377154 0.38483665239620296 0.36016763621695913
0.2026833970057931 0.3625047009076244 0.37990284916035416 0.48351271711317806 0.37990284916035416
0.4053667940115862 0.27733167662560376 0.202285932669799 0.34043242327356416 0.3108296038584716
0.6080501910173793 0.26097222379094737 0.2713591779716816 0.29109439091507655 0.2565577682641353
0.8107335880231724 0.24928690033762133 0.2713591779716816 0.3108296038584716 0.23682255532074029
1.0134169850289656 0.23474516448459343 0.2466901617924378 0.24175635855658903 0.21215353914149648
1.2161003820347587 0.2051423450695009 0.17268311325470645 0.1677493100188577 0.202285932669799
1.4187837790405518 0.1794346334721837 0.18255071972640394 0.09867606471697511 0.202285932669799
1.6214671760463448 0.1700863747095229 0.19241832619810148 0.08387465500942885 0.22695494884904274
1.824150573052138 0.13477073049502653 0.11841127766037014 0.09867606471697511 0.14801409707546268
2.026833970057931 0.10828399733415427 0.12827888413206764 0.06413944206603382 0.12827888413206764
2.2295173670637243 0.08075856875520857 0.11841127766037014 0.06907324530188258 0.0888084582452776
2.4322007640695174 0.05245411861270782 0.06907324530188258 0.03453662265094129 0.07400704853773134
2.6348841610753104 0.03193988410575773 0.019735212943395024 0.029602819415092536 0.024669016179243778
2.8375675580811035 0.01817716981628489 0.004933803235848756 0.0444042291226388 0.03947042588679005
3.0402509550868966 0.012464345016881068 0.004933803235848756 0.03453662265094129 0.03453662265094129
3.2429343520926897 0.0070111940719956006 0.0 0.024669016179243778 0.024669016179243778
3.4456177490984827 0.007530541781032311 0.0 0.019735212943395024 0.05427183559433631
3.648301146104276 0.008569237199105734 0.0 0.004933803235848756 0.024669016179243778
3.850984543110069 0.013503040434954488 0.0 0.014801409707546268 0.019735212943395024
4.053667940115862 0.019475539088876666 0.0 0.0 0.06413944206603382
4.2563513371216555 0.03453662265094129 0.019735212943395024 0.014801409707546268 0.0789408517735801
4.4590347341274486 0.0420671644319736 0.05920563883018507 0.07400704853773134 0.0888084582452776
4.661718131133242 0.06621683290218067 0.03947042588679005 0.06413944206603382 0.09374226148112635
4.864401528139035 0.10828399733415427 0.07400704853773134 0.09374226148112635 0.16281550678300893
5.067084925144828 0.14567703238479748 0.10854367118867261 0.12827888413206764 0.19735212943395022
5.269768322150621 0.21241321299601484 0.18255071972640394 0.26149157149998403 0.16281550678300893
5.472451719156414 0.29758623727803546 0.38483665239620296 0.30589580062262284 0.2713591779716816
5.675135116162207 0.3625047009076244 0.43910848799053925 0.3700352426886567 0.222021145613194
5.877818513168 0.4030138222124878 0.47364511064148057 0.43417468475469045 0.25162396502828654
6.080501910173793 0.4245667521375113 0.43417468475469045 0.3453662265094129 0.29109439091507655
