0.0 0.3926268680317536 0.43910848799053925 0.3157634070943204 0.3749690459245054
0.2026833970057931 0.4552082669706773 0.5427183559433632 0.40950566857544674 0.42430707828299297
0.4053667940115862 0.42794251224624996 0.36016763621695913 0.29602819415092535 0.4588437009339343
0.6080501910173793 0.44456163893542466 0.3354986200377154 0.32563101356601787 0.5131155365282706
0.8107335880231724 0.3700352426886567 0.37990284916035416 0.32563101356601787 0.3157634070943204
1.0134169850289656 0.36977556883413837 0.40950566857544674 0.37990284916035416 0.3157634070943204
1.2161003820347587 0.3219955796027609 0.3651014394528079 0.34043242327356416 0.2713591779716816
1.4187837790405518 0.27187852568071824 0.2664253747358328 0.2762929812075303 0.2664253747358328
1.6214671760463448 0.2134519084140883 0.2466901617924378 0.26149157149998403 0.19241832619810148
1.824150573052138 0.15294790031131142 0.17268311325470645 0.17268311325470645 0.14308029383961393
2.026833970057931 0.11529519140614987 0.10360986795282387 0.14308029383961393 0.13814649060376516
2.2295173670637243 0.08101824260972694 0.05920563883018507 0.12827888413206764 0.06413944206603382
2.4322007640695174 0.07374737468321298 0.0789408517735801 0.06907324530188258 0.0789408517735801
2.6348841610753104 0.07868117791906173 0.07400704853773134 0.0789408517735801 0.05427183559433631
2.8375675580811035 0.05531053101240973 0.07400704853773134 0.049338032358487556 0.049338032358487556
3.0402509550868966 0.046221946104267296 0.029602819415092536 0.0444042291226388 0.024669016179243778
3.2429343520926897 0.03609466577805142 0.014801409707546268 0.0789408517735801 0.03947042588679005
3.4456177490984827 0.019994886797913378 0.009867606471697512 0.024669016179243778 0.014801409707546268
3.648301146104276 0.007530541781032311 0.004933803235848756 0.029602819415092536 0.0
3.850984543110069 0.004154781672293689 0.0 0.009867606471697512 0.0
4.053667940115862 0.0028564123997019113 0.0 0.019735212943395024 0.014801409707546268
4.2563513371216555 0.0025967385451835553 0.0 0.024669016179243778 0.004933803235848756
4.4590347341274486 0.003375760108738622 0.0 0.009867606471697512 0.014801409707546268
4.661718131133242 0.011165975744289288 0.014801409707546268 0.03947042588679005 0.019735212943395024
4.864401528139035 0.021293256070505154 0.019735212943395024 0.0444042291226388 0.019735212943395024
5.067084925144828 0.034276948796422936 0.05427183559433631 0.049338032358487556 0.03453662265094129
5.269768322150621 0.06985226686543765 0.10360986795282387 0.14308029383961393 0.06907324530188258
5.472451719156414 0.12282573318718219 0.11841127766037014 0.1578817035471602 0.1677493100188577
5.675135116162207 0.16515257147367413 0.14801409707546268 0.1874845229622527 0.1578817035471602
5.877818513168 0.2549997251370252 0.21215353914149648 0.24175635855658903 0.3453662265094129
6.080501910173793 0.3069344960406963 0.29602819415092535 0.2565577682641353 0.3453662265094129
