0.0 0.13035627496821448 0.0888084582452776 0.09374226148112635 0.23188875208489151
0.2026833970057931 0.07997954719165351 0.05427183559433631 0.05427183559433631 0.1677493100188577
0.4053667940115862 0.04648161995878565 0.03453662265094129 0.05427183559433631 0.10854367118867261
0.6080501910173793 0.028044776287982402 0.014801409707546268 0.05427183559433631 0.0444042291226388
0.8107335880231724 0.0163594528346564 0.009867606471697512 0.019735212943395024 0.029602819415092536
1.0134169850289656 0.011425649598807645 0.0 0.03453662265094129 0.024669016179243778
1.2161003820347587 0.011685323453326001 0.0 0.06907324530188258 0.014801409707546268
1.4187837790405518 0.008049889490069021 0.0 0.049338032358487556 0.009867606471697512
1.6214671760463448 0.014282061998509557 0.009867606471697512 0.03453662265094129 0.049338032358487556
1.824150573052138 0.021293256070505154 0.014801409707546268 0.049338032358487556 0.03453662265094129
2.026833970057931 0.028304450142500756 0.03453662265094129 0.05427183559433631 0.024669016179243778
2.2295173670637243 0.05063640163107933 0.05427183559433631 0.07400704853773134 0.0444042291226388
2.4322007640695174 0.07192965770158449 0.10854367118867261 0.0444042291226388 0.0888084582452776
2.6348841610753104 0.11503551755163151 0.12827888413206764 0.03453662265094129 0.19735212943395022
2.8375675580811035 0.13139497038628792 0.10854367118867261 0.09867606471697511 0.14308029383961393
3.0402509550868966 0.17086539627307798 0.0888084582452776 0.1776169164905552 0.21215353914149648
3.2429343520926897 0.17839593805411028 0.1776169164905552 0.15294790031131142 0.19241832619810148
3.4456177490984827 0.20592136663305594 0.2565577682641353 0.21708734237734523 0.19241832619810148
3.648301146104276 0.22305984103126741 0.17268311325470645 0.23188875208489151 0.1874845229622527
3.850984543110069 0.24071766313851561 0.21215353914149648 0.3108296038584716 0.13814649060376516
4.053667940115862 0.25577874670058026 0.2466901617924378 0.28122678444337906 0.21708734237734523
4.2563513371216555 0.2892766739334481 0.28616058767922786 0.34043242327356416 0.1578817035471602
4.4590347341274486 0.3056361267681045 0.4884465203490268 0.28616058767922786 0.19735212943395022
4.661718131133242 0.3105699300039532 0.3897704556320517 0.3206972103301691 0.20721973590564774
4.864401528139035 0.32563101356601787 0.38483665239620296 0.3996380621037492 0.2466901617924378
5.067084925144828 0.31628275480335705 0.32563101356601787 0.29602819415092535 0.2466901617924378
5.269768322150621 0.3030393882229209 0.2762929812075303 0.30589580062262284 0.2713591779716816
5.472451719156414 0.30355873593195765 0.30589580062262284 0.222021145613194 0.35030002974526164
5.675135116162207 0.27785102433464043 0.2565577682641353 0.2466901617924378 0.3354986200377154
5.877818513168 0.2586351591002821 0.23188875208489151 0.21215353914149648 0.32563101356601787
6.080501910173793 0.2033246280878724 0.17268311325470645 0.11347747442452137 0.24175635855658903
