0.0 0.19397636932521162 0.1578817035471602 0.12827888413206764 0.26149157149998403
0.2026833970057931 0.17502017794537164 0.202285932669799 0.14801409707546268 0.1874845229622527
0.4053667940115862 0.15035116176612787 0.1776169164905552 0.10854367118867261 0.15294790031131142
0.6080501910173793 0.1308756226772512 0.07400704853773134 0.13814649060376516 0.10360986795282387
0.8107335880231724 0.1046485633708973 0.09867606471697511 0.1874845229622527 0.06907324530188258
1.0134169850289656 0.08387465500942885 0.049338032358487556 0.20721973590564774 0.03947042588679005
1.2161003820347587 0.06985226686543765 0.049338032358487556 0.13814649060376516 0.03453662265094129
1.4187837790405518 0.05063640163107933 0.03453662265094129 0.16281550678300893 0.024669016179243778
1.6214671760463448 0.05219444475818947 0.0444042291226388 0.0888084582452776 0.07400704853773134
1.824150573052138 0.05972498653922178 0.09374226148112635 0.06907324530188258 0.05427183559433631
2.026833970057931 0.07504574395580475 0.06907324530188258 0.12827888413206764 0.03453662265094129
2.2295173670637243 0.09504063075371814 0.1233450808962189 0.11347747442452137 0.06907324530188258
2.4322007640695174 0.11295812671548466 0.1332126873679164 0.09374226148112635 0.09374226148112635
2.6348841610753104 0.13295301351339806 0.17268311325470645 0.10360986795282387 0.14801409707546268
2.8375675580811035 0.15242855260227473 0.15294790031131142 0.11347747442452137 0.1233450808962189
3.0402509550868966 0.15736235583812347 0.1677493100188577 0.10854367118867261 0.1233450808962189
3.2429343520926897 0.17579919950892672 0.18255071972640394 0.09867606471697511 0.1677493100188577
3.4456177490984827 0.19086028307099132 0.20721973590564774 0.202285932669799 0.17268311325470645
3.648301146104276 0.18540713212610588 0.21215353914149648 0.1874845229622527 0.1776169164905552
3.850984543110069 0.18696517525321601 0.14308029383961393 0.202285932669799 0.202285932669799
4.053667940115862 0.1882635445258078 0.1677493100188577 0.2466901617924378 0.2466901617924378
4.2563513371216555 0.1856668059806242 0.17268311325470645 0.19735212943395022 0.202285932669799
4.4590347341274486 0.1970924555794319 0.18255071972640394 0.19241832619810148 0.19241832619810148
4.661718131133242 0.2274742965580795 0.23682255532074029 0.2565577682641353 0.23188875208489151
4.864401528139035 0.23474516448459343 0.28122678444337906 0.24175635855658903 0.21215353914149648
5.067084925144828 0.27083983026264485 0.3552338329811104 0.19241832619810148 0.23682255532074029
5.269768322150621 0.2430547278291808 0.26149157149998403 0.1578817035471602 0.25162396502828654
5.472451719156414 0.2586351591002821 0.2762929812075303 0.20721973590564774 0.28122678444337906
5.675135116162207 0.2144906038321617 0.16281550678300893 0.18255071972640394 0.2466901617924378
5.877818513168 0.18904256608936285 0.12827888413206764 0.202285932669799 0.222021145613194
6.080501910173793 0.18852321838032612 0.16281550678300893 0.12827888413206764 0.29602819415092535
