0.0 0.33913405400097235 0.29109439091507655 0.21708734237734523 0.3651014394528079
0.2026833970057931 0.3258906874205362 0.36016763621695913 0.2565577682641353 0.35030002974526164
0.4053667940115862 0.29083471706055825 0.28122678444337906 0.21215353914149648 0.2466901617924378
0.6080501910173793 0.2324080997939282 0.23682255532074029 0.202285932669799 0.20721973590564774
0.8107335880231724 0.1799539811812204 0.1776169164905552 0.14308029383961393 0.1677493100188577
1.0134169850289656 0.12230638547814547 0.11347747442452137 0.14308029383961393 0.09374226148112635
1.2161003820347587 0.0794601994826168 0.0888084582452776 0.14308029383961393 0.10360986795282387
1.4187837790405518 0.04518325068619386 0.03947042588679005 0.06907324530188258 0.06907324530188258
1.6214671760463448 0.03375760108738622 0.03453662265094129 0.08387465500942885 0.0444042291226388
1.824150573052138 0.019215865234358313 0.024669016179243778 0.03947042588679005 0.024669016179243778
2.026833970057931 0.009088584908142445 0.004933803235848756 0.024669016179243778 0.019735212943395024
2.2295173670637243 0.007790215635550666 0.0 0.009867606471697512 0.03947042588679005
2.4322007640695174 0.005712824799403823 0.0 0.024669016179243778 0.004933803235848756
2.6348841610753104 0.003375760108738622 0.0 0.019735212943395024 0.0
2.8375675580811035 0.006751520217477244 0.0 0.024669016179243778 0.009867606471697512
3.0402509550868966 0.008049889490069021 0.0 0.029602819415092536 0.019735212943395024
3.2429343520926897 0.021812603779541865 0.0 0.10360986795282387 0.05427183559433631
3.4456177490984827 0.029083471706055825 0.0 0.05920563883018507 0.07400704853773134
3.648301146104276 0.05037672777656098 0.009867606471697512 0.10360986795282387 0.06413944206603382
3.850984543110069 0.07192965770158449 0.009867606471697512 0.1233450808962189 0.18255071972640394
4.053667940115862 0.10724530191608085 0.0789408517735801 0.11347747442452137 0.1332126873679164
4.2563513371216555 0.16722996230982098 0.14308029383961393 0.10854367118867261 0.13814649060376516
4.4590347341274486 0.21578897310475348 0.25162396502828654 0.1578817035471602 0.14308029383961393
4.661718131133242 0.2578561375367271 0.3108296038584716 0.1578817035471602 0.1776169164905552
4.864401528139035 0.27733167662560376 0.3354986200377154 0.21708734237734523 0.19241832619810148
5.067084925144828 0.29602819415092535 0.32563101356601787 0.28616058767922786 0.2713591779716816
5.269768322150621 0.3084925391678064 0.3453662265094129 0.3354986200377154 0.29602819415092535
5.472451719156414 0.34822263890911476 0.3108296038584716 0.3453662265094129 0.37990284916035416
5.675135116162207 0.36951589497961995 0.4193732750471443 0.43417468475469045 0.3354986200377154
5.877818513168 0.36562078716184465 0.38483665239620296 0.39470425886790045 0.3552338329811104
6.080501910173793 0.3383550324374173 0.3552338329811104 0.35030002974526164 0.3700352426886567
