0.0 0.23526451219363012 0.21708734237734523 0.18255071972640394 0.202285932669799
0.2026833970057931 0.2537013558644334 0.3009619973867741 0.19241832619810148 0.202285932669799
0.4053667940115862 0.26616570088131447 0.2565577682641353 0.20721973590564774 0.19735212943395022
0.6080501910173793 0.2542207035734701 0.20721973590564774 0.1874845229622527 0.23682255532074029
0.8107335880231724 0.2126728868505332 0.23682255532074029 0.22695494884904274 0.18255071972640394
1.0134169850289656 0.1596994205287887 0.19735212943395022 0.20721973590564774 0.1677493100188577
1.2161003820347587 0.1508705094751646 0.1677493100188577 0.2762929812075303 0.1874845229622527
1.4187837790405518 0.12308540704170054 0.0888084582452776 0.22695494884904274 0.17268311325470645
1.6214671760463448 0.10724530191608085 0.0444042291226388 0.1677493100188577 0.09867606471697511
1.824150573052138 0.12178703776910876 0.0789408517735801 0.1874845229622527 0.14801409707546268
2.026833970057931 0.13658844747665502 0.0888084582452776 0.14308029383961393 0.10854367118867261
2.2295173670637243 0.16281550678300893 0.10854367118867261 0.2713591779716816 0.14308029383961393
2.4322007640695174 0.1786556119086286 0.21708734237734523 0.1578817035471602 0.12827888413206764
2.6348841610753104 0.2160486469592718 0.2762929812075303 0.21708734237734523 0.1677493100188577
2.8375675580811035 0.24045798928399723 0.30589580062262284 0.222021145613194 0.1332126873679164
3.0402509550868966 0.23370646906652 0.36016763621695913 0.19241832619810148 0.1776169164905552
3.2429343520926897 0.23110973052133643 0.24175635855658903 0.21708734237734523 0.1874845229622527
3.4456177490984827 0.22124212404963892 0.23188875208489151 0.12827888413206764 0.21708734237734523
3.648301146104276 0.21812603779541864 0.21708734237734523 0.19735212943395022 0.23188875208489151
3.850984543110069 0.18878289223484448 0.1874845229622527 0.14801409707546268 0.22695494884904274
4.053667940115862 0.155544638856495 0.16281550678300893 0.10360986795282387 0.21215353914149648
4.2563513371216555 0.11010171431578275 0.0888084582452776 0.06413944206603382 0.11841127766037014
4.4590347341274486 0.06491846362958889 0.0444042291226388 0.0444042291226388 0.09374226148112635
4.661718131133242 0.045962272249748935 0.0444042291226388 0.049338032358487556 0.10360986795282387
4.864401528139035 0.03401727494190458 0.014801409707546268 0.06413944206603382 0.0444042291226388
5.067084925144828 0.03895107817775333 0.0444042291226388 0.06413944206603382 0.10360986795282387
5.269768322150621 0.06284107279344205 0.03947042588679005 0.049338032358487556 0.10360986795282387
5.472451719156414 0.07504574395580475 0.06907324530188258 0.0888084582452776 0.11841127766037014
5.675135116162207 0.09530030460823649 0.07400704853773134 0.10360986795282387 0.10854367118867261
5.877818513168 0.15736235583812347 0.14308029383961393 0.1776169164905552 0.21215353914149648
6.080501910173793 0.18151202430833052 0.1776169164905552 0.1677493100188577 0.19735212943395022
