0.0 0.2688660282872263 0.008753521870054244 0.28536481296376837 0.01750704374010849
0.5711986642890533 0.1782510364470627 0.007002817496043395 0.25035072548355136 0.024509861236151884
1.1423973285781066 0.060568871745883185 0.01400563499208679 0.15931409803498722 0.04026620060224952
1.7135959928671598 0.04233771467830424 0.05777324434235801 0.09103662744856413 0.1295521236768028
2.284794657156213 0.14181622028636573 0.27836199546772494 0.10679296681466177 0.31512678732195276
2.8559933214452666 0.32529187188100006 0.5497211734394065 0.12079860180674858 0.4096648235185386
3.4271919857343196 0.3216988032181087 0.5234606078292438 0.11029437556268347 0.3711493272902999
3.998390650023373 0.14076213126536444 0.22233945549937778 0.09453803619658584 0.23459438611745376
4.569589314312426 0.04181525316354708 0.06127465309037971 0.11554648868471602 0.11904789743273772
5.140787978601479 0.05792906619763646 0.01750704374010849 0.1943281855152042 0.05777324434235801
5.711986642890533 0.1713673768403499 0.010504226244065093 0.22233945549937778 0.03151267873219527
