0.0 0.21492416838642084 0.008753521870054244 0.23109297736943205 0.02976197435818443
0.5711986642890533 0.16507950668028998 0.01750704374010849 0.19257748114119336 0.05252113122032546
1.1423973285781066 0.0912199472783035 0.050770426846314616 0.15581268928696554 0.08403380995252074
1.7135959928671598 0.08091737284695169 0.11554648868471602 0.11204507993669433 0.14530846304290046
2.284794657156213 0.15818668108209022 0.27836199546772494 0.09628874057059668 0.2801126998417358
2.8559933214452666 0.26168905695293054 0.42892257163265796 0.11904789743273772 0.3133760829479419
3.4271919857343196 0.2663087166623623 0.45693384161683154 0.1400563499208679 0.3221296048179962
3.998390650023373 0.16280634079152195 0.23984649923948628 0.12430001055477025 0.23809579486547544
4.569589314312426 0.08583951027545339 0.09979014931861838 0.15756339366097638 0.14530846304290046
5.140787978601479 0.09318146945651459 0.03851549622823867 0.18382395927113912 0.09453803619658584
5.711986642890533 0.17055160359800975 0.015756339366097636 0.23809579486547544 0.04551831372428206
