0.0 0.2658870810539618 0.007002817496043395 0.27486058671970326 0.008753521870054244
0.5711986642890533 0.1741263402779272 0.0 0.2328436817434429 0.02976197435818443
1.1423973285781066 0.0593406288866295 0.019257748114119334 0.16981832427905233 0.05602253996834716
1.7135959928671598 0.042942670116444114 0.06127465309037971 0.10154085369262923 0.1400563499208679
2.284794657156213 0.14325528094981965 0.20133100301124762 0.11729719305872688 0.27836199546772494
2.8559933214452666 0.3277208596250465 0.5409676515693522 0.10504226244065092 0.40616341477051693
3.4271919857343196 0.32735421996556785 0.5462197646913848 0.09803944494460753 0.3851549622823867
3.998390650023373 0.14006551591235486 0.2591042473536056 0.09979014931861838 0.23109297736943205
4.569589314312426 0.04166859729975559 0.07352958370845565 0.10504226244065092 0.14530846304290046
5.140787978601479 0.055958378027938384 0.03326338310620613 0.16631691553103062 0.04026620060224952
5.711986642890533 0.1723848018954033 0.008753521870054244 0.2801126998417358 0.02976197435818443
