0.0 0.2526055593893454 0.01400563499208679 0.2941183348338226 0.021008452488130186
0.5711986642890533 0.17290726341016047 0.01400563499208679 0.23109297736943205 0.03151267873219527
1.1423973285781066 0.0663709443571338 0.02801126998417358 0.1610648024089981 0.08228310557850989
1.7135959928671598 0.04773648366412827 0.07002817496043395 0.10854367118867263 0.1330535324248245
2.284794657156213 0.1465183739191802 0.24509861236151884 0.11029437556268347 0.2328436817434429
2.8559933214452666 0.3176474349808689 0.5619761040574824 0.11029437556268347 0.4009113016484844
3.4271919857343196 0.3154934269814315 0.4761915897309509 0.09803944494460753 0.38340425790837585
3.998390650023373 0.14815908639534742 0.2486000211095405 0.11554648868471602 0.2486000211095405
4.569589314312426 0.04950552002111305 0.06127465309037971 0.10154085369262923 0.1260507149287811
5.140787978601479 0.06350198902171288 0.019257748114119334 0.1470591674169113 0.0682774705864231
5.711986642890533 0.1702582918704268 0.012254930618075942 0.2731098823456924 0.02275915686214103
