0.0 0.261276587336017 0.007002817496043395 0.2696084735976707 0.024509861236151884
0.5711986642890533 0.1742454981672578 0.010504226244065093 0.208333820507291 0.02801126998417358
1.1423973285781066 0.06394195661308734 0.021008452488130186 0.16281550678300893 0.0682774705864231
1.7135959928671598 0.049038054455277695 0.0647760618384014 0.1365549411728462 0.1400563499208679
2.284794657156213 0.14430936997082094 0.25035072548355136 0.10154085369262923 0.2293422729954212
2.8559933214452666 0.312789459492776 0.5462197646913848 0.1260507149287811 0.33263383106206124
3.4271919857343196 0.31397187239459484 0.4936986334710593 0.11204507993669433 0.35364228355019145
3.998390650023373 0.14323694896684572 0.2556028386055839 0.11204507993669433 0.30462256107788765
4.569589314312426 0.048268111170372406 0.05952394871636886 0.09453803619658584 0.14530846304290046
5.140787978601479 0.06471189989799263 0.02976197435818443 0.17156902865306317 0.07528028808246649
5.711986642890533 0.17491461554580642 0.012254930618075942 0.2556028386055839 0.04901972247230377
