0.0 0.20951623340910985 0.01750704374010849 0.23809579486547544 0.04201690497626037
0.5711986642890533 0.1614039440940159 0.02275915686214103 0.21533663800333439 0.04726901809829292
1.1423973285781066 0.09079831166990297 0.02976197435818443 0.18207325489712825 0.07703099245647733
1.7135959928671598 0.08648112967954114 0.10679296681466177 0.13130282805081364 0.17331973302707404
2.284794657156213 0.16342962821263576 0.23459438611745376 0.10679296681466177 0.2521014298575622
2.8559933214452666 0.26840772871287794 0.45343243286880985 0.1295521236768028 0.31862819606997445
3.4271919857343196 0.2676377854279726 0.42016904976260366 0.10854367118867263 0.29236763045981173
3.998390650023373 0.16088148257925872 0.2836141085897575 0.11904789743273772 0.2363450904914646
4.569589314312426 0.08411630387590345 0.11204507993669433 0.11554648868471602 0.15581268928696554
5.140787978601479 0.09310814152461885 0.04201690497626037 0.18207325489712825 0.09103662744856413
5.711986642890533 0.16492368482501152 0.02801126998417358 0.22233945549937778 0.0647760618384014
