0.0 0.26622622273897956 0.01400563499208679 0.29236763045981173 0.015756339366097636
0.5711986642890533 0.1723848018954033 0.0017507043740108488 0.2486000211095405 0.007002817496043395
1.1423973285781066 0.06009224018856086 0.012254930618075942 0.17682114177509572 0.04901972247230377
1.7135959928671598 0.04396009517149754 0.0682774705864231 0.11554648868471602 0.11204507993669433
2.284794657156213 0.14234784779260987 0.24159720361349715 0.09453803619658584 0.27836199546772494
2.8559933214452666 0.3266117746551234 0.5112056772111678 0.10504226244065092 0.3729000316643108
3.4271919857343196 0.3258326653787311 0.5602253996834716 0.11379578431070517 0.40441271039650606
3.998390650023373 0.14291613926480187 0.23809579486547544 0.09979014931861838 0.2591042473536056
4.569589314312426 0.04213606286559095 0.0647760618384014 0.10679296681466177 0.1435577586688896
5.140787978601479 0.05844236172090666 0.02275915686214103 0.16456621115701978 0.07703099245647733
5.711986642890533 0.16975416233864354 0.015756339366097636 0.2328436817434429 0.03151267873219527
