0.0 0.2694343197594183 0.0035014087480216977 0.32738171794002874 0.01750704374010849
0.5711986642890533 0.174749627699041 0.01400563499208679 0.2363450904914646 0.02626056561016273
1.1423973285781066 0.058396531763471815 0.024509861236151884 0.1435577586688896 0.06302535746439054
1.7135959928671598 0.039734573096005386 0.0682774705864231 0.10854367118867263 0.13130282805081364
2.284794657156213 0.1386814511978227 0.27486058671970326 0.10154085369262923 0.2818634042157466
2.8559933214452666 0.3288666085609175 0.5777324434235801 0.11379578431070517 0.3641465097942565
3.4271919857343196 0.3254751917107394 0.5112056772111678 0.10504226244065092 0.40441271039650606
3.998390650023373 0.1417978883033918 0.2188380467513561 0.09803944494460753 0.25385213423157305
4.569589314312426 0.042997666065365925 0.04376760935027122 0.11204507993669433 0.1260507149287811
5.140787978601479 0.0566091634235131 0.008753521870054244 0.17507043740108488 0.050770426846314616
5.711986642890533 0.1739613524311618 0.0052521131220325465 0.2293422729954212 0.03151267873219527
