0.0 0.26930599587860077 0.007002817496043395 0.33963664855810466 0.012254930618075942
0.5711986642890533 0.17333806501004798 0.0017507043740108488 0.24509861236151884 0.03326338310620613
1.1423973285781066 0.05525259668344186 0.008753521870054244 0.12780141930279196 0.054271835594336314
1.7135959928671598 0.042539366491017534 0.05602253996834716 0.13480423679883535 0.1330535324248245
2.284794657156213 0.14310862508602817 0.266107064849649 0.07002817496043395 0.25035072548355136
2.8559933214452666 0.3256493455489918 0.5479704690653957 0.11204507993669433 0.3553929879242023
3.4271919857343196 0.32680426047634975 0.5042028597151244 0.10854367118867263 0.39215777977843014
3.998390650023373 0.13730655247477755 0.23459438611745376 0.11554648868471602 0.27836199546772494
4.569589314312426 0.04028453258522346 0.08928592307455328 0.08928592307455328 0.12780141930279196
5.140787978601479 0.05860734956767207 0.02976197435818443 0.1680676199050415 0.07703099245647733
5.711986642890533 0.1785076842086978 0.0052521131220325465 0.23984649923948628 0.036764791854227825
