0.0 0.497200042219081 0.6565141402540683 0.42892257163265796 0.40616341477051693
0.5711986642890533 0.3653136460435971 0.4114155278925494 0.323880309192007 0.3606451010462348
1.1423973285781066 0.1639826430323495 0.11729719305872688 0.18382395927113912 0.19082677676718252
1.7135959928671598 0.07352958370845565 0.03501408748021698 0.09803944494460753 0.08753521870054244
2.284794657156213 0.02976197435818443 0.0035014087480216977 0.050770426846314616 0.03501408748021698
2.8559933214452666 0.016339907490767924 0.0017507043740108488 0.01750704374010849 0.02976197435818443
3.4271919857343196 0.015756339366097636 0.0017507043740108488 0.01750704374010849 0.02801126998417358
3.998390650023373 0.024509861236151884 0.0017507043740108488 0.03151267873219527 0.04026620060224952
4.569589314312426 0.06185822121504999 0.02626056561016273 0.07528028808246649 0.08403380995252074
5.140787978601479 0.15814696178564666 0.11029437556268347 0.19082677676718252 0.17331973302707404
5.711986642890533 0.3443051935554669 0.3851549622823867 0.33263383106206124 0.31512678732195276
