0.0 0.6821911377395607 0.9558845882099235 0.5777324434235801 0.5129563815851786
0.5711986642890533 0.3909906435290895 0.3553929879242023 0.3851549622823867 0.43242398038067964
1.1423973285781066 0.12079860180674858 0.06127465309037971 0.14530846304290046 0.15581268928696554
1.7135959928671598 0.03034554248285471 0.0035014087480216977 0.03501408748021698 0.05252113122032546
2.284794657156213 0.008753521870054244 0.0 0.015756339366097636 0.010504226244065093
2.8559933214452666 0.0035014087480216977 0.0 0.0035014087480216977 0.007002817496043395
3.4271919857343196 0.0035014087480216977 0.0 0.0052521131220325465 0.0052521131220325465
3.998390650023373 0.007586385620713678 0.0 0.007002817496043395 0.015756339366097636
4.569589314312426 0.025093429360822164 0.0035014087480216977 0.02626056561016273 0.04551831372428206
5.140787978601479 0.10504226244065092 0.02801126998417358 0.13130282805081364 0.15581268928696554
5.711986642890533 0.3729000316643108 0.34313805730612634 0.41841834538859285 0.35714369229821313
