0.0 0.4966164740944108 0.6687690708721442 0.41841834538859285 0.40266200602249524
0.5711986642890533 0.3594779647968943 0.39040707540441927 0.3641465097942565 0.323880309192007
1.1423973285781066 0.1569798255363061 0.10854367118867263 0.19958029863723675 0.16281550678300893
1.7135959928671598 0.053104699344995746 0.02275915686214103 0.07002817496043395 0.06652676621241226
2.284794657156213 0.02567699748549245 0.0052521131220325465 0.024509861236151884 0.04726901809829292
2.8559933214452666 0.013422066867416507 0.0017507043740108488 0.019257748114119334 0.019257748114119334
3.4271919857343196 0.015172771241427355 0.0017507043740108488 0.015756339366097636 0.02801126998417358
3.998390650023373 0.0239262931114816 0.0 0.03326338310620613 0.03851549622823867
4.569589314312426 0.06711033433708254 0.03326338310620613 0.09103662744856413 0.07703099245647733
5.140787978601479 0.16748405178037118 0.11729719305872688 0.16981832427905233 0.21533663800333439
5.711986642890533 0.37173289541497023 0.4009113016484844 0.3448887616801372 0.36939862291628905
