0.0 0.7125366802224153 0.9226212051037174 0.5777324434235801 0.6372563921399489
0.5711986642890533 0.3711493272902999 0.38165355353436503 0.3641465097942565 0.36764791854227824
1.1423973285781066 0.10037371744328866 0.02976197435818443 0.14180705429487875 0.1295521236768028
1.7135959928671598 0.021008452488130186 0.0 0.03501408748021698 0.02801126998417358
2.284794657156213 0.0052521131220325465 0.0 0.008753521870054244 0.007002817496043395
2.8559933214452666 0.002917840623351415 0.0 0.0035014087480216977 0.0052521131220325465
3.4271919857343196 0.0035014087480216977 0.0 0.0017507043740108488 0.008753521870054244
3.998390650023373 0.008753521870054244 0.0 0.01400563499208679 0.012254930618075942
4.569589314312426 0.026844133734833013 0.0035014087480216977 0.03851549622823867 0.03851549622823867
5.140787978601479 0.10562583056532121 0.04201690497626037 0.14530846304290046 0.1295521236768028
5.711986642890533 0.3927413479031004 0.3711493272902999 0.42016904976260366 0.3869056666563976
