0.0 0.6886103871109338 0.9156183876076739 0.6074944177817645 0.5427183559433632
0.5711986642890533 0.38748923478106784 0.3448887616801372 0.4149169366405711 0.40266200602249524
1.1423973285781066 0.10679296681466177 0.04551831372428206 0.13830564554685706 0.1365549411728462
1.7135959928671598 0.020424884363459902 0.0 0.02801126998417358 0.03326338310620613
2.284794657156213 0.008753521870054244 0.0 0.012254930618075942 0.01400563499208679
2.8559933214452666 0.00583568124670283 0.0 0.0052521131220325465 0.012254930618075942
3.4271919857343196 0.002917840623351415 0.0 0.0035014087480216977 0.0052521131220325465
3.998390650023373 0.007586385620713678 0.0 0.015756339366097636 0.007002817496043395
4.569589314312426 0.02217558873747075 0.0 0.02801126998417358 0.03851549622823867
5.140787978601479 0.10562583056532121 0.04726901809829292 0.12254930618075942 0.1470591674169113
5.711986642890533 0.39449205227711126 0.3974098929004627 0.3746507360383216 0.4114155278925494
