0.0 0.6302535746439055 0.8403380995252073 0.5707296259275367 0.47969299847897257
0.5711986642890533 0.4090812553938683 0.4341746847546905 0.40266200602249524 0.39040707540441927
1.1423973285781066 0.12196573805608914 0.05602253996834716 0.14180705429487875 0.1680676199050415
1.7135959928671598 0.02334272498681132 0.0017507043740108488 0.024509861236151884 0.04376760935027122
2.284794657156213 0.012254930618075942 0.0 0.015756339366097636 0.021008452488130186
2.8559933214452666 0.010504226244065093 0.0 0.021008452488130186 0.010504226244065093
3.4271919857343196 0.008753521870054244 0.0 0.0052521131220325465 0.021008452488130186
3.998390650023373 0.010504226244065093 0.0 0.012254930618075942 0.019257748114119334
4.569589314312426 0.029178406233514146 0.0052521131220325465 0.03851549622823867 0.04376760935027122
5.140787978601479 0.12313287430542968 0.05602253996834716 0.15231128053894383 0.1610648024089981
5.711986642890533 0.37173289541497023 0.35714369229821313 0.36589721416826737 0.39215777977843014
