0.0 0.7020324539783503 0.8771028913794352 0.6179986440258296 0.6109958265297861
0.5711986642890533 0.3804864172850244 0.4096648235185386 0.3729000316643108 0.35889439667222395
1.1423973285781066 0.09628874057059668 0.03851549622823867 0.10854367118867263 0.14180705429487875
1.7135959928671598 0.02567699748549245 0.0 0.04026620060224952 0.036764791854227825
2.284794657156213 0.007586385620713678 0.0 0.012254930618075942 0.010504226244065093
2.8559933214452666 0.0035014087480216977 0.0 0.0017507043740108488 0.008753521870054244
3.4271919857343196 0.0035014087480216977 0.0 0.0052521131220325465 0.0052521131220325465
3.998390650023373 0.006419249371373112 0.0 0.007002817496043395 0.012254930618075942
4.569589314312426 0.026844133734833013 0.0017507043740108488 0.03151267873219527 0.04726901809829292
5.140787978601479 0.10679296681466177 0.04901972247230377 0.1400563499208679 0.13130282805081364
5.711986642890533 0.39157421165375983 0.3746507360383216 0.4131662322665603 0.3869056666563976
