0.0 0.7090352714743938 0.9121169788596523 0.6337549833919273 0.5812338521716018
0.5711986642890533 0.3997441653991438 0.3711493272902999 0.4149169366405711 0.4131662322665603
1.1423973285781066 0.09045305932389384 0.04376760935027122 0.10329155806664007 0.12430001055477025
1.7135959928671598 0.021008452488130186 0.0017507043740108488 0.036764791854227825 0.024509861236151884
2.284794657156213 0.007002817496043395 0.0 0.010504226244065093 0.010504226244065093
2.8559933214452666 0.002917840623351415 0.0 0.0035014087480216977 0.0052521131220325465
3.4271919857343196 0.0052521131220325465 0.0 0.008753521870054244 0.007002817496043395
3.998390650023373 0.004668544997362263 0.0 0.007002817496043395 0.007002817496043395
4.569589314312426 0.014589203116757073 0.0017507043740108488 0.021008452488130186 0.021008452488130186
5.140787978601479 0.10737653493933205 0.03501408748021698 0.12079860180674858 0.16631691553103062
5.711986642890533 0.3886563710304084 0.3851549622823867 0.39040707540441927 0.39040707540441927
