0.0 0.6775225927421985 0.8981113438675654 0.5759817390495693 0.5584746953094607
0.5711986642890533 0.37698500853700273 0.3641465097942565 0.40266200602249524 0.3641465097942565
1.1423973285781066 0.09862301306927782 0.03851549622823867 0.12430001055477025 0.1330535324248245
1.7135959928671598 0.0239262931114816 0.0035014087480216977 0.02626056561016273 0.04201690497626037
2.284794657156213 0.010504226244065093 0.0 0.015756339366097636 0.015756339366097636
2.8559933214452666 0.0005835681246702829 0.0 0.0017507043740108488 0.0
3.4271919857343196 0.006419249371373112 0.0 0.0052521131220325465 0.01400563499208679
3.998390650023373 0.010504226244065093 0.0 0.012254930618075942 0.019257748114119334
4.569589314312426 0.03384695123087641 0.0035014087480216977 0.04201690497626037 0.05602253996834716
5.140787978601479 0.11904789743273772 0.050770426846314616 0.15056057616493299 0.15581268928696554
5.711986642890533 0.3927413479031004 0.39215777977843014 0.39390848415244095 0.39215777977843014
