0.0 0.43937948154229034 0.0 0.8578451432653159 0.0
0.5711986642890533 0.09160442346175685 0.0 0.30462256107788765 0.007002817496043395
1.1423973285781066 0.004637000774407113 0.0 0.09103662744856413 0.007002817496043395
1.7135959928671598 0.002081918715039928 0.007002817496043395 0.007002817496043395 0.024509861236151884
2.284794657156213 0.02895759667282809 0.04201690497626037 0.0 0.1400563499208679
2.8559933214452666 0.5203850460911166 0.8263324645331206 0.0 0.647760618384014
3.4271919857343196 0.537040395811436 0.8403380995252073 0.0 0.728293019588513
3.998390650023373 0.028200535321904485 0.03151267873219527 0.0035014087480216977 0.18557466364514996
4.569589314312426 0.001324857364116318 0.0035014087480216977 0.007002817496043395 0.010504226244065093
5.140787978601479 0.004069204761214406 0.0 0.04901972247230377 0.0
5.711986642890533 0.09302391349473861 0.0 0.43067327600666877 0.0
