0.0 0.4453413396808138 0.007002817496043395 0.878853595753446 0.007002817496043395
0.5711986642890533 0.08374991194592438 0.0 0.3606451010462348 0.0035014087480216977
1.1423973285781066 0.0035014087480216977 0.0 0.04201690497626037 0.007002817496043395
1.7135959928671598 0.0032175107414253437 0.0035014087480216977 0.0035014087480216977 0.024509861236151884
2.284794657156213 0.02384743255409372 0.04201690497626037 0.0035014087480216977 0.1400563499208679
2.8559933214452666 0.5420559272613049 0.8718507782574026 0.0035014087480216977 0.7703099245647734
3.4271919857343196 0.5455573360093267 0.8193296470370772 0.0035014087480216977 0.6512620271320357
3.998390650023373 0.021860146507919245 0.007002817496043395 0.007002817496043395 0.1330535324248245
4.569589314312426 0.0014194900329817693 0.0 0.0 0.007002817496043395
5.140787978601479 0.0035960414168871493 0.0 0.06652676621241226 0.0
5.711986642890533 0.07655782911215009 0.0 0.38165355353436503 0.007002817496043395
