0.0 0.4480856870779118 0.0035014087480216977 0.8963606394935546 0.0035014087480216977
0.5711986642890533 0.0811948298865572 0.0035014087480216977 0.38165355353436503 0.0035014087480216977
1.1423973285781066 0.0032175107414253437 0.0 0.04201690497626037 0.0
1.7135959928671598 0.0028389800659635385 0.0 0.01750704374010849 0.01400563499208679
2.284794657156213 0.020913819819264733 0.03501408748021698 0.0035014087480216977 0.11904789743273772
2.8559933214452666 0.5348638444275307 0.7913183770529036 0.0 0.728293019588513
3.4271919857343196 0.5486802140818865 0.8718507782574026 0.0 0.7072845671003829
3.998390650023373 0.02129235049472654 0.04201690497626037 0.0 0.15056057616493299
4.569589314312426 0.0029336127348289897 0.0 0.0 0.021008452488130186
5.140787978601479 0.005488694794196175 0.0 0.04901972247230377 0.0035014087480216977
5.711986642890533 0.0811948298865572 0.0035014087480216977 0.3606451010462348 0.0
