0.0 0.3245900542084979 0.0 0.6757718883681876 0.01400563499208679
0.5711986642890533 0.12217077550529762 0.0 0.33963664855810466 0.01750704374010849
1.1423973285781066 0.014573431005279497 0.0 0.11554648868471602 0.01400563499208679
1.7135959928671598 0.0071920828337742986 0.0035014087480216977 0.03851549622823867 0.06302535746439054
2.284794657156213 0.08337138127046258 0.1365549411728462 0.007002817496043395 0.21008452488130183
2.8559933214452666 0.4844246319222451 0.7212902020924696 0.024509861236151884 0.5532225821874283
3.4271919857343196 0.4786520391214526 0.7493014720766432 0.01400563499208679 0.5812338521716018
3.998390650023373 0.08242505458180807 0.1365549411728462 0.01750704374010849 0.18557466364514996
4.569589314312426 0.007286715502639748 0.0035014087480216977 0.021008452488130186 0.08753521870054244
5.140787978601479 0.013437838978894083 0.0 0.1295521236768028 0.01400563499208679
5.711986642890533 0.13258036908049725 0.0 0.36764791854227824 0.010504226244065093
