0.0 0.4586845459908424 0.0 0.8193296470370772 0.0
0.5711986642890533 0.08327674860159713 0.0 0.4691887722349075 0.0
1.1423973285781066 0.003406776079156246 0.0 0.04901972247230377 0.0035014087480216977
1.7135959928671598 0.001040959357519964 0.0 0.007002817496043395 0.0035014087480216977
2.284794657156213 0.02129235049472654 0.03151267873219527 0.0035014087480216977 0.15406198491295467
2.8559933214452666 0.5387437838510142 0.8263324645331206 0.0 0.6687690708721442
3.4271919857343196 0.5348638444275307 0.8508423257692724 0.0 0.7493014720766432
3.998390650023373 0.022144044514515602 0.04201690497626037 0.0 0.15406198491295467
4.569589314312426 0.0017980207084435746 0.0 0.0035014087480216977 0.010504226244065093
5.140787978601479 0.003974572092348954 0.0 0.05952394871636886 0.007002817496043395
5.711986642890533 0.08147872789315355 0.0 0.33963664855810466 0.0
