0.0 0.33282309639979213 0.0035014087480216977 0.6302535746439055 0.01400563499208679
0.5711986642890533 0.1313501443852464 0.0 0.3746507360383216 0.0
1.1423973285781066 0.016844615058050325 0.0 0.1680676199050415 0.01750704374010849
1.7135959928671598 0.007665246178101554 0.010504226244065093 0.03151267873219527 0.06302535746439054
2.284794657156213 0.08005923786017179 0.08403380995252074 0.0 0.24159720361349715
2.8559933214452666 0.4610503627124786 0.7422986545805998 0.0 0.5952394871636886
3.4271919857343196 0.47761107976393263 0.752802880824665 0.0035014087480216977 0.5427183559433632
3.998390650023373 0.08621036133642612 0.1295521236768028 0.01400563499208679 0.22759156862141033
4.569589314312426 0.006245756145119784 0.024509861236151884 0.02801126998417358 0.03151267873219527
5.140787978601479 0.01324857364116318 0.0035014087480216977 0.12254930618075942 0.01400563499208679
5.711986642890533 0.13759590053036616 0.0 0.37815214478634335 0.0035014087480216977
