0.0 0.4269826019209162 0.0 0.833335282029164 0.024509861236151884
0.5711986642890533 0.09046883143537142 0.0 0.3851549622823867 0.010504226244065093
1.1423973285781066 0.003312143410290795 0.0 0.04901972247230377 0.01400563499208679
1.7135959928671598 0.0017980207084435746 0.0 0.01400563499208679 0.01750704374010849
2.284794657156213 0.030566352043540766 0.04901972247230377 0.007002817496043395 0.16456621115701978
2.8559933214452666 0.5417720292547086 0.8613465520133375 0.024509861236151884 0.6687690708721442
3.4271919857343196 0.5400686412151304 0.8053240120449905 0.01400563499208679 0.6652676621241225
3.998390650023373 0.026213249275730006 0.03501408748021698 0.010504226244065093 0.1470591674169113
4.569589314312426 0.0014194900329817693 0.0 0.010504226244065093 0.02801126998417358
5.140787978601479 0.002365816721636282 0.0 0.021008452488130186 0.007002817496043395
5.711986642890533 0.08573719799209886 0.0 0.38165355353436503 0.0035014087480216977
