0.0 0.43937948154229034 0.0035014087480216977 0.7843155595568603 0.01400563499208679
0.5711986642890533 0.07807195181399731 0.0 0.43067327600666877 0.0035014087480216977
1.1423973285781066 0.002081918715039928 0.0 0.04901972247230377 0.0
1.7135959928671598 0.0017980207084435746 0.0 0.01400563499208679 0.007002817496043395
2.284794657156213 0.02148161583245744 0.01750704374010849 0.0035014087480216977 0.15056057616493299
2.8559933214452666 0.5419612945924396 0.8018226032969688 0.007002817496043395 0.7002817496043395
3.4271919857343196 0.5503836021214646 0.878853595753446 0.010504226244065093 0.6862761146122527
3.998390650023373 0.02365816721636282 0.04551831372428206 0.007002817496043395 0.1435577586688896
4.569589314312426 0.002081918715039928 0.0035014087480216977 0.0035014087480216977 0.021008452488130186
5.140787978601479 0.004069204761214406 0.0 0.06302535746439054 0.010504226244065093
5.711986642890533 0.08573719799209886 0.0 0.37815214478634335 0.01400563499208679
