0.0 0.4611449953813441 0.0 0.9628874057059669 0.0
0.5711986642890533 0.08251968725067352 0.0 0.336135239810083 0.0
1.1423973285781066 0.003028245403694441 0.0 0.03851549622823867 0.0
1.7135959928671598 0.0015141227018472204 0.0 0.0035014087480216977 0.010504226244065093
2.284794657156213 0.02299573853430466 0.04201690497626037 0.0 0.17156902865306317
2.8559933214452666 0.5309839050040472 0.8193296470370772 0.0 0.7317944283365347
3.4271919857343196 0.5446110093206721 0.8473409170212508 0.0035014087480216977 0.7107859758484046
3.998390650023373 0.0219547791767847 0.04201690497626037 0.0 0.11204507993669433
4.569589314312426 0.001703388039578123 0.0 0.010504226244065093 0.01400563499208679
5.140787978601479 0.0028389800659635385 0.0 0.04201690497626037 0.0
5.711986642890533 0.07740952313193915 0.0 0.35364228355019145 0.0
