0.0 0.02334272498681132 0.0052521131220325465 0.03151267873219527 0.03326338310620613
0.5711986642890533 0.03851549622823867 0.008753521870054244 0.050770426846314616 0.05602253996834716
1.1423973285781066 0.07586385620713679 0.03151267873219527 0.09453803619658584 0.10154085369262923
1.7135959928671598 0.09979014931861838 0.07703099245647733 0.11379578431070517 0.10854367118867263
2.284794657156213 0.24393147611217827 0.2591042473536056 0.208333820507291 0.26435636047563815
2.8559933214452666 0.4149169366405711 0.5129563815851786 0.3851549622823867 0.3466394660541481
3.4271919857343196 0.3892399391550787 0.451681728494799 0.36939862291628905 0.3466394660541481
3.998390650023373 0.24743288486019996 0.2818634042157466 0.23809579486547544 0.22233945549937778
4.569589314312426 0.12838498742746224 0.07703099245647733 0.15406198491295467 0.15406198491295467
5.140787978601479 0.06010751684103914 0.03326338310620613 0.07878169683048819 0.0682774705864231
5.711986642890533 0.029178406233514146 0.012254930618075942 0.02626056561016273 0.04901972247230377
