0.0 0.02275915686214103 0.0 0.03326338310620613 0.03501408748021698
0.5711986642890533 0.03151267873219527 0.0052521131220325465 0.04726901809829292 0.04201690497626037
1.1423973285781066 0.04843615434763348 0.01750704374010849 0.05952394871636886 0.0682774705864231
1.7135959928671598 0.10504226244065092 0.06652676621241226 0.12254930618075942 0.1260507149287811
2.284794657156213 0.24976715735888108 0.21358593362932354 0.25385213423157305 0.2818634042157466
2.8559933214452666 0.4137498003912306 0.5182084947072112 0.35014087480216977 0.3729000316643108
3.4271919857343196 0.43475825287936076 0.5619761040574824 0.38165355353436503 0.3606451010462348
3.998390650023373 0.2363450904914646 0.24684931673552965 0.23984649923948628 0.22233945549937778
4.569589314312426 0.11204507993669433 0.07352958370845565 0.12780141930279196 0.13480423679883535
5.140787978601479 0.06185822121504999 0.03326338310620613 0.07528028808246649 0.07703099245647733
5.711986642890533 0.03443051935554669 0.01400563499208679 0.05952394871636886 0.02976197435818443
