0.0 0.008753521870054244 0.0 0.01750704374010849 0.008753521870054244
0.5711986642890533 0.00992065811939481 0.0 0.01750704374010849 0.012254930618075942
1.1423973285781066 0.02217558873747075 0.0017507043740108488 0.03151267873219527 0.03326338310620613
1.7135959928671598 0.06711033433708254 0.024509861236151884 0.09103662744856413 0.08578451432653159
2.284794657156213 0.24684931673552965 0.20308170738525846 0.27836199546772494 0.2591042473536056
2.8559933214452666 0.5234606078292438 0.6442592096359924 0.4411775022507339 0.4849451116010051
3.4271919857343196 0.5281291528266061 0.670519775246155 0.44292820662474475 0.47093947660891833
3.998390650023373 0.22409015987338865 0.17331973302707404 0.266107064849649 0.2328436817434429
4.569589314312426 0.07469671995779621 0.02976197435818443 0.10504226244065092 0.08928592307455328
5.140787978601479 0.03034554248285471 0.0017507043740108488 0.04551831372428206 0.04376760935027122
5.711986642890533 0.015172771241427355 0.0017507043740108488 0.01400563499208679 0.02976197435818443
