0.0 0.01809061186477877 0.0 0.024509861236151884 0.02976197435818443
0.5711986642890533 0.015756339366097636 0.0017507043740108488 0.01750704374010849 0.02801126998417358
1.1423973285781066 0.03267981498153585 0.007002817496043395 0.05602253996834716 0.03501408748021698
1.7135959928671598 0.07703099245647733 0.04551831372428206 0.09278733182257498 0.09278733182257498
2.284794657156213 0.22642443237206977 0.19257748114119336 0.23459438611745376 0.2521014298575622
2.8559933214452666 0.486695815975016 0.6022423046597319 0.41841834538859285 0.439426797876723
3.4271919857343196 0.5187920628318815 0.647760618384014 0.47444088535694 0.4341746847546905
3.998390650023373 0.24684931673552965 0.21358593362932354 0.25035072548355136 0.27661129109371413
4.569589314312426 0.08461737807719102 0.03851549622823867 0.10504226244065092 0.11029437556268347
5.140787978601479 0.027427701859503294 0.0 0.05252113122032546 0.02976197435818443
5.711986642890533 0.016339907490767924 0.0017507043740108488 0.024509861236151884 0.02275915686214103
