0.0 0.006419249371373112 0.0 0.010504226244065093 0.008753521870054244
0.5711986642890533 0.013422066867416507 0.0 0.019257748114119334 0.021008452488130186
1.1423973285781066 0.02275915686214103 0.0 0.036764791854227825 0.03151267873219527
1.7135959928671598 0.06886103871109338 0.02275915686214103 0.06652676621241226 0.11729719305872688
2.284794657156213 0.2258408642473995 0.15231128053894383 0.25385213423157305 0.2713591779716816
2.8559933214452666 0.5491376053147362 0.7090352714743938 0.4691887722349075 0.4691887722349075
3.4271919857343196 0.5619761040574824 0.6845254102382419 0.5007014509671027 0.5007014509671027
3.998390650023373 0.20716668425795043 0.16456621115701978 0.23809579486547544 0.2188380467513561
4.569589314312426 0.06711033433708254 0.01750704374010849 0.10679296681466177 0.07703099245647733
5.140787978601479 0.019257748114119334 0.0 0.036764791854227825 0.021008452488130186
5.711986642890533 0.008753521870054244 0.0 0.012254930618075942 0.01400563499208679
