0.0 0.014589203116757073 0.0017507043740108488 0.021008452488130186 0.021008452488130186
0.5711986642890533 0.01167136249340566 0.0052521131220325465 0.012254930618075942 0.01750704374010849
1.1423973285781066 0.03618122372955754 0.0052521131220325465 0.04376760935027122 0.05952394871636886
1.7135959928671598 0.0852009462018613 0.04551831372428206 0.10679296681466177 0.10329155806664007
2.284794657156213 0.24101363548882682 0.19607888988921507 0.26785776922365984 0.2591042473536056
2.8559933214452666 0.53629910657199 0.6547634358800575 0.47969299847897257 0.47444088535694
3.4271919857343196 0.49194792909704854 0.5934887827896778 0.4254211628846362 0.45693384161683154
3.998390650023373 0.2048324117592693 0.20308170738525846 0.2258408642473995 0.18557466364514996
4.569589314312426 0.08228310557850989 0.036764791854227825 0.09803944494460753 0.11204507993669433
5.140787978601479 0.02976197435818443 0.0052521131220325465 0.03851549622823867 0.04551831372428206
5.711986642890533 0.016923475615438204 0.0035014087480216977 0.03151267873219527 0.015756339366097636
