0.0 0.011087794368735375 0.0 0.010504226244065093 0.02275915686214103
0.5711986642890533 0.010504226244065093 0.0 0.008753521870054244 0.02275915686214103
1.1423973285781066 0.019257748114119334 0.0052521131220325465 0.02976197435818443 0.02275915686214103
1.7135959928671598 0.05894038059169857 0.02275915686214103 0.08403380995252074 0.07002817496043395
2.284794657156213 0.2188380467513561 0.16281550678300893 0.2486000211095405 0.24509861236151884
2.8559933214452666 0.5520554459380876 0.7020324539783503 0.47794229410496175 0.4761915897309509
3.4271919857343196 0.5415512196940225 0.66001554900209 0.47969299847897257 0.4849451116010051
3.998390650023373 0.23809579486547544 0.1803225505231174 0.2713591779716816 0.2626056561016273
4.569589314312426 0.06419249371373112 0.015756339366097636 0.09103662744856413 0.08578451432653159
5.140787978601479 0.025093429360822164 0.0017507043740108488 0.04026620060224952 0.03326338310620613
5.711986642890533 0.011087794368735375 0.0 0.008753521870054244 0.024509861236151884
