0.0 0.00583568124670283 0.0 0.0052521131220325465 0.012254930618075942
0.5711986642890533 0.008753521870054244 0.0 0.01750704374010849 0.008753521870054244
1.1423973285781066 0.015756339366097636 0.0035014087480216977 0.02976197435818443 0.01400563499208679
1.7135959928671598 0.06185822121504999 0.021008452488130186 0.07352958370845565 0.09103662744856413
2.284794657156213 0.23226011361877258 0.18382395927113912 0.24159720361349715 0.2713591779716816
2.8559933214452666 0.5438854921927037 0.6827747058642311 0.4936986334710593 0.45518313724282067
3.4271919857343196 0.532214129699298 0.6530127315060466 0.44292820662474475 0.5007014509671027
3.998390650023373 0.2421807717381674 0.18382395927113912 0.29236763045981173 0.25035072548355136
4.569589314312426 0.07119531120977451 0.02275915686214103 0.09628874057059668 0.09453803619658584
5.140787978601479 0.02626056561016273 0.0 0.04026620060224952 0.03851549622823867
5.711986642890533 0.010504226244065093 0.0 0.01750704374010849 0.01400563499208679
