0.0 0.009337089994724527 0.0 0.015756339366097636 0.012254930618075942
0.5711986642890533 0.008169953745383962 0.0 0.007002817496043395 0.01750704374010849
1.1423973285781066 0.018674179989449053 0.0035014087480216977 0.036764791854227825 0.015756339366097636
1.7135959928671598 0.06711033433708254 0.01750704374010849 0.09628874057059668 0.08753521870054244
2.284794657156213 0.24451504423684853 0.18207325489712825 0.27661129109371413 0.27486058671970326
2.8559933214452666 0.5287127209512763 0.6775225927421985 0.44292820662474475 0.4656873634868858
3.4271919857343196 0.5450526284420443 0.6390070965139598 0.4901972247230377 0.5059535640891353
3.998390650023373 0.22992584112009146 0.21008452488130183 0.24159720361349715 0.23809579486547544
4.569589314312426 0.06419249371373112 0.019257748114119334 0.08753521870054244 0.08578451432653159
5.140787978601479 0.0239262931114816 0.0017507043740108488 0.03501408748021698 0.03501408748021698
5.711986642890533 0.011087794368735375 0.0 0.021008452488130186 0.012254930618075942
