0.0 0.006419249371373112 0.0 0.007002817496043395 0.012254930618075942
0.5711986642890533 0.01167136249340566 0.0 0.01750704374010849 0.01750704374010849
1.1423973285781066 0.01750704374010849 0.0017507043740108488 0.021008452488130186 0.02976197435818443
1.7135959928671598 0.06127465309037971 0.010504226244065093 0.08753521870054244 0.08578451432653159
2.284794657156213 0.2252572961227292 0.17857184614910657 0.24159720361349715 0.2556028386055839
2.8559933214452666 0.5433019240680335 0.6880268189862636 0.486695815975016 0.45518313724282067
3.4271919857343196 0.5707296259275367 0.6827747058642311 0.5059535640891353 0.5234606078292438
3.998390650023373 0.22350659174871837 0.17331973302707404 0.2556028386055839 0.24159720361349715
4.569589314312426 0.05835681246702829 0.015756339366097636 0.07878169683048819 0.08053240120449905
5.140787978601479 0.016339907490767924 0.0 0.02626056561016273 0.02275915686214103
5.711986642890533 0.016339907490767924 0.0 0.02275915686214103 0.02626056561016273
