0.0 0.3445872049458579 0.33056481680186667 0.23188875208489151 0.29109439091507655
0.2026833970057931 0.3970413235585657 0.444042291226388 0.3453662265094129 0.3453662265094129
0.4053667940115862 0.4144394718112955 0.46377750416978303 0.28616058767922786 0.3897704556320517
0.6080501910173793 0.4136604502477404 0.444042291226388 0.4193732750471443 0.30589580062262284
0.8107335880231724 0.34173079254615596 0.40950566857544674 0.3552338329811104 0.36016763621695913
1.0134169850289656 0.2890170000789297 0.3700352426886567 0.28616058767922786 0.2664253747358328
1.2161003820347587 0.2233195148857858 0.19735212943395022 0.2466901617924378 0.22695494884904274
1.4187837790405518 0.1916393046345464 0.16281550678300893 0.19241832619810148 0.19241832619810148
1.6214671760463448 0.13996420758539363 0.09374226148112635 0.1677493100188577 0.19241832619810148
1.824150573052138 0.13632877362213666 0.0789408517735801 0.1332126873679164 0.17268311325470645
2.026833970057931 0.12022899464199861 0.0789408517735801 0.15294790031131142 0.10854367118867261
2.2295173670637243 0.11399682213355809 0.0888084582452776 0.11347747442452137 0.10360986795282387
2.4322007640695174 0.10776464962511756 0.05920563883018507 0.1578817035471602 0.10854367118867261
2.6348841610753104 0.1028308463892688 0.10360986795282387 0.14801409707546268 0.11841127766037014
2.8375675580811035 0.10179215097119537 0.0789408517735801 0.17268311325470645 0.049338032358487556
3.0402509550868966 0.09374226148112635 0.11347747442452137 0.09867606471697511 0.06907324530188258
3.2429343520926897 0.08101824260972694 0.1332126873679164 0.10360986795282387 0.0444042291226388
3.4456177490984827 0.06751520217477244 0.08387465500942885 0.08387465500942885 0.06907324530188258
3.648301146104276 0.07166998384706613 0.06413944206603382 0.0444042291226388 0.1233450808962189
3.850984543110069 0.04881868464945085 0.0444042291226388 0.03453662265094129 0.06413944206603382
4.053667940115862 0.03791238275967991 0.019735212943395024 0.014801409707546268 0.05427183559433631
4.2563513371216555 0.027525428578945688 0.009867606471697512 0.014801409707546268 0.03947042588679005
4.4590347341274486 0.01817716981628489 0.009867606471697512 0.03947042588679005 0.049338032358487556
4.661718131133242 0.02259162534309693 0.014801409707546268 0.014801409707546268 0.029602819415092536
4.864401528139035 0.036614013487088135 0.06413944206603382 0.03453662265094129 0.029602819415092536
5.067084925144828 0.06336042050247875 0.024669016179243778 0.11347747442452137 0.09374226148112635
5.269768322150621 0.1075049757705992 0.10854367118867261 0.1332126873679164 0.11841127766037014
5.472451719156414 0.13710779518569174 0.1233450808962189 0.1578817035471602 0.14308029383961393
5.675135116162207 0.18722484910773438 0.19735212943395022 0.1874845229622527 0.1776169164905552
5.877818513168 0.2144906038321617 0.22695494884904274 0.18255071972640394 0.2466901617924378
6.080501910173793 0.2801880890253057 0.29109439091507655 0.2664253747358328 0.35030002974526164
