0.0 0.22228081946771233 0.2762929812075303 0.1233450808962189 0.26149157149998403
0.2026833970057931 0.20124723725172558 0.19735212943395022 0.16281550678300893 0.1776169164905552
0.4053667940115862 0.1490527924935361 0.13814649060376516 0.11841127766037014 0.1874845229622527
0.6080501910173793 0.12438377631429232 0.1677493100188577 0.1233450808962189 0.1677493100188577
0.8107335880231724 0.10828399733415427 0.11347747442452137 0.13814649060376516 0.1233450808962189
1.0134169850289656 0.13762714289472844 0.12827888413206764 0.10854367118867261 0.19241832619810148
1.2161003820347587 0.15346724802034814 0.09867606471697511 0.12827888413206764 0.14801409707546268
1.4187837790405518 0.18514745827158752 0.17268311325470645 0.23188875208489151 0.1677493100188577
1.6214671760463448 0.18618615368966093 0.202285932669799 0.16281550678300893 0.15294790031131142
1.824150573052138 0.1770975687815185 0.18255071972640394 0.1677493100188577 0.2713591779716816
2.026833970057931 0.1641138760556007 0.19735212943395022 0.09374226148112635 0.19735212943395022
2.2295173670637243 0.15840105125619688 0.1874845229622527 0.0888084582452776 0.15294790031131142
2.4322007640695174 0.15736235583812347 0.13814649060376516 0.16281550678300893 0.09867606471697511
2.6348841610753104 0.13762714289472844 0.1233450808962189 0.1233450808962189 0.1332126873679164
2.8375675580811035 0.12386442860525561 0.11841127766037014 0.1874845229622527 0.1233450808962189
3.0402509550868966 0.10360986795282387 0.0888084582452776 0.08387465500942885 0.11347747442452137
3.2429343520926897 0.08465367657298391 0.0444042291226388 0.1332126873679164 0.07400704853773134
3.4456177490984827 0.08075856875520857 0.05427183559433631 0.12827888413206764 0.10360986795282387
3.648301146104276 0.06673618061121739 0.03453662265094129 0.10360986795282387 0.16281550678300893
3.850984543110069 0.06517813748410724 0.06413944206603382 0.11841127766037014 0.05920563883018507
4.053667940115862 0.07686346093743325 0.06413944206603382 0.14801409707546268 0.10854367118867261
4.2563513371216555 0.1028308463892688 0.09867606471697511 0.10360986795282387 0.0888084582452776
4.4590347341274486 0.13632877362213666 0.13814649060376516 0.21708734237734523 0.0789408517735801
4.661718131133242 0.18099267659929383 0.22695494884904274 0.14308029383961393 0.10360986795282387
4.864401528139035 0.19891017256106033 0.1677493100188577 0.19241832619810148 0.15294790031131142
5.067084925144828 0.22513723186741427 0.23188875208489151 0.2762929812075303 0.1332126873679164
5.269768322150621 0.23682255532074029 0.23188875208489151 0.26149157149998403 0.18255071972640394
5.472451719156414 0.23889994615688712 0.20721973590564774 0.2713591779716816 0.222021145613194
5.675135116162207 0.24253538012014408 0.3206972103301691 0.222021145613194 0.24175635855658903
5.877818513168 0.24617081408340108 0.26149157149998403 0.21708734237734523 0.3108296038584716
6.080501910173793 0.26123189764546567 0.2565577682641353 0.19241832619810148 0.24175635855658903
