0.0 0.4037928437760429 0.444042291226388 0.39470425886790045 0.4193732750471443
0.2026833970057931 0.3721126335248035 0.3996380621037492 0.3996380621037492 0.28616058767922786
0.4053667940115862 0.35938861465340405 0.4144394718112955 0.36016763621695913 0.3157634070943204
0.6080501910173793 0.3253713397114995 0.3996380621037492 0.3009619973867741 0.3009619973867741
0.8107335880231724 0.2986249326961089 0.28616058767922786 0.33056481680186667 0.222021145613194
1.0134169850289656 0.23033070895778138 0.1874845229622527 0.23682255532074029 0.21215353914149648
1.2161003820347587 0.17787659034507358 0.14801409707546268 0.222021145613194 0.1677493100188577
1.4187837790405518 0.12724018871399423 0.05427183559433631 0.202285932669799 0.05920563883018507
1.6214671760463448 0.08309563344587377 0.03947042588679005 0.17268311325470645 0.0789408517735801
1.824150573052138 0.0444042291226388 0.03453662265094129 0.15294790031131142 0.03947042588679005
2.026833970057931 0.024409342324725424 0.024669016179243778 0.07400704853773134 0.029602819415092536
2.2295173670637243 0.012724018871399422 0.014801409707546268 0.049338032358487556 0.029602819415092536
2.4322007640695174 0.0064918463629588885 0.004933803235848756 0.024669016179243778 0.024669016179243778
2.6348841610753104 0.004154781672293689 0.0 0.014801409707546268 0.014801409707546268
2.8375675580811035 0.0007790215635550667 0.0 0.0 0.004933803235848756
3.0402509550868966 0.0020773908361468446 0.0 0.0 0.009867606471697512
3.2429343520926897 0.0028564123997019113 0.0 0.009867606471697512 0.019735212943395024
3.4456177490984827 0.004154781672293689 0.0 0.009867606471697512 0.019735212943395024
3.648301146104276 0.008569237199105734 0.0 0.009867606471697512 0.024669016179243778
3.850984543110069 0.01687880054369311 0.0 0.03947042588679005 0.0444042291226388
4.053667940115862 0.02726575472442733 0.03453662265094129 0.024669016179243778 0.05427183559433631
4.2563513371216555 0.04570259839523058 0.019735212943395024 0.05427183559433631 0.08387465500942885
4.4590347341274486 0.06491846362958889 0.049338032358487556 0.049338032358487556 0.1332126873679164
4.661718131133242 0.10880334504319099 0.0888084582452776 0.08387465500942885 0.1874845229622527
4.864401528139035 0.1420415984215405 0.11841127766037014 0.11841127766037014 0.202285932669799
5.067084925144828 0.19994886797913378 0.16281550678300893 0.15294790031131142 0.23188875208489151
5.269768322150621 0.28356384913404425 0.25162396502828654 0.19735212943395022 0.29602819415092535
5.472451719156414 0.3282277521112014 0.404571865339598 0.29109439091507655 0.28122678444337906
5.675135116162207 0.39548328043145553 0.404571865339598 0.35030002974526164 0.3749690459245054
5.877818513168 0.4141797979567771 0.44897609446223674 0.3206972103301691 0.34043242327356416
6.080501910173793 0.4183345796290708 0.49831412682072435 0.28616058767922786 0.42430707828299297
