0.0 0.5710228060858639 0.6413944206603382 0.37990284916035416 0.6117916012452457
0.2026833970057931 0.5775146524488227 0.5525859624150606 0.4588437009339343 0.47364511064148057
0.4053667940115862 0.5097397764195319 0.666063436839582 0.3206972103301691 0.4588437009339343
0.6080501910173793 0.42950055537336007 0.5821887818301531 0.28616058767922786 0.47364511064148057
0.8107335880231724 0.3357582938922337 0.3108296038584716 0.30589580062262284 0.37990284916035416
1.0134169850289656 0.25318200815539665 0.14801409707546268 0.2466901617924378 0.28616058767922786
1.2161003820347587 0.17839593805411028 0.09374226148112635 0.21708734237734523 0.30589580062262284
1.4187837790405518 0.10828399733415427 0.05427183559433631 0.16281550678300893 0.1776169164905552
1.6214671760463448 0.08179726417328201 0.03947042588679005 0.13814649060376516 0.10854367118867261
1.824150573052138 0.04284618599552867 0.004933803235848756 0.09374226148112635 0.06907324530188258
2.026833970057931 0.018436843670803244 0.0 0.049338032358487556 0.0444042291226388
2.2295173670637243 0.009088584908142445 0.0 0.06907324530188258 0.014801409707546268
2.4322007640695174 0.0025967385451835553 0.0 0.024669016179243778 0.0
2.6348841610753104 0.0025967385451835553 0.0 0.029602819415092536 0.0
2.8375675580811035 0.0002596738545183556 0.0 0.0 0.004933803235848756
3.0402509550868966 0.0005193477090367112 0.0 0.004933803235848756 0.0
3.2429343520926897 0.0005193477090367112 0.0 0.004933803235848756 0.0
3.4456177490984827 0.0002596738545183556 0.0 0.0 0.0
3.648301146104276 0.0 0.0 0.0 0.0
3.850984543110069 0.0020773908361468446 0.0 0.004933803235848756 0.004933803235848756
4.053667940115862 0.003116086254220267 0.0 0.014801409707546268 0.004933803235848756
4.2563513371216555 0.005972498653922178 0.0 0.029602819415092536 0.009867606471697512
4.4590347341274486 0.014282061998509557 0.0 0.05427183559433631 0.0
4.661718131133242 0.03297857952383116 0.024669016179243778 0.06413944206603382 0.049338032358487556
4.864401528139035 0.06258139893892369 0.049338032358487556 0.09374226148112635 0.0888084582452776
5.067084925144828 0.10386954180734222 0.10360986795282387 0.17268311325470645 0.10360986795282387
5.269768322150621 0.15580431271101333 0.13814649060376516 0.21215353914149648 0.17268311325470645
5.472451719156414 0.22539690572193263 0.19241832619810148 0.30589580062262284 0.11841127766037014
5.675135116162207 0.31264732084010005 0.3009619973867741 0.3009619973867741 0.2762929812075303
5.877818513168 0.39782034512212067 0.42430707828299297 0.4884465203490268 0.32563101356601787
6.080501910173793 0.49493836671198566 0.606857798009397 0.3996380621037492 0.3700352426886567
