0.0 0.45676631009778745 0.4539098976980855 0.3651014394528079 0.44897609446223674
0.2026833970057931 0.43417468475469045 0.32563101356601787 0.32563101356601787 0.47364511064148057
0.4053667940115862 0.3749690459245054 0.3651014394528079 0.28616058767922786 0.4933803235848756
0.6080501910173793 0.2905750432060399 0.3009619973867741 0.25162396502828654 0.3108296038584716
0.8107335880231724 0.23214842593940987 0.21708734237734523 0.16281550678300893 0.33056481680186667
1.0134169850289656 0.17605887336344508 0.22695494884904274 0.1776169164905552 0.21215353914149648
1.2161003820347587 0.13710779518569174 0.15294790031131142 0.12827888413206764 0.21708734237734523
1.4187837790405518 0.11269845286096632 0.11841127766037014 0.09374226148112635 0.09867606471697511
1.6214671760463448 0.08023922104617186 0.09374226148112635 0.08387465500942885 0.06413944206603382
1.824150573052138 0.06024433424825849 0.05427183559433631 0.0888084582452776 0.05427183559433631
2.026833970057931 0.05219444475818947 0.049338032358487556 0.09374226148112635 0.014801409707546268
2.2295173670637243 0.044144555268120445 0.014801409707546268 0.1233450808962189 0.009867606471697512
2.4322007640695174 0.04024944745034511 0.024669016179243778 0.0888084582452776 0.004933803235848756
2.6348841610753104 0.03557531806901471 0.03947042588679005 0.08387465500942885 0.0
2.8375675580811035 0.022072277634060222 0.004933803235848756 0.05427183559433631 0.019735212943395024
3.0402509550868966 0.014022388143991201 0.004933803235848756 0.05427183559433631 0.009867606471697512
3.2429343520926897 0.011165975744289288 0.0 0.019735212943395024 0.014801409707546268
3.4456177490984827 0.02155292992502351 0.004933803235848756 0.03453662265094129 0.06413944206603382
3.648301146104276 0.017138474398211468 0.0 0.03453662265094129 0.03947042588679005
3.850984543110069 0.02622705930635391 0.009867606471697512 0.014801409707546268 0.03947042588679005
4.053667940115862 0.034796296505459644 0.014801409707546268 0.03453662265094129 0.06907324530188258
4.2563513371216555 0.06128302966633191 0.05427183559433631 0.08387465500942885 0.049338032358487556
4.4590347341274486 0.08023922104617186 0.11347747442452137 0.07400704853773134 0.06413944206603382
4.661718131133242 0.1098420404612644 0.14801409707546268 0.1776169164905552 0.11841127766037014
4.864401528139035 0.1552849650019766 0.1874845229622527 0.19241832619810148 0.09867606471697511
5.067084925144828 0.17579919950892672 0.20721973590564774 0.17268311325470645 0.11841127766037014
5.269768322150621 0.22825331812163452 0.22695494884904274 0.2762929812075303 0.19241832619810148
5.472451719156414 0.2942104771692969 0.2664253747358328 0.3009619973867741 0.2713591779716816
5.675135116162207 0.34069209712808246 0.37990284916035416 0.3700352426886567 0.3108296038584716
5.877818513168 0.38457697854168454 0.4193732750471443 0.3157634070943204 0.3552338329811104
6.080501910173793 0.42950055537336007 0.4539098976980855 0.3700352426886567 0.3651014394528079
