0.0 0.592316062156369 0.745004288613162 0.39470425886790045 0.3552338329811104
0.2026833970057931 0.5619342211777214 0.666063436839582 0.444042291226388 0.4785789138773293
0.4053667940115862 0.4598823963520077 0.43417468475469045 0.43417468475469045 0.3749690459245054
0.6080501910173793 0.39600262814049225 0.40950566857544674 0.34043242327356416 0.3897704556320517
0.8107335880231724 0.33108416451090333 0.30589580062262284 0.33056481680186667 0.35030002974526164
1.0134169850289656 0.2599335283728739 0.20721973590564774 0.30589580062262284 0.3108296038584716
1.2161003820347587 0.18722484910773438 0.20721973590564774 0.12827888413206764 0.222021145613194
1.4187837790405518 0.11607421296970494 0.09374226148112635 0.10854367118867261 0.24175635855658903
1.6214671760463448 0.08101824260972694 0.05920563883018507 0.13814649060376516 0.13814649060376516
1.824150573052138 0.04050912130486347 0.05427183559433631 0.08387465500942885 0.09867606471697511
2.026833970057931 0.017398148252729822 0.004933803235848756 0.0444042291226388 0.0444042291226388
2.2295173670637243 0.010386954180734221 0.0 0.014801409707546268 0.019735212943395024
2.4322007640695174 0.004414455526812045 0.0 0.014801409707546268 0.009867606471697512
2.6348841610753104 0.0015580431271101335 0.0 0.004933803235848756 0.004933803235848756
2.8375675580811035 0.0010386954180734223 0.0 0.0 0.014801409707546268
3.0402509550868966 0.0002596738545183556 0.0 0.004933803235848756 0.0
3.2429343520926897 0.0 0.0 0.0 0.0
3.4456177490984827 0.0 0.0 0.0 0.0
3.648301146104276 0.0 0.0 0.0 0.0
3.850984543110069 0.0005193477090367112 0.0 0.004933803235848756 0.004933803235848756
4.053667940115862 0.0015580431271101335 0.0 0.014801409707546268 0.004933803235848756
4.2563513371216555 0.004414455526812045 0.0 0.03453662265094129 0.014801409707546268
4.4590347341274486 0.011685323453326001 0.0 0.0444042291226388 0.03947042588679005
4.661718131133242 0.02778510243346404 0.0 0.11841127766037014 0.05427183559433631
4.864401528139035 0.04803966308589578 0.004933803235848756 0.12827888413206764 0.09374226148112635
5.067084925144828 0.08699074126364911 0.024669016179243778 0.1578817035471602 0.1776169164905552
5.269768322150621 0.14126257685798543 0.0789408517735801 0.202285932669799 0.21215353914149648
5.472451719156414 0.2272146227035611 0.1874845229622527 0.2664253747358328 0.29109439091507655
5.675135116162207 0.3334212292015686 0.28122678444337906 0.33056481680186667 0.25162396502828654
5.877818513168 0.45079381144386527 0.5229831429999681 0.4144394718112955 0.37990284916035416
6.080501910173793 0.5390829219801061 0.646328223896187 0.42430707828299297 0.3552338329811104
