0.0 0.4829933694041413 0.42430707828299297 0.36016763621695913 0.5871225850660019
0.2026833970057931 0.3921075203227169 0.3700352426886567 0.29109439091507655 0.5081817332924218
0.4053667940115862 0.30589580062262284 0.34043242327356416 0.202285932669799 0.39470425886790045
0.6080501910173793 0.21578897310475348 0.2565577682641353 0.1776169164905552 0.2466901617924378
0.8107335880231724 0.15995909438330702 0.12827888413206764 0.1874845229622527 0.17268311325470645
1.0134169850289656 0.12048866849651697 0.09374226148112635 0.14308029383961393 0.13814649060376516
1.2161003820347587 0.06985226686543765 0.05427183559433631 0.11347747442452137 0.09867606471697511
1.4187837790405518 0.050896075485597686 0.004933803235848756 0.13814649060376516 0.0444042291226388
1.6214671760463448 0.026746407015390623 0.0 0.06907324530188258 0.03453662265094129
1.824150573052138 0.020254560652431735 0.004933803235848756 0.06907324530188258 0.024669016179243778
2.026833970057931 0.011944997307844357 0.0 0.019735212943395024 0.019735212943395024
2.2295173670637243 0.005193477090367111 0.0 0.029602819415092536 0.004933803235848756
2.4322007640695174 0.001817716981628489 0.0 0.009867606471697512 0.004933803235848756
2.6348841610753104 0.0 0.0 0.0 0.0
2.8375675580811035 0.0002596738545183556 0.0 0.004933803235848756 0.0
3.0402509550868966 0.0007790215635550667 0.0 0.004933803235848756 0.0
3.2429343520926897 0.001817716981628489 0.004933803235848756 0.009867606471697512 0.0
3.4456177490984827 0.0025967385451835553 0.004933803235848756 0.004933803235848756 0.0
3.648301146104276 0.004414455526812045 0.0 0.014801409707546268 0.004933803235848756
3.850984543110069 0.009867606471697512 0.009867606471697512 0.05427183559433631 0.004933803235848756
4.053667940115862 0.017138474398211468 0.024669016179243778 0.014801409707546268 0.019735212943395024
4.2563513371216555 0.038431730468716625 0.049338032358487556 0.09374226148112635 0.03947042588679005
4.4590347341274486 0.06517813748410724 0.029602819415092536 0.09374226148112635 0.0789408517735801
4.661718131133242 0.11477584369711316 0.10360986795282387 0.1776169164905552 0.09374226148112635
4.864401528139035 0.19189897848906473 0.17268311325470645 0.222021145613194 0.1233450808962189
5.067084925144828 0.2809671105888607 0.38483665239620296 0.35030002974526164 0.1776169164905552
5.269768322150621 0.3625047009076244 0.38483665239620296 0.37990284916035416 0.30589580062262284
5.472451719156414 0.4432632696628329 0.5723211753584557 0.43910848799053925 0.3552338329811104
5.675135116162207 0.4868884772219167 0.5723211753584557 0.4539098976980855 0.4144394718112955
5.877818513168 0.5336297710352207 0.43910848799053925 0.4193732750471443 0.47364511064148057
6.080501910173793 0.5154526012189358 0.5032479300565731 0.38483665239620296 0.5624535688867581
