0.0 0.4398875095540943 0.42430707828299297 0.2762929812075303 0.43417468475469045
0.2026833970057931 0.4788385877318476 0.5328507494716656 0.37990284916035416 0.3651014394528079
0.4053667940115862 0.4539098976980855 0.6167254044810945 0.2762929812075303 0.36016763621695913
0.6080501910173793 0.4061299084667081 0.5032479300565731 0.3354986200377154 0.42430707828299297
0.8107335880231724 0.34276948796422935 0.44897609446223674 0.2713591779716816 0.38483665239620296
1.0134169850289656 0.2742155903713835 0.24175635855658903 0.1677493100188577 0.3354986200377154
1.2161003820347587 0.20436332350594583 0.16281550678300893 0.21215353914149648 0.26149157149998403
1.4187837790405518 0.13658844747665502 0.06907324530188258 0.22695494884904274 0.1874845229622527
1.6214671760463448 0.1023114986802321 0.06907324530188258 0.13814649060376516 0.11347747442452137
1.824150573052138 0.08517302428202062 0.10360986795282387 0.13814649060376516 0.06907324530188258
2.026833970057931 0.06569748519314396 0.019735212943395024 0.1233450808962189 0.08387465500942885
2.2295173670637243 0.04700096766782236 0.014801409707546268 0.10360986795282387 0.06413944206603382
2.4322007640695174 0.01765782210724818 0.004933803235848756 0.029602819415092536 0.024669016179243778
2.6348841610753104 0.010386954180734221 0.0 0.0444042291226388 0.004933803235848756
2.8375675580811035 0.003635433963256978 0.0 0.009867606471697512 0.009867606471697512
3.0402509550868966 0.0028564123997019113 0.0 0.009867606471697512 0.009867606471697512
3.2429343520926897 0.0025967385451835553 0.0 0.024669016179243778 0.004933803235848756
3.4456177490984827 0.0025967385451835553 0.0 0.019735212943395024 0.0
3.648301146104276 0.006232172508440534 0.0 0.019735212943395024 0.009867606471697512
3.850984543110069 0.012204671162362712 0.0 0.05920563883018507 0.014801409707546268
4.053667940115862 0.026486733160872265 0.0 0.08387465500942885 0.014801409707546268
4.2563513371216555 0.04050912130486347 0.004933803235848756 0.11841127766037014 0.03947042588679005
4.4590347341274486 0.06465878977507053 0.03453662265094129 0.1677493100188577 0.06413944206603382
4.661718131133242 0.10075345555312196 0.03947042588679005 0.14308029383961393 0.05920563883018507
4.864401528139035 0.12905790569562273 0.11347747442452137 0.202285932669799 0.0789408517735801
5.067084925144828 0.16800898387337604 0.19735212943395022 0.20721973590564774 0.11841127766037014
5.269768322150621 0.17683789492700014 0.1874845229622527 0.13814649060376516 0.20721973590564774
5.472451719156414 0.19968919412461542 0.20721973590564774 0.23188875208489151 0.19241832619810148
5.675135116162207 0.23682255532074029 0.222021145613194 0.23188875208489151 0.3009619973867741
5.877818513168 0.30433775749551273 0.2762929812075303 0.2762929812075303 0.34043242327356416
6.080501910173793 0.3915881726136802 0.43910848799053925 0.2664253747358328 0.3552338329811104
