0.0 0.31524405938528366 0.3897704556320517 0.3552338329811104 0.1874845229622527
0.2026833970057931 0.31524405938528366 0.3651014394528079 0.44897609446223674 0.202285932669799
0.4053667940115862 0.2934314556057418 0.3009619973867741 0.28616058767922786 0.16281550678300893
0.6080501910173793 0.2482482049195479 0.29109439091507655 0.28122678444337906 0.15294790031131142
0.8107335880231724 0.21734701623186362 0.20721973590564774 0.3206972103301691 0.1332126873679164
1.0134169850289656 0.15918007281975194 0.1776169164905552 0.202285932669799 0.1233450808962189
1.2161003820347587 0.14359964154865063 0.1677493100188577 0.17268311325470645 0.14308029383961393
1.4187837790405518 0.14308029383961393 0.1578817035471602 0.16281550678300893 0.1332126873679164
1.6214671760463448 0.1508705094751646 0.22695494884904274 0.1332126873679164 0.14308029383961393
1.824150573052138 0.14126257685798543 0.11841127766037014 0.11347747442452137 0.14308029383961393
2.026833970057931 0.13762714289472844 0.06907324530188258 0.09867606471697511 0.14308029383961393
2.2295173670637243 0.13243366580436133 0.06907324530188258 0.06907324530188258 0.14801409707546268
2.4322007640695174 0.13944485987635694 0.1578817035471602 0.1233450808962189 0.17268311325470645
2.6348841610753104 0.11425649598807645 0.14801409707546268 0.06907324530188258 0.1233450808962189
2.8375675580811035 0.11763225609681506 0.1233450808962189 0.06907324530188258 0.16281550678300893
3.0402509550868966 0.11607421296970494 0.1233450808962189 0.07400704853773134 0.14801409707546268
3.2429343520926897 0.08725041511816746 0.08387465500942885 0.049338032358487556 0.14308029383961393
3.4456177490984827 0.08906813209979596 0.05427183559433631 0.06413944206603382 0.14308029383961393
3.648301146104276 0.06881357144736422 0.0444042291226388 0.05427183559433631 0.1233450808962189
3.850984543110069 0.08439400271846556 0.06907324530188258 0.07400704853773134 0.14801409707546268
4.053667940115862 0.0929632399175713 0.08387465500942885 0.10360986795282387 0.17268311325470645
4.2563513371216555 0.0976373692989017 0.09867606471697511 0.05427183559433631 0.17268311325470645
4.4590347341274486 0.10594693264348906 0.0888084582452776 0.06907324530188258 0.14801409707546268
4.661718131133242 0.11036138817030111 0.11347747442452137 0.06907324530188258 0.14308029383961393
4.864401528139035 0.11581453911518659 0.11347747442452137 0.09867606471697511 0.1332126873679164
5.067084925144828 0.1210080162055537 0.1578817035471602 0.10854367118867261 0.17268311325470645
5.269768322150621 0.13996420758539363 0.1233450808962189 0.14308029383961393 0.1578817035471602
5.472451719156414 0.1742411563818166 0.17268311325470645 0.23682255532074029 0.19241832619810148
5.675135116162207 0.2186453855044554 0.1776169164905552 0.222021145613194 0.22695494884904274
5.877818513168 0.257077115973172 0.1874845229622527 0.29109439091507655 0.21708734237734523
6.080501910173793 0.2856412399701911 0.2713591779716816 0.3157634070943204 0.21708734237734523
