0.0 0.08790185836002115 0.024509861236151884 0.2818634042157466 0.05252113122032546
0.5711986642890533 0.07170555140254906 0.02275915686214103 0.2626056561016273 0.07878169683048819
1.1423973285781066 0.05243863729694275 0.04201690497626037 0.19082677676718252 0.09803944494460753
1.7135959928671598 0.0867469434326632 0.11029437556268347 0.13130282805081364 0.1400563499208679
2.284794657156213 0.22453012746476309 0.23984649923948628 0.08053240120449905 0.2258408642473995
2.8559933214452666 0.40581510709401214 0.4831944072269943 0.09979014931861838 0.30812396982590934
3.4271919857343196 0.4043118844901494 0.48144370285298344 0.07352958370845565 0.33263383106206124
3.998390650023373 0.21453919674396818 0.2048324117592693 0.0717788793344448 0.22759156862141033
4.569589314312426 0.08437295163753855 0.09103662744856413 0.14530846304290046 0.14880987179092214
5.140787978601479 0.04938636213178248 0.03501408748021698 0.1873253680191608 0.08403380995252074
5.711986642890533 0.06895575395645871 0.015756339366097636 0.2258408642473995 0.054271835594336314
