0.0 0.08383215813980745 0.0052521131220325465 0.3028718567038768 0.04026620060224952
0.5711986642890533 0.06347449104725197 0.008753521870054244 0.2626056561016273 0.04901972247230377
1.1423973285781066 0.04152194143596411 0.01750704374010849 0.16456621115701978 0.0647760618384014
1.7135959928671598 0.07517029618462288 0.08053240120449905 0.1400563499208679 0.16981832427905233
2.284794657156213 0.22295357692900464 0.29236763045981173 0.08578451432653159 0.2328436817434429
2.8559933214452666 0.43356056332506365 0.5077042684631461 0.07703099245647733 0.33963664855810466
3.4271919857343196 0.4312873974362956 0.5147070859591895 0.050770426846314616 0.32738171794002874
3.998390650023373 0.2188380467513561 0.23109297736943205 0.07352958370845565 0.23809579486547544
4.569589314312426 0.07364874159778623 0.0647760618384014 0.10154085369262923 0.15931409803498722
5.140787978601479 0.04193441105287766 0.01750704374010849 0.19958029863723675 0.08403380995252074
5.711986642890533 0.06448275011081844 0.010504226244065093 0.29236763045981173 0.04551831372428206
