0.0 0.07430869298484791 0.02275915686214103 0.22409015987338865 0.05602253996834716
0.5711986642890533 0.07135724372604428 0.04026620060224952 0.21358593362932354 0.09628874057059668
1.1423973285781066 0.07462033669540481 0.0682774705864231 0.17156902865306317 0.08753521870054244
1.7135959928671598 0.1256749092778154 0.1400563499208679 0.1260507149287811 0.1295521236768028
2.284794657156213 0.23504351970031517 0.23984649923948628 0.09453803619658584 0.21533663800333439
2.8559933214452666 0.3437796767102141 0.3308831266880504 0.09803944494460753 0.26785776922365984
3.4271919857343196 0.34243227596162984 0.4114155278925494 0.09103662744856413 0.24509861236151884
3.998390650023373 0.22478677522639817 0.26435636047563815 0.13480423679883535 0.22759156862141033
4.569589314312426 0.11777382461604918 0.1470591674169113 0.15756339366097638 0.19082677676718252
5.140787978601479 0.07107309798994828 0.05777324434235801 0.208333820507291 0.15231128053894383
5.711986642890533 0.06985402112218156 0.02801126998417358 0.23109297736943205 0.08228310557850989
