0.0 0.08139400440427401 0.0035014087480216977 0.3098746741999202 0.02275915686214103
0.5711986642890533 0.06193460447744139 0.012254930618075942 0.24159720361349715 0.03151267873219527
1.1423973285781066 0.04181525316354708 0.02626056561016273 0.19257748114119336 0.09453803619658584
1.7135959928671598 0.07527112209097953 0.08403380995252074 0.12254930618075942 0.17857184614910657
2.284794657156213 0.22662913951527872 0.27486058671970326 0.06652676621241226 0.26785776922365984
2.8559933214452666 0.4355129195117878 0.4761915897309509 0.05952394871636886 0.30812396982590934
3.4271919857343196 0.4333222475464025 0.5094549728371569 0.05602253996834716 0.336135239810083
3.998390650023373 0.2213128644528374 0.2626056561016273 0.08578451432653159 0.2556028386055839
4.569589314312426 0.07290629628734184 0.08928592307455328 0.1365549411728462 0.1365549411728462
5.140787978601479 0.03948709132585725 0.010504226244065093 0.21358593362932354 0.07528028808246649
5.711986642890533 0.061118831235101256 0.0017507043740108488 0.266107064849649 0.04376760935027122
