0.0 0.07737013414149514 0.0052521131220325465 0.29236763045981173 0.05252113122032546
0.5711986642890533 0.06448275011081844 0.008753521870054244 0.26085495172761647 0.07878169683048819
1.1423973285781066 0.0487814066936426 0.015756339366097636 0.17857184614910657 0.11379578431070517
1.7135959928671598 0.08619698394344515 0.11029437556268347 0.1365549411728462 0.15406198491295467
2.284794657156213 0.2261433419664694 0.28886622171179005 0.12079860180674858 0.26785776922365984
2.8559933214452666 0.4110580542245577 0.4849451116010051 0.09979014931861838 0.28886622171179005
3.4271919857343196 0.41030644292262636 0.4411775022507339 0.07002817496043395 0.2871155173377792
3.998390650023373 0.2277473904766888 0.25385213423157305 0.08928592307455328 0.25035072548355136
4.569589314312426 0.0861511539860103 0.09803944494460753 0.09803944494460753 0.1260507149287811
5.140787978601479 0.04841476703416389 0.02976197435818443 0.15406198491295467 0.07878169683048819
5.711986642890533 0.06405194851093095 0.01400563499208679 0.25035072548355136 0.05252113122032546
