0.0 0.08679277339009805 0.007002817496043395 0.32738171794002874 0.03851549622823867
0.5711986642890533 0.06720504958244787 0.008753521870054244 0.2521014298575622 0.03501408748021698
1.1423973285781066 0.04439089677138503 0.02976197435818443 0.18557466364514996 0.08053240120449905
1.7135959928671598 0.07707682241391219 0.11029437556268347 0.1330535324248245 0.17331973302707404
2.284794657156213 0.21809560144091172 0.27486058671970326 0.05252113122032546 0.2731098823456924
2.8559933214452666 0.42587946245898467 0.4604352503648532 0.06652676621241226 0.31862819606997445
3.4271919857343196 0.4268327255736293 0.497200042219081 0.0647760618384014 0.32563101356601787
3.998390650023373 0.2207720709551063 0.25035072548355136 0.09103662744856413 0.24159720361349715
4.569589314312426 0.07572025567384096 0.07002817496043395 0.12079860180674858 0.12430001055477025
5.140787978601479 0.04285101020157444 0.03326338310620613 0.17682114177509572 0.09278733182257498
5.711986642890533 0.06508770554895832 0.008753521870054244 0.2801126998417358 0.04726901809829292
