0.0 0.07947831218349775 0.0 0.26085495172761647 0.04726901809829292
0.5711986642890533 0.06091717942238797 0.0035014087480216977 0.24509861236151884 0.03851549622823867
1.1423973285781066 0.04309849197172257 0.019257748114119334 0.16981832427905233 0.10504226244065092
1.7135959928671598 0.07770927582651296 0.10154085369262923 0.12254930618075942 0.11904789743273772
2.284794657156213 0.22481427320085912 0.27836199546772494 0.09103662744856413 0.22409015987338865
2.8559933214452666 0.43031580233867706 0.4604352503648532 0.08403380995252074 0.2941183348338226
3.4271919857343196 0.4325064743040623 0.5217099034552329 0.09103662744856413 0.34138735293211553
3.998390650023373 0.22399849995851895 0.24509861236151884 0.10854367118867263 0.24684931673552965
4.569589314312426 0.07711348637986006 0.09628874057059668 0.14880987179092214 0.16981832427905233
5.140787978601479 0.04189774708692979 0.015756339366097636 0.19082677676718252 0.09803944494460753
5.711986642890533 0.05885483133782021 0.008753521870054244 0.23809579486547544 0.06652676621241226
