0.0 0.07870836889859245 0.01400563499208679 0.29236763045981173 0.02626056561016273
0.5711986642890533 0.059817260443951824 0.007002817496043395 0.25035072548355136 0.03851549622823867
1.1423973285781066 0.03959708322370087 0.024509861236151884 0.19257748114119336 0.10504226244065092
1.7135959928671598 0.07255798861083707 0.07528028808246649 0.13480423679883535 0.1400563499208679
2.284794657156213 0.2230177388694134 0.25035072548355136 0.09103662744856413 0.243347907987508
2.8559933214452666 0.43700697612416356 0.5112056772111678 0.08403380995252074 0.35014087480216977
3.4271919857343196 0.43553125149476174 0.4691887722349075 0.05777324434235801 0.336135239810083
3.998390650023373 0.2249792610476245 0.2818634042157466 0.08928592307455328 0.22759156862141033
4.569589314312426 0.07686600460971192 0.09453803619658584 0.11204507993669433 0.15231128053894383
5.140787978601479 0.041054475870128754 0.01750704374010849 0.18907607239317167 0.07352958370845565
5.711986642890533 0.06156796481796267 0.0052521131220325465 0.25735354297959473 0.05777324434235801
