0.0 0.21540872583049955 0.23196832955643748 0.21498649712853224 0.18557466364514996
0.5711986642890533 0.2080248726765832 0.22531565293519626 0.19310269245339662 0.18715029758175972
1.1423973285781066 0.18480229406838047 0.19030156545497925 0.17139395821566208 0.18347381839633695
1.7135959928671598 0.15520509188657353 0.14740930829171345 0.13935606817126356 0.17191916952786535
2.284794657156213 0.12781171756381554 0.11694705218392469 0.1388308568590603 0.1409317021078733
2.8559933214452666 0.11666899913628767 0.10241620587963465 0.12902691236459957 0.13235325067522016
3.4271919857343196 0.1142077147516489 0.11064451643748566 0.11764733393352902 0.11799747480833121
3.998390650023373 0.12233304269926394 0.12237423574335833 0.13060254630120932 0.12902691236459957
4.569589314312426 0.14151870298621813 0.13235325067522016 0.14653395610470804 0.15038550572753193
5.140787978601479 0.16707898684677652 0.15896395716018508 0.1678925494676404 0.1780466348369033
5.711986642890533 0.19764422556480124 0.2120102996927138 0.20133100301124762 0.17384494433927727
