0.0 0.1543194414385445 0.1621152250334046 0.17174409909046426 0.15826367541058073
0.5711986642890533 0.16204313720623945 0.16509142246922304 0.16334071809521217 0.1495101535405265
1.1423973285781066 0.17187797648377098 0.1803225505231174 0.171218887778261 0.15896395716018508
1.7135959928671598 0.1825160801211428 0.17402001477667836 0.17927212789871091 0.16614184509362953
2.284794657156213 0.18543048799081965 0.19257748114119336 0.18102283227272176 0.17647100090029355
2.8559933214452666 0.17226931040266752 0.19467832639000637 0.1617650841586024 0.16579170421882738
3.4271919857343196 0.14896434570627604 0.1502104352901308 0.14530846304290046 0.1610648024089981
3.998390650023373 0.13841892641811657 0.12044846093194639 0.14530846304290046 0.15756339366097638
4.569589314312426 0.14057126297204756 0.13182803936301693 0.1356795889858408 0.15581268928696554
5.140787978601479 0.14641037697242493 0.1342790254866321 0.140231420358269 0.1538869144755536
5.711986642890533 0.14788302829879876 0.14513339260549937 0.15581268928696554 0.14723423785431236
