0.0 0.17790245918257303 0.1873253680191608 0.16334071809521217 0.16666705640583282
0.5711986642890533 0.16580200247985097 0.18469931145814453 0.16088973197159698 0.16141494328380027
1.1423973285781066 0.1448038482527444 0.13392888461182992 0.14408296998109285 0.15651297103656986
1.7135959928671598 0.1342481307035613 0.11572155912211711 0.1412818429826755 0.14723423785431236
2.284794657156213 0.14031380644645775 0.13112775761341255 0.15913902759758614 0.14635888566730695
2.8559933214452666 0.14925269701493665 0.13813057510945595 0.1642160702822176 0.14898494222832323
3.4271919857343196 0.14962343441178602 0.13848071598425815 0.1561628301617677 0.14775944916651565
3.998390650023373 0.15787234149168416 0.16999339471645342 0.1514359283519384 0.1538869144755536
4.569589314312426 0.17238259127392705 0.18925114283057276 0.16491635203182195 0.16351578853261325
5.140787978601479 0.17993121660422087 0.1818981844597272 0.17051860602865668 0.18224832533452934
5.711986642890533 0.17857184614910657 0.18014748008571635 0.1747202965262827 0.17612086002549138
