0.0 0.14584397261612728 0.12832663061499522 0.17384494433927727 0.1356795889858408
0.5711986642890533 0.14464937433739047 0.14198212473227984 0.17507043740108488 0.1409317021078733
1.1423973285781066 0.14558651609053747 0.13848071598425815 0.15406198491295467 0.1458336743551037
1.7135959928671598 0.14632799088423618 0.14495832216809829 0.1342790254866321 0.1631656476578111
2.284794657156213 0.1496440309338332 0.14075663167047223 0.1309526871760115 0.1656166337814263
2.8559933214452666 0.16478247463851523 0.17261945127746967 0.14495832216809829 0.18119790271012284
3.4271919857343196 0.17324764519990887 0.18259846620933154 0.16264043634560785 0.1724443808400686
3.998390650023373 0.1811361131439813 0.1910018472045836 0.15721325278617423 0.169118042529448
4.569589314312426 0.17925153137666372 0.19240241070379227 0.1675424085928382 0.16929311296684907
5.140787978601479 0.16793374251173476 0.17909705746130983 0.17051860602865668 0.1621152250334046
5.711986642890533 0.15230098227792024 0.13848071598425815 0.17962226877351306 0.14530846304290046
