0.0 0.15020013702910723 0.15038550572753193 0.16491635203182195 0.14635888566730695
0.5711986642890533 0.16567842334756783 0.16229029547080567 0.16036452065939374 0.16123987284639918
1.1423973285781066 0.17386554086132447 0.18137297314752393 0.16999339471645342 0.169118042529448
1.7135959928671598 0.16859283121724472 0.1804976209605185 0.14425804041849394 0.17787156439950222
2.284794657156213 0.1637835433192267 0.1643911407196187 0.1470591674169113 0.1817231140223261
2.8559933214452666 0.15854172845821773 0.15458719622515796 0.15073564660233407 0.17139395821566208
3.4271919857343196 0.1580165171460145 0.14618381522990587 0.15003536485272972 0.1631656476578111
3.998390650023373 0.15542135536806898 0.1563379005991688 0.16491635203182195 0.14653395610470804
4.569589314312426 0.15548314493421056 0.15703818234877315 0.16946818340425016 0.1517860692267406
5.140787978601479 0.15439152926570968 0.14828466047871888 0.1642160702822176 0.14163198385747766
5.711986642890533 0.1467296230641563 0.1493350831031254 0.16474128159442086 0.13988127948346682
