0.0 0.15139473530784403 0.15808860497317964 0.15073564660233407 0.16141494328380027
0.5711986642890533 0.1516212970503631 0.14443311085589502 0.14828466047871888 0.1435577586688896
1.1423973285781066 0.15105489269406547 0.14600874479250478 0.15038550572753193 0.1561628301617677
1.7135959928671598 0.16197104937907428 0.169118042529448 0.1493350831031254 0.16649198596843173
2.284794657156213 0.16458680767906697 0.17664607133769464 0.15353677360075144 0.15196113966414168
2.8559933214452666 0.16264043634560785 0.16631691553103062 0.15773846409837747 0.15546254841216336
3.4271919857343196 0.15722355104719782 0.14880987179092214 0.16999339471645342 0.15423705535035576
3.998390650023373 0.16303177026450438 0.1495101535405265 0.18154804358492502 0.16351578853261325
4.569589314312426 0.16541066856095443 0.15301156228854818 0.1710438173408599 0.1689429720920469
5.140787978601479 0.16351578853261325 0.16841776077984363 0.16736733815543714 0.1654415633440252
5.711986642890533 0.15825337714955712 0.1703435355912556 0.15073564660233407 0.16351578853261325
