0.0 0.1607352580562431 0.1677174790302393 0.1502104352901308 0.14898494222832323
0.5711986642890533 0.16871641034952786 0.15896395716018508 0.16404099984481654 0.16824269034244257
1.1423973285781066 0.17891168876288516 0.17191916952786535 0.18067269139791958 0.19625396032661616
1.7135959928671598 0.18058000704870725 0.1943281855152042 0.18680015670695757 0.16999339471645342
2.284794657156213 0.17553385914714656 0.1782217052743044 0.1817231140223261 0.1689429720920469
2.8559933214452666 0.16686272336528107 0.15598775972436663 0.1621152250334046 0.17296959215227184
3.4271919857343196 0.15857262324128854 0.15546254841216336 0.14828466047871888 0.1654415633440252
3.998390650023373 0.14273389778700213 0.12832663061499522 0.14635888566730695 0.15248635097634491
4.569589314312426 0.13554571159253406 0.1332286028622256 0.13235325067522016 0.1377804342346538
5.140787978601479 0.1368741872645776 0.1433826882314885 0.14618381522990587 0.1363798707354451
5.711986642890533 0.14563800739565544 0.1631656476578111 0.15196113966414168 0.1332286028622256
