0.0 0.1709099399475532 0.18837579064356733 0.17296959215227184 0.16071466153419592
0.5711986642890533 0.17199125735503049 0.18119790271012284 0.16526649290662412 0.1687679016546458
1.1423973285781066 0.16881939295976378 0.16281550678300893 0.1586138162853829 0.15913902759758614
1.7135959928671598 0.16002467804561515 0.15371184403815252 0.1563379005991688 0.16351578853261325
2.284794657156213 0.15443272230980404 0.15546254841216336 0.16386592940741546 0.14986029441532864
2.8559933214452666 0.1470282726338405 0.14513339260549937 0.15248635097634491 0.1470591674169113
3.4271919857343196 0.1421880899527517 0.13988127948346682 0.14320761779408742 0.15301156228854818
3.998390650023373 0.14450519868306017 0.14163198385747766 0.14408296998109285 0.15756339366097638
4.569589314312426 0.15106519095508908 0.152661421413746 0.15231128053894383 0.1596642389097894
5.140787978601479 0.16749091728772025 0.1596642389097894 0.17577071915068923 0.16018945022199266
5.711986642890533 0.17224871388062032 0.17016846515385448 0.16579170421882738 0.171218887778261
