0.0 0.140787526453543 0.12324958793036375 0.1551124075373612 0.14618381522990587
0.5711986642890533 0.1467605178472271 0.1309526871760115 0.15458719622515796 0.1528364918511471
1.1423973285781066 0.16368056070899076 0.1621152250334046 0.1563379005991688 0.171218887778261
1.7135959928671598 0.18144506097468907 0.17839677571170548 0.16631691553103062 0.18119790271012284
2.284794657156213 0.18192907924279797 0.1885508610809684 0.17594578958809032 0.17874691658650765
2.8559933214452666 0.1709202382085768 0.16719226771803605 0.16841776077984363 0.171218887778261
3.4271919857343196 0.162104926772381 0.16684212684323388 0.16123987284639918 0.16701719728063497
3.998390650023373 0.15651297103656986 0.16018945022199266 0.15248635097634491 0.14775944916651565
4.569589314312426 0.1546386875302759 0.1563379005991688 0.14180705429487875 0.15336170316335035
5.140787978601479 0.1511887700873722 0.16859283121724472 0.15563761884956445 0.1388308568590603
5.711986642890533 0.14073603514842506 0.14828466047871888 0.16281550678300893 0.142332265607082
