0.0 0.1274615766890134 0.1262257853661822 0.15301156228854818 0.12780141930279196
0.5711986642890533 0.12791470017405146 0.11694705218392469 0.13690508204764837 0.14145691342007657
1.1423973285781066 0.13937666469331075 0.11852268612053446 0.13690508204764837 0.1656166337814263
1.7135959928671598 0.163598174620802 0.15808860497317964 0.14880987179092214 0.17419508521407945
2.284794657156213 0.1776141078739124 0.18084776183532067 0.16088973197159698 0.17437015565148054
2.8559933214452666 0.18925114283057276 0.2128856518797192 0.1675424085928382 0.18767550889396298
3.4271919857343196 0.18772700019908095 0.2027315665104563 0.17226931040266752 0.17979733921091418
3.998390650023373 0.18047702443847133 0.1875004384565619 0.17139395821566208 0.17226931040266752
4.569589314312426 0.16725405728417764 0.1654415633440252 0.17647100090029355 0.15931409803498722
5.140787978601479 0.1500971544188713 0.14268240648188418 0.16859283121724472 0.134103955049231
5.711986642890533 0.1399327707885848 0.1388308568590603 0.15791353453577855 0.134103955049231
