0.0 0.4083031645609746 0.3886563710304084 0.5847352609196235 0.010504226244065093
0.5711986642890533 0.20016386676190703 0.18907607239317167 0.3956591885264518 0.01400563499208679
1.1423973285781066 0.036764791854227825 0.04026620060224952 0.12079860180674858 0.02275915686214103
1.7135959928671598 0.020424884363459902 0.019257748114119334 0.04026620060224952 0.07002817496043395
2.284794657156213 0.08247762828673331 0.0717788793344448 0.024509861236151884 0.1978295942632259
2.8559933214452666 0.3075404017012391 0.2591042473536056 0.021008452488130186 0.5147070859591895
3.4271919857343196 0.33380096731140185 0.32913242231403955 0.008753521870054244 0.5637268084314933
3.998390650023373 0.08772974140876587 0.11729719305872688 0.012254930618075942 0.243347907987508
4.569589314312426 0.02237011144569418 0.03151267873219527 0.03851549622823867 0.07002817496043395
5.140787978601479 0.041433336851590084 0.05952394871636886 0.1470591674169113 0.02976197435818443
5.711986642890533 0.20969547946485498 0.24509861236151884 0.35714369229821313 0.01400563499208679
