0.0 0.41997452705438026 0.4359253891287013 0.5654775128055042 0.015756339366097636
0.5711986642890533 0.2203942284171435 0.22409015987338865 0.44642961537276643 0.02275915686214103
1.1423973285781066 0.04104429143514323 0.054271835594336314 0.12780141930279196 0.02801126998417358
1.7135959928671598 0.021008452488130186 0.02626056561016273 0.024509861236151884 0.07878169683048819
2.284794657156213 0.0852009462018613 0.09803944494460753 0.021008452488130186 0.22409015987338865
2.8559933214452666 0.3289378996058161 0.30462256107788765 0.0052521131220325465 0.532214129699298
3.4271919857343196 0.3067623108683454 0.28536481296376837 0.01750704374010849 0.497200042219081
3.998390650023373 0.08461737807719102 0.08228310557850989 0.010504226244065093 0.2258408642473995
4.569589314312426 0.018868702697672483 0.012254930618075942 0.03851549622823867 0.08228310557850989
5.140787978601479 0.03987715518580267 0.03151267873219527 0.1680676199050415 0.01750704374010849
5.711986642890533 0.18401848197936255 0.19607888988921507 0.32563101356601787 0.02626056561016273
