0.0 0.4244485493435191 0.4096648235185386 0.5689789215535258 0.008753521870054244
0.5711986642890533 0.18751989072738426 0.1978295942632259 0.36589721416826737 0.01400563499208679
1.1423973285781066 0.03481956477199355 0.02626056561016273 0.1365549411728462 0.03326338310620613
1.7135959928671598 0.019257748114119334 0.01750704374010849 0.04376760935027122 0.0682774705864231
2.284794657156213 0.0774200378729242 0.08228310557850989 0.012254930618075942 0.2188380467513561
2.8559933214452666 0.30870753795057965 0.27661129109371413 0.01400563499208679 0.5164577903332004
3.4271919857343196 0.332050262937391 0.32563101356601787 0.0052521131220325465 0.5164577903332004
3.998390650023373 0.0879242641169893 0.08053240120449905 0.007002817496043395 0.23984649923948628
4.569589314312426 0.02548247477726902 0.03326338310620613 0.04201690497626037 0.09103662744856413
5.140787978601479 0.04454570018316493 0.04726901809829292 0.14530846304290046 0.03151267873219527
5.711986642890533 0.20852834321551442 0.25385213423157305 0.4096648235185386 0.012254930618075942
