0.0 0.41705668643102883 0.4114155278925494 0.5514718778134173 0.02626056561016273
0.5711986642890533 0.20113648030302417 0.19082677676718252 0.4079141191445278 0.019257748114119334
1.1423973285781066 0.03773740539534497 0.024509861236151884 0.13830564554685706 0.02801126998417358
1.7135959928671598 0.02314820227858789 0.02976197435818443 0.03851549622823867 0.09103662744856413
2.284794657156213 0.08558999161830816 0.09103662744856413 0.02626056561016273 0.23109297736943205
2.8559933214452666 0.30929110607524996 0.33263383106206124 0.010504226244065093 0.4691887722349075
3.4271919857343196 0.3215460366933259 0.2801126998417358 0.012254930618075942 0.5007014509671027
3.998390650023373 0.09337089994724528 0.0717788793344448 0.021008452488130186 0.26785776922365984
4.569589314312426 0.024509861236151884 0.019257748114119334 0.03851549622823867 0.07878169683048819
5.140787978601479 0.03695931456245125 0.04376760935027122 0.11554648868471602 0.024509861236151884
5.711986642890533 0.20035838947013046 0.2556028386055839 0.39040707540441927 0.01400563499208679
