0.0 0.43903775246027615 0.4376760935027122 0.625001461521873 0.0052521131220325465
0.5711986642890533 0.20172004842769448 0.23984649923948628 0.40616341477051693 0.01400563499208679
1.1423973285781066 0.041822382268036945 0.05602253996834716 0.11729719305872688 0.02275915686214103
1.7135959928671598 0.019452270822342764 0.01750704374010849 0.04901972247230377 0.06652676621241226
2.284794657156213 0.09901205848572467 0.09103662744856413 0.008753521870054244 0.2906169260858009
2.8559933214452666 0.321156991276879 0.3098746741999202 0.007002817496043395 0.5094549728371569
3.4271919857343196 0.3124034694068248 0.30112115232986597 0.01400563499208679 0.46393665911287496
3.998390650023373 0.08131049203739274 0.0682774705864231 0.015756339366097636 0.25035072548355136
4.569589314312426 0.019257748114119334 0.019257748114119334 0.04201690497626037 0.07002817496043395
5.140787978601479 0.03890454164468553 0.04726901809829292 0.1400563499208679 0.03851549622823867
5.711986642890533 0.1766266190668723 0.16281550678300893 0.32563101356601787 0.019257748114119334
