0.0 0.3075404017012391 0.2836141085897575 0.4009113016484844 0.03151267873219527
0.5711986642890533 0.20424884363459903 0.2188380467513561 0.32913242231403955 0.03851549622823867
1.1423973285781066 0.07547481079068993 0.09453803619658584 0.15231128053894383 0.05602253996834716
1.7135959928671598 0.061080130382156275 0.07878169683048819 0.09803944494460753 0.11379578431070517
2.284794657156213 0.13052473721791993 0.1435577586688896 0.04551831372428206 0.266107064849649
2.8559933214452666 0.24568218048618912 0.2258408642473995 0.04376760935027122 0.3641465097942565
3.4271919857343196 0.25521379318913706 0.21708734237734525 0.04376760935027122 0.42191975413661453
3.998390650023373 0.1274123738863451 0.12079860180674858 0.04901972247230377 0.243347907987508
4.569589314312426 0.04901972247230377 0.04026620060224952 0.07878169683048819 0.11729719305872688
5.140787978601479 0.08364476453607389 0.09278733182257498 0.16981832427905233 0.05777324434235801
5.711986642890533 0.21086261571419557 0.23459438611745376 0.33963664855810466 0.04026620060224952
