0.0 0.3054006519107814 0.2906169260858009 0.4236704585106254 0.03326338310620613
0.5711986642890533 0.20522145717571616 0.22409015987338865 0.35714369229821313 0.050770426846314616
1.1423973285781066 0.08053240120449905 0.07352958370845565 0.16631691553103062 0.07002817496043395
1.7135959928671598 0.06166369850682656 0.07002817496043395 0.09803944494460753 0.12780141930279196
2.284794657156213 0.1217712153478657 0.1365549411728462 0.050770426846314616 0.2328436817434429
2.8559933214452666 0.2521014298575622 0.23109297736943205 0.04726901809829292 0.3764014404123325
3.4271919857343196 0.25890972464538214 0.23809579486547544 0.03851549622823867 0.3851549622823867
3.998390650023373 0.12371644243009998 0.13480423679883535 0.04201690497626037 0.22409015987338865
4.569589314312426 0.05952394871636886 0.05252113122032546 0.08403380995252074 0.14530846304290046
5.140787978601479 0.07450219724957279 0.07878169683048819 0.1435577586688896 0.06652676621241226
5.711986642890533 0.20736120696617388 0.22058875112536694 0.29937044795585516 0.03851549622823867
