0.0 0.1680676199050415 0.18557466364514996 0.15581268928696554 0.16281550678300893
0.5711986642890533 0.1499770080402627 0.15231128053894383 0.16281550678300893 0.13480423679883535
1.1423973285781066 0.16514977928169008 0.17156902865306317 0.17331973302707404 0.15056057616493299
1.7135959928671598 0.1458920311675707 0.14180705429487875 0.1470591674169113 0.14880987179092214
2.284794657156213 0.15406198491295467 0.13480423679883535 0.14180705429487875 0.18557466364514996
2.8559933214452666 0.12721785117812168 0.15406198491295467 0.10854367118867263 0.11904789743273772
3.4271919857343196 0.1709854605283929 0.16456621115701978 0.14880987179092214 0.19958029863723675
3.998390650023373 0.17682114177509572 0.17156902865306317 0.21008452488130183 0.14880987179092214
4.569589314312426 0.15814696178564666 0.15406198491295467 0.1610648024089981 0.15931409803498722
5.140787978601479 0.1704018924037226 0.15931409803498722 0.16631691553103062 0.18557466364514996
5.711986642890533 0.1639826430323495 0.1610648024089981 0.17507043740108488 0.15581268928696554
