0.0 0.1569798255363061 0.15931409803498722 0.1680676199050415 0.1435577586688896
0.5711986642890533 0.16573334740636034 0.15931409803498722 0.16456621115701978 0.17331973302707404
1.1423973285781066 0.1610648024089981 0.16981832427905233 0.15056057616493299 0.16281550678300893
1.7135959928671598 0.14647559929224102 0.14880987179092214 0.15581268928696554 0.13480423679883535
2.284794657156213 0.14472489491823015 0.1400563499208679 0.15756339366097638 0.1365549411728462
2.8559933214452666 0.16456621115701978 0.1680676199050415 0.15581268928696554 0.16981832427905233
3.4271919857343196 0.1470591674169113 0.14880987179092214 0.13130282805081364 0.1610648024089981
3.998390650023373 0.16573334740636034 0.14530846304290046 0.17156902865306317 0.1803225505231174
4.569589314312426 0.16339907490767921 0.17507043740108488 0.16631691553103062 0.14880987179092214
5.140787978601479 0.15581268928696554 0.15406198491295467 0.15231128053894383 0.1610648024089981
5.711986642890533 0.17915541427377685 0.18207325489712825 0.17682114177509572 0.17857184614910657
