0.0 0.15114414428960327 0.12430001055477025 0.1610648024089981 0.1680676199050415
0.5711986642890533 0.15464555303762498 0.1610648024089981 0.1470591674169113 0.15581268928696554
1.1423973285781066 0.1435577586688896 0.15056057616493299 0.14530846304290046 0.13480423679883535
1.7135959928671598 0.15522912116229526 0.1365549411728462 0.15931409803498722 0.16981832427905233
2.284794657156213 0.1709854605283929 0.17156902865306317 0.16981832427905233 0.17156902865306317
2.8559933214452666 0.17565400552575516 0.18907607239317167 0.17331973302707404 0.16456621115701978
3.4271919857343196 0.1499770080402627 0.14180705429487875 0.1330535324248245 0.17507043740108488
3.998390650023373 0.16573334740636034 0.17682114177509572 0.16631691553103062 0.15406198491295467
4.569589314312426 0.14764273554158158 0.15056057616493299 0.15406198491295467 0.13830564554685706
5.140787978601479 0.17798827802443629 0.1943281855152042 0.16456621115701978 0.17507043740108488
5.711986642890533 0.15814696178564666 0.15406198491295467 0.17682114177509572 0.1435577586688896
