0.0 0.16748405178037118 0.16631691553103062 0.16631691553103062 0.16981832427905233
0.5711986642890533 0.15406198491295467 0.14880987179092214 0.15931409803498722 0.15406198491295467
1.1423973285781066 0.14647559929224102 0.15406198491295467 0.1435577586688896 0.14180705429487875
1.7135959928671598 0.1394727817961976 0.12079860180674858 0.1435577586688896 0.15406198491295467
2.284794657156213 0.15231128053894383 0.1365549411728462 0.15231128053894383 0.1680676199050415
2.8559933214452666 0.16456621115701978 0.16981832427905233 0.15406198491295467 0.16981832427905233
3.4271919857343196 0.1709854605283929 0.1873253680191608 0.18382395927113912 0.14180705429487875
3.998390650023373 0.16573334740636034 0.17331973302707404 0.15406198491295467 0.16981832427905233
4.569589314312426 0.16456621115701978 0.16631691553103062 0.16981832427905233 0.15756339366097638
5.140787978601479 0.15873052991031697 0.1610648024089981 0.15406198491295467 0.1610648024089981
5.711986642890533 0.16631691553103062 0.16631691553103062 0.16981832427905233 0.16281550678300893
