0.0 0.18265682302179856 0.19082677676718252 0.1803225505231174 0.17682114177509572
0.5711986642890533 0.16690048365570093 0.15406198491295467 0.18557466364514996 0.1610648024089981
1.1423973285781066 0.1569798255363061 0.15756339366097638 0.15581268928696554 0.15756339366097638
1.7135959928671598 0.15756339366097638 0.16281550678300893 0.1470591674169113 0.16281550678300893
2.284794657156213 0.14822630366625186 0.14880987179092214 0.14880987179092214 0.1470591674169113
2.8559933214452666 0.15347841678828442 0.15056057616493299 0.15931409803498722 0.15056057616493299
3.4271919857343196 0.15172771241427357 0.1470591674169113 0.16631691553103062 0.14180705429487875
3.998390650023373 0.15931409803498722 0.15056057616493299 0.1470591674169113 0.1803225505231174
4.569589314312426 0.1569798255363061 0.17156902865306317 0.15056057616493299 0.14880987179092214
5.140787978601479 0.16048123428432778 0.16456621115701978 0.1365549411728462 0.1803225505231174
5.711986642890533 0.15639625741163582 0.15231128053894383 0.17331973302707404 0.1435577586688896
