0.0 0.18849250426850137 0.17682114177509572 0.20658311613328015 0.18207325489712825
0.5711986642890533 0.15989766615965753 0.19257748114119336 0.1260507149287811 0.1610648024089981
1.1423973285781066 0.16456621115701978 0.16281550678300893 0.16631691553103062 0.16456621115701978
1.7135959928671598 0.1528948486636141 0.1470591674169113 0.15931409803498722 0.15231128053894383
2.284794657156213 0.1458920311675707 0.14530846304290046 0.15056057616493299 0.14180705429487875
2.8559933214452666 0.1528948486636141 0.17331973302707404 0.1330535324248245 0.15231128053894383
3.4271919857343196 0.1406399180455382 0.11029437556268347 0.1400563499208679 0.17156902865306317
3.998390650023373 0.15056057616493299 0.1365549411728462 0.15756339366097638 0.15756339366097638
4.569589314312426 0.15347841678828442 0.16631691553103062 0.1470591674169113 0.1470591674169113
5.140787978601479 0.15931409803498722 0.15931409803498722 0.17682114177509572 0.14180705429487875
5.711986642890533 0.18207325489712825 0.1803225505231174 0.1873253680191608 0.17857184614910657
