0.0 0.16281550678300893 0.13830564554685706 0.17156902865306317 0.17857184614910657
0.5711986642890533 0.16281550678300893 0.15581268928696554 0.17507043740108488 0.15756339366097638
1.1423973285781066 0.15347841678828442 0.1803225505231174 0.1470591674169113 0.1330535324248245
1.7135959928671598 0.1610648024089981 0.15406198491295467 0.16631691553103062 0.16281550678300893
2.284794657156213 0.1528948486636141 0.15406198491295467 0.1610648024089981 0.1435577586688896
2.8559933214452666 0.16981832427905233 0.1680676199050415 0.16281550678300893 0.17857184614910657
3.4271919857343196 0.15756339366097638 0.15931409803498722 0.1610648024089981 0.15231128053894383
3.998390650023373 0.16223193865833863 0.16631691553103062 0.16631691553103062 0.15406198491295467
4.569589314312426 0.15056057616493299 0.1295521236768028 0.14880987179092214 0.17331973302707404
5.140787978601479 0.15406198491295467 0.15406198491295467 0.14530846304290046 0.16281550678300893
5.711986642890533 0.16339907490767921 0.19082677676718252 0.14530846304290046 0.15406198491295467
