0.0 0.16514977928169008 0.17156902865306317 0.17682114177509572 0.1470591674169113
0.5711986642890533 0.15406198491295467 0.16631691553103062 0.15931409803498722 0.1365549411728462
1.1423973285781066 0.15639625741163582 0.1435577586688896 0.16281550678300893 0.16281550678300893
1.7135959928671598 0.14764273554158158 0.1435577586688896 0.13130282805081364 0.1680676199050415
2.284794657156213 0.16223193865833863 0.17682114177509572 0.16631691553103062 0.1435577586688896
2.8559933214452666 0.15989766615965753 0.16281550678300893 0.1610648024089981 0.15581268928696554
3.4271919857343196 0.15522912116229526 0.15056057616493299 0.14530846304290046 0.16981832427905233
3.998390650023373 0.1709854605283929 0.1680676199050415 0.16281550678300893 0.18207325489712825
4.569589314312426 0.15406198491295467 0.14180705429487875 0.1610648024089981 0.15931409803498722
5.140787978601479 0.15406198491295467 0.16981832427905233 0.16281550678300893 0.1295521236768028
5.711986642890533 0.1709854605283929 0.15581268928696554 0.1610648024089981 0.19607888988921507
