0.0 0.1610648024089981 0.14180705429487875 0.15056057616493299 0.19082677676718252
0.5711986642890533 0.1704018924037226 0.18207325489712825 0.1803225505231174 0.14880987179092214
1.1423973285781066 0.17156902865306317 0.17507043740108488 0.1610648024089981 0.17857184614910657
1.7135959928671598 0.17156902865306317 0.15931409803498722 0.16631691553103062 0.18907607239317167
2.284794657156213 0.1844075273958094 0.1803225505231174 0.1873253680191608 0.18557466364514996
2.8559933214452666 0.1569798255363061 0.16281550678300893 0.1680676199050415 0.1400563499208679
3.4271919857343196 0.14880987179092214 0.1680676199050415 0.1435577586688896 0.13480423679883535
3.998390650023373 0.1406399180455382 0.13830564554685706 0.15931409803498722 0.12430001055477025
4.569589314312426 0.1435577586688896 0.14530846304290046 0.1470591674169113 0.13830564554685706
5.140787978601479 0.14822630366625186 0.14180705429487875 0.1365549411728462 0.16631691553103062
5.711986642890533 0.15347841678828442 0.15581268928696554 0.15056057616493299 0.15406198491295467
