0.0 0.16223193865833863 0.1400563499208679 0.16981832427905233 0.17682114177509572
0.5711986642890533 0.15581268928696554 0.15931409803498722 0.14530846304290046 0.16281550678300893
1.1423973285781066 0.16456621115701978 0.17331973302707404 0.15231128053894383 0.1680676199050415
1.7135959928671598 0.16164837053366837 0.16631691553103062 0.15931409803498722 0.15931409803498722
2.284794657156213 0.15347841678828442 0.15756339366097638 0.16281550678300893 0.1400563499208679
2.8559933214452666 0.17273616490240373 0.16631691553103062 0.18907607239317167 0.16281550678300893
3.4271919857343196 0.15639625741163582 0.15931409803498722 0.16281550678300893 0.1470591674169113
3.998390650023373 0.15581268928696554 0.16631691553103062 0.1295521236768028 0.17156902865306317
4.569589314312426 0.14180705429487875 0.1435577586688896 0.1365549411728462 0.14530846304290046
5.140787978601479 0.1569798255363061 0.1470591674169113 0.1680676199050415 0.15581268928696554
5.711986642890533 0.16923475615438205 0.17156902865306317 0.17507043740108488 0.1610648024089981
