0.0 0.1879089361438311 0.23809579486547544 0.17682114177509572 0.14880987179092214
0.5711986642890533 0.16456621115701978 0.17156902865306317 0.14880987179092214 0.17331973302707404
1.1423973285781066 0.11321221618603489 0.08403380995252074 0.1400563499208679 0.11554648868471602
1.7135959928671598 0.11963146555740799 0.08053240120449905 0.14180705429487875 0.1365549411728462
2.284794657156213 0.1610648024089981 0.1435577586688896 0.16281550678300893 0.17682114177509572
2.8559933214452666 0.2515178617328919 0.3221296048179962 0.23984649923948628 0.19257748114119336
3.4271919857343196 0.2357615223667943 0.266107064849649 0.208333820507291 0.2328436817434429
3.998390650023373 0.14180705429487875 0.1330535324248245 0.1470591674169113 0.14530846304290046
4.569589314312426 0.10971080743801317 0.07703099245647733 0.11204507993669433 0.1400563499208679
5.140787978601479 0.11379578431070517 0.08403380995252074 0.12780141930279196 0.1295521236768028
5.711986642890533 0.15172771241427357 0.15056057616493299 0.14530846304290046 0.15931409803498722
