0.0 0.19316104926586367 0.21358593362932354 0.17857184614910657 0.1873253680191608
0.5711986642890533 0.14530846304290046 0.14530846304290046 0.15056057616493299 0.1400563499208679
1.1423973285781066 0.11379578431070517 0.09103662744856413 0.11729719305872688 0.1330535324248245
1.7135959928671598 0.11496292056004573 0.09103662744856413 0.12079860180674858 0.1330535324248245
2.284794657156213 0.1704018924037226 0.17507043740108488 0.17507043740108488 0.1610648024089981
2.8559933214452666 0.21533663800333439 0.25735354297959473 0.18557466364514996 0.20308170738525846
3.4271919857343196 0.22642443237206977 0.266107064849649 0.19958029863723675 0.21358593362932354
3.998390650023373 0.16865118802971177 0.1400563499208679 0.19257748114119336 0.17331973302707404
4.569589314312426 0.11904789743273772 0.08753521870054244 0.13480423679883535 0.13480423679883535
5.140787978601479 0.12546714680411084 0.09979014931861838 0.15756339366097638 0.11904789743273772
5.711986642890533 0.15814696178564666 0.18382395927113912 0.13830564554685706 0.15231128053894383
