0.0 0.1744868692764146 0.2048324117592693 0.17507043740108488 0.1435577586688896
0.5711986642890533 0.15231128053894383 0.1610648024089981 0.14180705429487875 0.15406198491295467
1.1423973285781066 0.11087794368735376 0.08578451432653159 0.1260507149287811 0.12079860180674858
1.7135959928671598 0.10620939868999149 0.07528028808246649 0.11904789743273772 0.12430001055477025
2.284794657156213 0.16281550678300893 0.14530846304290046 0.17156902865306317 0.17156902865306317
2.8559933214452666 0.24976715735888108 0.2801126998417358 0.24684931673552965 0.22233945549937778
3.4271919857343196 0.24743288486019996 0.3116253785739311 0.21708734237734525 0.21358593362932354
3.998390650023373 0.16690048365570093 0.15231128053894383 0.16981832427905233 0.17857184614910657
4.569589314312426 0.10154085369262923 0.0647760618384014 0.11729719305872688 0.12254930618075942
5.140787978601479 0.11788076118339715 0.09103662744856413 0.12079860180674858 0.14180705429487875
5.711986642890533 0.16048123428432778 0.17857184614910657 0.14530846304290046 0.15756339366097638
