0.0 0.1844075273958094 0.2188380467513561 0.16281550678300893 0.17156902865306317
0.5711986642890533 0.17215259677773345 0.18557466364514996 0.15056057616493299 0.1803225505231174
1.1423973285781066 0.13188639617548395 0.10154085369262923 0.1400563499208679 0.15406198491295467
1.7135959928671598 0.12430001055477025 0.07703099245647733 0.15931409803498722 0.1365549411728462
2.284794657156213 0.15347841678828442 0.14530846304290046 0.15756339366097638 0.15756339366097638
2.8559933214452666 0.20016386676190703 0.2328436817434429 0.18907607239317167 0.17857184614910657
3.4271919857343196 0.21008452488130183 0.23809579486547544 0.20308170738525846 0.18907607239317167
3.998390650023373 0.14822630366625186 0.16281550678300893 0.14530846304290046 0.1365549411728462
4.569589314312426 0.13188639617548395 0.11204507993669433 0.15756339366097638 0.1260507149287811
5.140787978601479 0.1266342830534514 0.09278733182257498 0.13130282805081364 0.15581268928696554
5.711986642890533 0.16748405178037118 0.18382395927113912 0.15406198491295467 0.16456621115701978
