0.0 0.19666245801388532 0.23809579486547544 0.17331973302707404 0.17857184614910657
0.5711986642890533 0.17798827802443629 0.19607888988921507 0.19082677676718252 0.1470591674169113
1.1423973285781066 0.12371644243009998 0.10854367118867263 0.14880987179092214 0.11379578431070517
1.7135959928671598 0.10737653493933205 0.06127465309037971 0.15231128053894383 0.10854367118867263
2.284794657156213 0.14647559929224102 0.1365549411728462 0.12430001055477025 0.17857184614910657
2.8559933214452666 0.20891738863196127 0.24684931673552965 0.16631691553103062 0.21358593362932354
3.4271919857343196 0.208333820507291 0.23984649923948628 0.18557466364514996 0.19958029863723675
3.998390650023373 0.16514977928169008 0.16281550678300893 0.1680676199050415 0.16456621115701978
4.569589314312426 0.12838498742746224 0.09278733182257498 0.1400563499208679 0.15231128053894383
5.140787978601479 0.13422066867416507 0.11029437556268347 0.15581268928696554 0.1365549411728462
5.711986642890533 0.15347841678828442 0.15756339366097638 0.14530846304290046 0.15756339366097638
