0.0 0.1844075273958094 0.208333820507291 0.1943281855152042 0.15056057616493299
0.5711986642890533 0.14880987179092214 0.1400563499208679 0.15581268928696554 0.15056057616493299
1.1423973285781066 0.1295521236768028 0.13830564554685706 0.11554648868471602 0.13480423679883535
1.7135959928671598 0.11904789743273772 0.07878169683048819 0.13830564554685706 0.1400563499208679
2.284794657156213 0.16339907490767921 0.1680676199050415 0.15056057616493299 0.17156902865306317
2.8559933214452666 0.243347907987508 0.2696084735976707 0.23109297736943205 0.2293422729954212
3.4271919857343196 0.24159720361349715 0.27661129109371413 0.2258408642473995 0.22233945549937778
3.998390650023373 0.14822630366625186 0.1400563499208679 0.16981832427905233 0.13480423679883535
4.569589314312426 0.10971080743801317 0.08228310557850989 0.1260507149287811 0.12079860180674858
5.140787978601479 0.11379578431070517 0.09278733182257498 0.10504226244065092 0.1435577586688896
5.711986642890533 0.14880987179092214 0.15581268928696554 0.13830564554685706 0.15231128053894383
