0.0 0.19082677676718252 0.208333820507291 0.19257748114119336 0.17156902865306317
0.5711986642890533 0.1610648024089981 0.17331973302707404 0.14530846304290046 0.16456621115701978
1.1423973285781066 0.11321221618603489 0.07528028808246649 0.11554648868471602 0.14880987179092214
1.7135959928671598 0.10679296681466177 0.07528028808246649 0.1435577586688896 0.10154085369262923
2.284794657156213 0.17682114177509572 0.16281550678300893 0.17857184614910657 0.18907607239317167
2.8559933214452666 0.20658311613328015 0.2818634042157466 0.17331973302707404 0.16456621115701978
3.4271919857343196 0.2328436817434429 0.2696084735976707 0.2118352292553127 0.21708734237734525
3.998390650023373 0.16514977928169008 0.13480423679883535 0.17507043740108488 0.18557466364514996
4.569589314312426 0.10796010306400235 0.054271835594336314 0.1295521236768028 0.1400563499208679
5.140787978601479 0.11496292056004573 0.09103662744856413 0.13130282805081364 0.12254930618075942
5.711986642890533 0.1744868692764146 0.22409015987338865 0.15406198491295467 0.14530846304290046
