0.0 0.19082677676718252 0.2363450904914646 0.16981832427905233 0.16631691553103062
0.5711986642890533 0.15464555303762498 0.15231128053894383 0.14180705429487875 0.16981832427905233
1.1423973285781066 0.15639625741163582 0.13830564554685706 0.16456621115701978 0.16631691553103062
1.7135959928671598 0.1394727817961976 0.12254930618075942 0.14880987179092214 0.1470591674169113
2.284794657156213 0.1680676199050415 0.17156902865306317 0.16281550678300893 0.16981832427905233
2.8559933214452666 0.1809061186477877 0.2118352292553127 0.1873253680191608 0.1435577586688896
3.4271919857343196 0.1739033011517443 0.1680676199050415 0.17682114177509572 0.17682114177509572
3.998390650023373 0.15406198491295467 0.1435577586688896 0.17331973302707404 0.14530846304290046
4.569589314312426 0.13772207742218676 0.13480423679883535 0.1330535324248245 0.14530846304290046
5.140787978601479 0.13830564554685706 0.11204507993669433 0.15231128053894383 0.15056057616493299
5.711986642890533 0.15639625741163582 0.15931409803498722 0.1400563499208679 0.16981832427905233
