0.0 0.20950095675663158 0.23109297736943205 0.19607888988921507 0.20133100301124762
0.5711986642890533 0.14414132679355987 0.16631691553103062 0.11729719305872688 0.14880987179092214
1.1423973285781066 0.1126286480613646 0.07878169683048819 0.12780141930279196 0.13130282805081364
1.7135959928671598 0.1027079899419698 0.07878169683048819 0.10329155806664007 0.1260507149287811
2.284794657156213 0.1435577586688896 0.13830564554685706 0.15756339366097638 0.13480423679883535
2.8559933214452666 0.24626574861085937 0.2906169260858009 0.24509861236151884 0.20308170738525846
3.4271919857343196 0.2515178617328919 0.29236763045981173 0.21708734237734525 0.24509861236151884
3.998390650023373 0.16981832427905233 0.15931409803498722 0.1873253680191608 0.16281550678300893
4.569589314312426 0.11087794368735376 0.07002817496043395 0.1295521236768028 0.1330535324248245
5.140787978601479 0.11437935243537543 0.08403380995252074 0.12780141930279196 0.13130282805081364
5.711986642890533 0.14530846304290046 0.1610648024089981 0.14180705429487875 0.1330535324248245
