0.0 0.16456621115701978 0.19607888988921507 0.1470591674169113 0.15056057616493299
0.5711986642890533 0.17623757365042544 0.20308170738525846 0.17507043740108488 0.15056057616493299
1.1423973285781066 0.14939343991559242 0.13480423679883535 0.16631691553103062 0.1470591674169113
1.7135959928671598 0.13830564554685706 0.11904789743273772 0.16281550678300893 0.1330535324248245
2.284794657156213 0.1610648024089981 0.1610648024089981 0.1470591674169113 0.17507043740108488
2.8559933214452666 0.19257748114119336 0.2048324117592693 0.17857184614910657 0.1943281855152042
3.4271919857343196 0.1739033011517443 0.18207325489712825 0.15931409803498722 0.1803225505231174
3.998390650023373 0.15172771241427357 0.13480423679883535 0.15231128053894383 0.1680676199050415
4.569589314312426 0.14530846304290046 0.12430001055477025 0.15231128053894383 0.15931409803498722
5.140787978601479 0.14239062241954903 0.1435577586688896 0.1435577586688896 0.1400563499208679
5.711986642890533 0.15522912116229526 0.1470591674169113 0.16631691553103062 0.15231128053894383
