0.0 0.2537013558644334 0.2565577682641353 0.30589580062262284 0.2664253747358328
0.2026833970057931 0.23474516448459343 0.17268311325470645 0.19735212943395022 0.19241832619810148
0.4053667940115862 0.22591625343096933 0.23682255532074029 0.1874845229622527 0.222021145613194
0.6080501910173793 0.20696006205112938 0.2664253747358328 0.202285932669799 0.1578817035471602
0.8107335880231724 0.18384908899899574 0.20721973590564774 0.17268311325470645 0.1332126873679164
1.0134169850289656 0.15918007281975194 0.2565577682641353 0.1233450808962189 0.15294790031131142
1.2161003820347587 0.14152225071250377 0.15294790031131142 0.13814649060376516 0.1233450808962189
1.4187837790405518 0.12022899464199861 0.202285932669799 0.10360986795282387 0.1332126873679164
1.6214671760463448 0.11140008358837454 0.1233450808962189 0.1677493100188577 0.08387465500942885
1.824150573052138 0.10568725878897071 0.14308029383961393 0.16281550678300893 0.12827888413206764
2.026833970057931 0.11555486526066822 0.06413944206603382 0.1874845229622527 0.08387465500942885
2.2295173670637243 0.12879823184110434 0.05427183559433631 0.15294790031131142 0.14308029383961393
2.4322007640695174 0.14619638009383418 0.07400704853773134 0.25162396502828654 0.10360986795282387
2.6348841610753104 0.17086539627307798 0.09867606471697511 0.21215353914149648 0.1578817035471602
2.8375675580811035 0.210335822159868 0.20721973590564774 0.17268311325470645 0.20721973590564774
3.0402509550868966 0.2308500566668181 0.22695494884904274 0.25162396502828654 0.21708734237734523
3.2429343520926897 0.22877266583067124 0.30589580062262284 0.18255071972640394 0.21215353914149648
3.4456177490984827 0.2401983154294789 0.3453662265094129 0.1776169164905552 0.17268311325470645
3.648301146104276 0.20721973590564774 0.21708734237734523 0.10854367118867261 0.14801409707546268
3.850984543110069 0.18618615368966093 0.1874845229622527 0.1332126873679164 0.18255071972640394
4.053667940115862 0.13944485987635694 0.14308029383961393 0.0888084582452776 0.18255071972640394
4.2563513371216555 0.09036650137238772 0.11347747442452137 0.08387465500942885 0.11841127766037014
4.4590347341274486 0.057907269557593295 0.024669016179243778 0.0888084582452776 0.11347747442452137
4.661718131133242 0.04024944745034511 0.004933803235848756 0.06413944206603382 0.08387465500942885
4.864401528139035 0.04258651214101031 0.03947042588679005 0.019735212943395024 0.10854367118867261
5.067084925144828 0.06985226686543765 0.03453662265094129 0.05427183559433631 0.13814649060376516
5.269768322150621 0.09971476013504854 0.09867606471697511 0.09867606471697511 0.1677493100188577
5.472451719156414 0.13710779518569174 0.10854367118867261 0.12827888413206764 0.20721973590564774
5.675135116162207 0.1841087628535141 0.17268311325470645 0.22695494884904274 0.16281550678300893
5.877818513168 0.21812603779541864 0.1578817035471602 0.3009619973867741 0.1677493100188577
6.080501910173793 0.24617081408340108 0.23682255532074029 0.1874845229622527 0.26149157149998403
