0.0 0.2482482049195479 0.29109439091507655 0.16281550678300893 0.28616058767922786
0.2026833970057931 0.26668504859035114 0.21708734237734523 0.22695494884904274 0.33056481680186667
0.4053667940115862 0.23630320761170354 0.2565577682641353 0.26149157149998403 0.28122678444337906
0.6080501910173793 0.21319223455956993 0.24175635855658903 0.24175635855658903 0.23682255532074029
0.8107335880231724 0.1856668059806242 0.22695494884904274 0.21708734237734523 0.14308029383961393
1.0134169850289656 0.13113529653176956 0.1233450808962189 0.18255071972640394 0.08387465500942885
1.2161003820347587 0.1308756226772512 0.0789408517735801 0.23682255532074029 0.06907324530188258
1.4187837790405518 0.10568725878897071 0.05920563883018507 0.23188875208489151 0.05427183559433631
1.6214671760463448 0.10958236660674604 0.049338032358487556 0.1332126873679164 0.03947042588679005
1.824150573052138 0.09789704315342004 0.06907324530188258 0.16281550678300893 0.05920563883018507
2.026833970057931 0.09893573857149346 0.0888084582452776 0.25162396502828654 0.09867606471697511
2.2295173670637243 0.10127280326215866 0.06413944206603382 0.1776169164905552 0.09374226148112635
2.4322007640695174 0.11581453911518659 0.15294790031131142 0.1677493100188577 0.0789408517735801
2.6348841610753104 0.13113529653176956 0.202285932669799 0.1332126873679164 0.14308029383961393
2.8375675580811035 0.13295301351339806 0.1578817035471602 0.10360986795282387 0.0888084582452776
3.0402509550868966 0.1472350755119076 0.1332126873679164 0.1677493100188577 0.12827888413206764
3.2429343520926897 0.14048355529443035 0.15294790031131142 0.09374226148112635 0.12827888413206764
3.4456177490984827 0.14152225071250377 0.09374226148112635 0.09867606471697511 0.18255071972640394
3.648301146104276 0.14308029383961393 0.14308029383961393 0.11347747442452137 0.17268311325470645
3.850984543110069 0.1308756226772512 0.08387465500942885 0.10854367118867261 0.21215353914149648
4.053667940115862 0.13295301351339806 0.0888084582452776 0.09374226148112635 0.14801409707546268
4.2563513371216555 0.11477584369711316 0.1233450808962189 0.1233450808962189 0.14801409707546268
4.4590347341274486 0.1004937816986036 0.10360986795282387 0.11347747442452137 0.1332126873679164
4.661718131133242 0.1080243234796359 0.07400704853773134 0.12827888413206764 0.0789408517735801
4.864401528139035 0.1163338868242233 0.10854367118867261 0.14308029383961393 0.12827888413206764
5.067084925144828 0.13866583831280188 0.19735212943395022 0.11841127766037014 0.10854367118867261
5.269768322150621 0.1799539811812204 0.21215353914149648 0.11347747442452137 0.10854367118867261
5.472451719156414 0.23526451219363012 0.3206972103301691 0.15294790031131142 0.17268311325470645
5.675135116162207 0.27395591651686513 0.28616058767922786 0.19241832619810148 0.35030002974526164
5.877818513168 0.27447526422590185 0.2762929812075303 0.1233450808962189 0.33056481680186667
6.080501910173793 0.25032559575569474 0.2565577682641353 0.1578817035471602 0.3157634070943204
