0.0 0.27785102433464043 0.3749690459245054 0.21708734237734523 0.3009619973867741
0.2026833970057931 0.33809535858289896 0.3453662265094129 0.23682255532074029 0.29602819415092535
0.4053667940115862 0.36977556883413837 0.36016763621695913 0.21215353914149648 0.4292408815188417
0.6080501910173793 0.33913405400097235 0.39470425886790045 0.2762929812075303 0.36016763621695913
0.8107335880231724 0.3030393882229209 0.29602819415092535 0.29109439091507655 0.33056481680186667
1.0134169850289656 0.2664253747358328 0.21708734237734523 0.3206972103301691 0.2664253747358328
1.2161003820347587 0.25681744211865365 0.23188875208489151 0.20721973590564774 0.28122678444337906
1.4187837790405518 0.2659060270267961 0.2565577682641353 0.3157634070943204 0.25162396502828654
1.6214671760463448 0.2513642911737682 0.19241832619810148 0.2565577682641353 0.1776169164905552
1.824150573052138 0.26434798389968595 0.3009619973867741 0.25162396502828654 0.1677493100188577
2.026833970057931 0.2677237440084246 0.40950566857544674 0.2713591779716816 0.18255071972640394
2.2295173670637243 0.26720439629938786 0.3651014394528079 0.26149157149998403 0.18255071972640394
2.4322007640695174 0.23864027230236878 0.22695494884904274 0.2565577682641353 0.14308029383961393
2.6348841610753104 0.19371669547069323 0.23682255532074029 0.21215353914149648 0.11347747442452137
2.8375675580811035 0.13061594882273284 0.1233450808962189 0.11841127766037014 0.11841127766037014
3.0402509550868966 0.1028308463892688 0.06907324530188258 0.1233450808962189 0.14801409707546268
3.2429343520926897 0.07089096228351106 0.009867606471697512 0.10854367118867261 0.08387465500942885
3.4456177490984827 0.04544292454071222 0.009867606471697512 0.03947042588679005 0.11347747442452137
3.648301146104276 0.0303818409786476 0.0 0.05920563883018507 0.0888084582452776
3.850984543110069 0.01687880054369311 0.0 0.049338032358487556 0.03453662265094129
4.053667940115862 0.013243366580436133 0.0 0.049338032358487556 0.06413944206603382
4.2563513371216555 0.013762714289472844 0.0 0.03947042588679005 0.019735212943395024
4.4590347341274486 0.013243366580436133 0.0 0.029602819415092536 0.019735212943395024
4.661718131133242 0.016099778980138042 0.0 0.05427183559433631 0.019735212943395024
4.864401528139035 0.01584010512561969 0.0 0.024669016179243778 0.024669016179243778
5.067084925144828 0.026746407015390623 0.009867606471697512 0.06907324530188258 0.019735212943395024
5.269768322150621 0.04102846901390018 0.009867606471697512 0.0888084582452776 0.08387465500942885
5.472451719156414 0.0654378113386256 0.0444042291226388 0.09867606471697511 0.09374226148112635
5.675135116162207 0.09971476013504854 0.09374226148112635 0.09867606471697511 0.12827888413206764
5.877818513168 0.12905790569562273 0.16281550678300893 0.1677493100188577 0.12827888413206764
6.080501910173793 0.20254560652431733 0.19241832619810148 0.12827888413206764 0.26149157149998403
