0.0 0.003895107817775333 0.0 0.024669016179243778 0.0
0.2026833970057931 0.0015580431271101335 0.0 0.024669016179243778 0.0
0.4053667940115862 0.0007790215635550667 0.0 0.009867606471697512 0.0
0.6080501910173793 0.0005193477090367112 0.0 0.009867606471697512 0.0
0.8107335880231724 0.0015580431271101335 0.0 0.0 0.009867606471697512
1.0134169850289656 0.0010386954180734223 0.0 0.004933803235848756 0.0
1.2161003820347587 0.0023370646906651998 0.0 0.009867606471697512 0.004933803235848756
1.4187837790405518 0.005453150944885466 0.0 0.03453662265094129 0.009867606471697512
1.6214671760463448 0.008049889490069021 0.004933803235848756 0.009867606471697512 0.024669016179243778
1.824150573052138 0.018436843670803244 0.004933803235848756 0.05427183559433631 0.049338032358487556
2.026833970057931 0.03297857952383116 0.024669016179243778 0.06907324530188258 0.0444042291226388
2.2295173670637243 0.06154270352085027 0.03453662265094129 0.06907324530188258 0.09374226148112635
2.4322007640695174 0.08854878439075925 0.03947042588679005 0.19241832619810148 0.08387465500942885
2.6348841610753104 0.14385931540316899 0.09867606471697511 0.2762929812075303 0.11841127766037014
2.8375675580811035 0.1898215876529179 0.15294790031131142 0.28616058767922786 0.1677493100188577
3.0402509550868966 0.26149157149998403 0.1776169164905552 0.3749690459245054 0.2762929812075303
3.2429343520926897 0.32926644752927486 0.34043242327356416 0.32563101356601787 0.19735212943395022
3.4456177490984827 0.42950055537336007 0.46871130740563177 0.4193732750471443 0.35030002974526164
3.648301146104276 0.4996124960933161 0.6561958303678845 0.3651014394528079 0.3651014394528079
3.850984543110069 0.5616745473232031 0.745004288613162 0.5032479300565731 0.444042291226388
4.053667940115862 0.5393425958346245 0.7499380918490108 0.3700352426886567 0.4539098976980855
4.2563513371216555 0.5050656470382016 0.5624535688867581 0.32563101356601787 0.5131155365282706
4.4590347341274486 0.43053925079143357 0.3354986200377154 0.2466901617924378 0.444042291226388
4.661718131133242 0.32095688418468743 0.1677493100188577 0.25162396502828654 0.4539098976980855
4.864401528139035 0.2290323396851896 0.18255071972640394 0.26149157149998403 0.3157634070943204
5.067084925144828 0.1308756226772512 0.09867606471697511 0.15294790031131142 0.25162396502828654
5.269768322150621 0.0672555283202541 0.05920563883018507 0.0888084582452776 0.13814649060376516
5.472451719156414 0.03142053639672102 0.009867606471697512 0.05427183559433631 0.03947042588679005
5.675135116162207 0.02285129919761529 0.019735212943395024 0.05427183559433631 0.0444042291226388
5.877818513168 0.009088584908142445 0.0 0.024669016179243778 0.029602819415092536
6.080501910173793 0.005453150944885466 0.0 0.03947042588679005 0.009867606471697512
