0.0 0.08725041511816746 0.09867606471697511 0.0888084582452776 0.07400704853773134
0.2026833970057931 0.11269845286096632 0.14801409707546268 0.14308029383961393 0.09867606471697511
0.4053667940115862 0.12646116715043917 0.16281550678300893 0.13814649060376516 0.08387465500942885
0.6080501910173793 0.15398659572938483 0.17268311325470645 0.1874845229622527 0.1776169164905552
0.8107335880231724 0.1747605040908533 0.1578817035471602 0.1776169164905552 0.13814649060376516
1.0134169850289656 0.20358430194239074 0.21215353914149648 0.15294790031131142 0.30589580062262284
1.2161003820347587 0.23396614292103834 0.2466901617924378 0.23188875208489151 0.2565577682641353
1.4187837790405518 0.2578561375367271 0.2713591779716816 0.24175635855658903 0.33056481680186667
1.6214671760463448 0.29135406476959497 0.28122678444337906 0.28616058767922786 0.3108296038584716
1.824150573052138 0.31186829927654497 0.30589580062262284 0.3453662265094129 0.28122678444337906
2.026833970057931 0.3186198194940223 0.34043242327356416 0.3552338329811104 0.29109439091507655
2.2295173670637243 0.30953123458587983 0.19241832619810148 0.29602819415092535 0.2664253747358328
2.4322007640695174 0.30511677905906776 0.20721973590564774 0.34043242327356416 0.222021145613194
2.6348841610753104 0.3066748221861779 0.3354986200377154 0.35030002974526164 0.3009619973867741
2.8375675580811035 0.28122678444337906 0.23188875208489151 0.22695494884904274 0.202285932669799
3.0402509550868966 0.2622705930635391 0.2762929812075303 0.20721973590564774 0.21708734237734523
3.2429343520926897 0.20955680059631293 0.2762929812075303 0.17268311325470645 0.21708734237734523
3.4456177490984827 0.16930735314596781 0.2565577682641353 0.1233450808962189 0.1578817035471602
3.648301146104276 0.1378868167492468 0.22695494884904274 0.11841127766037014 0.11347747442452137
3.850984543110069 0.1191902992239252 0.1233450808962189 0.08387465500942885 0.202285932669799
4.053667940115862 0.09737769544438334 0.06413944206603382 0.07400704853773134 0.14801409707546268
4.2563513371216555 0.07530541781032311 0.05427183559433631 0.05427183559433631 0.08387465500942885
4.4590347341274486 0.041807490577455246 0.019735212943395024 0.03453662265094129 0.0789408517735801
4.661718131133242 0.02155292992502351 0.009867606471697512 0.0444042291226388 0.05427183559433631
4.864401528139035 0.017138474398211468 0.004933803235848756 0.049338032358487556 0.029602819415092536
5.067084925144828 0.019475539088876666 0.009867606471697512 0.06413944206603382 0.049338032358487556
5.269768322150621 0.028304450142500756 0.024669016179243778 0.049338032358487556 0.03947042588679005
5.472451719156414 0.04050912130486347 0.029602819415092536 0.049338032358487556 0.024669016179243778
5.675135116162207 0.05816694341211165 0.06413944206603382 0.0789408517735801 0.03453662265094129
5.877818513168 0.06907324530188258 0.0444042291226388 0.09374226148112635 0.049338032358487556
6.080501910173793 0.09192454449949787 0.08387465500942885 0.07400704853773134 0.09374226148112635
