0.0 0.1900812615074363 0.20721973590564774 0.202285932669799 0.09374226148112635
0.2026833970057931 0.1571026819836051 0.22695494884904274 0.1874845229622527 0.11841127766037014
0.4053667940115862 0.12775953642303092 0.1874845229622527 0.1578817035471602 0.03947042588679005
0.6080501910173793 0.09452128304468142 0.08387465500942885 0.17268311325470645 0.019735212943395024
0.8107335880231724 0.07089096228351106 0.0888084582452776 0.13814649060376516 0.019735212943395024
1.0134169850289656 0.05193477090367111 0.03453662265094129 0.10854367118867261 0.004933803235848756
1.2161003820347587 0.029602819415092536 0.029602819415092536 0.09867606471697511 0.0
1.4187837790405518 0.01765782210724818 0.004933803235848756 0.05427183559433631 0.0
1.6214671760463448 0.009348258762660799 0.0 0.0444042291226388 0.004933803235848756
1.824150573052138 0.009607932617179156 0.0 0.019735212943395024 0.004933803235848756
2.026833970057931 0.018436843670803244 0.009867606471697512 0.03453662265094129 0.024669016179243778
2.2295173670637243 0.044923576831675506 0.029602819415092536 0.03453662265094129 0.0444042291226388
2.4322007640695174 0.0859520458455757 0.09374226148112635 0.09867606471697511 0.0888084582452776
2.6348841610753104 0.13061594882273284 0.14308029383961393 0.12827888413206764 0.11841127766037014
2.8375675580811035 0.19060060921647298 0.1874845229622527 0.1874845229622527 0.222021145613194
3.0402509550868966 0.24279505397466244 0.23682255532074029 0.21215353914149648 0.2466901617924378
3.2429343520926897 0.2594141806638372 0.22695494884904274 0.24175635855658903 0.26149157149998403
3.4456177490984827 0.25084494346473146 0.28122678444337906 0.15294790031131142 0.2664253747358328
3.648301146104276 0.20436332350594583 0.18255071972640394 0.23188875208489151 0.25162396502828654
3.850984543110069 0.20670038819661102 0.17268311325470645 0.222021145613194 0.2762929812075303
4.053667940115862 0.1898215876529179 0.12827888413206764 0.2565577682641353 0.21708734237734523
4.2563513371216555 0.1841087628535141 0.1677493100188577 0.14801409707546268 0.25162396502828654
4.4590347341274486 0.2009875633972072 0.1776169164905552 0.24175635855658903 0.29602819415092535
4.661718131133242 0.2168276685228269 0.2664253747358328 0.18255071972640394 0.19735212943395022
4.864401528139035 0.23889994615688712 0.24175635855658903 0.23188875208489151 0.2762929812075303
5.067084925144828 0.25577874670058026 0.2762929812075303 0.1677493100188577 0.28616058767922786
5.269768322150621 0.2752542857894569 0.2713591779716816 0.16281550678300893 0.3749690459245054
5.472451719156414 0.28122678444337906 0.32563101356601787 0.222021145613194 0.29109439091507655
5.675135116162207 0.25266266044635993 0.2565577682641353 0.11841127766037014 0.2565577682641353
5.877818513168 0.2383805984478504 0.17268311325470645 0.23682255532074029 0.19735212943395022
6.080501910173793 0.20670038819661102 0.222021145613194 0.23682255532074029 0.18255071972640394
