0.0 0.1700863747095229 0.20721973590564774 0.21708734237734523 0.1578817035471602
0.2026833970057931 0.18281039358092233 0.15294790031131142 0.1776169164905552 0.16281550678300893
0.4053667940115862 0.16697028845530262 0.18255071972640394 0.11841127766037014 0.12827888413206764
0.6080501910173793 0.15061083562064623 0.1332126873679164 0.1332126873679164 0.15294790031131142
0.8107335880231724 0.1641138760556007 0.08387465500942885 0.15294790031131142 0.24175635855658903
1.0134169850289656 0.13710779518569174 0.1332126873679164 0.1578817035471602 0.1677493100188577
1.2161003820347587 0.13347236122243478 0.12827888413206764 0.1332126873679164 0.1233450808962189
1.4187837790405518 0.14333996769413226 0.17268311325470645 0.12827888413206764 0.14801409707546268
1.6214671760463448 0.14126257685798543 0.14801409707546268 0.11347747442452137 0.1233450808962189
1.824150573052138 0.14230127227605885 0.16281550678300893 0.1332126873679164 0.1332126873679164
2.026833970057931 0.14437866311220568 0.14801409707546268 0.12827888413206764 0.08387465500942885
2.2295173670637243 0.1654122453281925 0.1776169164905552 0.20721973590564774 0.16281550678300893
2.4322007640695174 0.1654122453281925 0.1677493100188577 0.21215353914149648 0.11841127766037014
2.6348841610753104 0.16359452834656402 0.17268311325470645 0.1677493100188577 0.11841127766037014
2.8375675580811035 0.16878800543693112 0.21215353914149648 0.20721973590564774 0.1332126873679164
3.0402509550868966 0.1747605040908533 0.17268311325470645 0.13814649060376516 0.11841127766037014
3.2429343520926897 0.1594397466742703 0.13814649060376516 0.15294790031131142 0.11841127766037014
3.4456177490984827 0.1467157278028709 0.14308029383961393 0.1677493100188577 0.11347747442452137
3.648301146104276 0.11659356067874165 0.14308029383961393 0.1332126873679164 0.07400704853773134
3.850984543110069 0.11763225609681506 0.1776169164905552 0.1332126873679164 0.11841127766037014
4.053667940115862 0.11841127766037014 0.14308029383961393 0.11347747442452137 0.10854367118867261
4.2563513371216555 0.10776464962511756 0.1233450808962189 0.05920563883018507 0.11347747442452137
4.4590347341274486 0.11711290838777835 0.12827888413206764 0.0444042291226388 0.18255071972640394
4.661718131133242 0.13892551216732021 0.10360986795282387 0.1233450808962189 0.19735212943395022
4.864401528139035 0.1596994205287887 0.1233450808962189 0.12827888413206764 0.19735212943395022
5.067084925144828 0.19891017256106033 0.20721973590564774 0.19735212943395022 0.26149157149998403
5.269768322150621 0.2261759272854877 0.24175635855658903 0.222021145613194 0.29602819415092535
5.472451719156414 0.2344854906300751 0.20721973590564774 0.222021145613194 0.2565577682641353
5.675135116162207 0.21371158226860662 0.1578817035471602 0.26149157149998403 0.26149157149998403
5.877818513168 0.1864458275441793 0.1776169164905552 0.23188875208489151 0.1776169164905552
6.080501910173793 0.17735724263603683 0.16281550678300893 0.21708734237734523 0.18255071972640394
