0.0 0.0015580431271101335 0.0 0.014801409707546268 0.004933803235848756
0.2026833970057931 0.0028564123997019113 0.0 0.0 0.024669016179243778
0.4053667940115862 0.011165975744289288 0.004933803235848756 0.014801409707546268 0.05920563883018507
0.6080501910173793 0.024409342324725424 0.004933803235848756 0.024669016179243778 0.0888084582452776
0.8107335880231724 0.03817205661419827 0.004933803235848756 0.049338032358487556 0.09867606471697511
1.0134169850289656 0.07400704853773134 0.024669016179243778 0.0888084582452776 0.13814649060376516
1.2161003820347587 0.11088073587933782 0.049338032358487556 0.09867606471697511 0.19735212943395022
1.4187837790405518 0.151909204893238 0.10854367118867261 0.14308029383961393 0.222021145613194
1.6214671760463448 0.23630320761170354 0.26149157149998403 0.1677493100188577 0.3206972103301691
1.824150573052138 0.30277971436840256 0.30589580062262284 0.25162396502828654 0.3009619973867741
2.026833970057931 0.3617256793440693 0.3700352426886567 0.26149157149998403 0.3996380621037492
2.2295173670637243 0.4289812076643234 0.4884465203490268 0.35030002974526164 0.444042291226388
2.4322007640695174 0.49831412682072435 0.6364606174244894 0.34043242327356416 0.46377750416978303
2.6348841610753104 0.5019495607839812 0.5525859624150606 0.4193732750471443 0.40950566857544674
2.8375675580811035 0.4996124960933161 0.6019239947735482 0.49831412682072435 0.3354986200377154
3.0402509550868966 0.42950055537336007 0.4884465203490268 0.46871130740563177 0.24175635855658903
3.2429343520926897 0.37678676290613394 0.3552338329811104 0.46377750416978303 0.202285932669799
3.4456177490984827 0.2978459111325538 0.25162396502828654 0.3453662265094129 0.22695494884904274
3.648301146104276 0.21916473321349209 0.17268311325470645 0.2466901617924378 0.21708734237734523
3.850984543110069 0.15450594343842158 0.1233450808962189 0.28122678444337906 0.1332126873679164
4.053667940115862 0.09530030460823649 0.07400704853773134 0.15294790031131142 0.10854367118867261
4.2563513371216555 0.0537524878852996 0.03947042588679005 0.0789408517735801 0.0888084582452776
4.4590347341274486 0.029602819415092536 0.0 0.0444042291226388 0.07400704853773134
4.661718131133242 0.01817716981628489 0.009867606471697512 0.029602819415092536 0.0888084582452776
4.864401528139035 0.010127280326215867 0.004933803235848756 0.05427183559433631 0.029602819415092536
5.067084925144828 0.0028564123997019113 0.0 0.024669016179243778 0.009867606471697512
5.269768322150621 0.0010386954180734223 0.0 0.014801409707546268 0.004933803235848756
5.472451719156414 0.0002596738545183556 0.0 0.0 0.0
5.675135116162207 0.0002596738545183556 0.0 0.004933803235848756 0.0
5.877818513168 0.0 0.0 0.0 0.0
6.080501910173793 0.0 0.0 0.0 0.0
