0.0 0.1145161698425948 0.06907324530188258 0.10360986795282387 0.21708734237734523
0.2026833970057931 0.1719040916911514 0.1233450808962189 0.09867606471697511 0.29109439091507655
0.4053667940115862 0.2378612507388137 0.19241832619810148 0.1233450808962189 0.3354986200377154
0.6080501910173793 0.28642026153374617 0.38483665239620296 0.1578817035471602 0.33056481680186667
0.8107335880231724 0.33757601087386224 0.48351271711317806 0.14308029383961393 0.38483665239620296
1.0134169850289656 0.3484823127636332 0.42430707828299297 0.13814649060376516 0.3996380621037492
1.2161003820347587 0.3780851321787257 0.4144394718112955 0.21215353914149648 0.4884465203490268
1.4187837790405518 0.38483665239620296 0.5279169462358169 0.2664253747358328 0.38483665239620296
1.6214671760463448 0.38172056614198263 0.3651014394528079 0.38483665239620296 0.36016763621695913
1.824150573052138 0.3625047009076244 0.3700352426886567 0.30589580062262284 0.2762929812075303
2.026833970057931 0.36665948257991804 0.38483665239620296 0.43417468475469045 0.202285932669799
2.2295173670637243 0.30901188687684317 0.25162396502828654 0.38483665239620296 0.1677493100188577
2.4322007640695174 0.26668504859035114 0.3009619973867741 0.40950566857544674 0.13814649060376516
2.6348841610753104 0.21423092997764334 0.1874845229622527 0.33056481680186667 0.08387465500942885
2.8375675580811035 0.16359452834656402 0.1776169164905552 0.28122678444337906 0.0444042291226388
3.0402509550868966 0.11217910515192961 0.1233450808962189 0.26149157149998403 0.024669016179243778
3.2429343520926897 0.08335530730039215 0.03947042588679005 0.2466901617924378 0.024669016179243778
3.4456177490984827 0.05193477090367111 0.014801409707546268 0.13814649060376516 0.0
3.648301146104276 0.036614013487088135 0.009867606471697512 0.08387465500942885 0.0
3.850984543110069 0.016619126689174757 0.0 0.10854367118867261 0.0
4.053667940115862 0.010127280326215867 0.0 0.049338032358487556 0.0
4.2563513371216555 0.006232172508440534 0.0 0.049338032358487556 0.004933803235848756
4.4590347341274486 0.005453150944885466 0.0 0.03453662265094129 0.004933803235848756
4.661718131133242 0.005453150944885466 0.0 0.024669016179243778 0.024669016179243778
4.864401528139035 0.008309563344587378 0.0 0.014801409707546268 0.0444042291226388
5.067084925144828 0.014022388143991201 0.0 0.009867606471697512 0.05427183559433631
5.269768322150621 0.02726575472442733 0.004933803235848756 0.014801409707546268 0.0789408517735801
5.472451719156414 0.03401727494190458 0.014801409707546268 0.004933803235848756 0.13814649060376516
5.675135116162207 0.046741293813304004 0.014801409707546268 0.009867606471697512 0.15294790031131142
5.877818513168 0.06310074664796039 0.014801409707546268 0.03947042588679005 0.14801409707546268
6.080501910173793 0.08828911053624089 0.03947042588679005 0.06907324530188258 0.12827888413206764
