0.0 0.16014337905425555 0.11904789743273772 0.1365549411728462 0.16456621115701978
0.5711986642890533 0.1597748097123585 0.2486000211095405 0.15056057616493299 0.17857184614910657
1.1423973285781066 0.14963915281019044 0.1260507149287811 0.17857184614910657 0.09803944494460753
1.7135959928671598 0.15148199951967556 0.15756339366097638 0.1400563499208679 0.1295521236768028
2.284794657156213 0.1542462695839032 0.1295521236768028 0.1470591674169113 0.19607888988921507
2.8559933214452666 0.1525877075453666 0.1610648024089981 0.1365549411728462 0.15056057616493299
3.4271919857343196 0.1511134301777785 0.15056057616493299 0.15406198491295467 0.19958029863723675
3.998390650023373 0.16419764181512275 0.17857184614910657 0.17857184614910657 0.1330535324248245
4.569589314312426 0.16733048122124744 0.11904789743273772 0.19257748114119336 0.1470591674169113
5.140787978601479 0.16991046661452658 0.18557466364514996 0.16456621115701978 0.18557466364514996
5.711986642890533 0.1702790359564236 0.17507043740108488 0.17156902865306317 0.1680676199050415
