0.0 0.159221955699513 0.19607888988921507 0.17857184614910657 0.11204507993669433
0.5711986642890533 0.14834916011355084 0.15056057616493299 0.17857184614910657 0.16456621115701978
1.1423973285781066 0.12347072953550196 0.11554648868471602 0.1470591674169113 0.15056057616493299
1.7135959928671598 0.1380292185404343 0.1295521236768028 0.17857184614910657 0.1610648024089981
2.284794657156213 0.15516769293864574 0.1470591674169113 0.19607888988921507 0.18207325489712825
2.8559933214452666 0.17967755417479764 0.21358593362932354 0.16456621115701978 0.21358593362932354
3.4271919857343196 0.1737804447044453 0.17507043740108488 0.1330535324248245 0.17156902865306317
3.998390650023373 0.16622477319555637 0.17507043740108488 0.10854367118867263 0.15056057616493299
4.569589314312426 0.16585620385365935 0.1435577586688896 0.1610648024089981 0.15756339366097638
5.140787978601479 0.1610648024089981 0.1365549411728462 0.15756339366097638 0.1330535324248245
5.711986642890533 0.17986183884574614 0.1680676199050415 0.1470591674169113 0.15406198491295467
