0.0 0.16825190457598999 0.15056057616493299 0.17857184614910657 0.17507043740108488
0.5711986642890533 0.16714619655029894 0.16456621115701978 0.1680676199050415 0.11904789743273772
1.1423973285781066 0.16917332793073253 0.18907607239317167 0.1295521236768028 0.1295521236768028
1.7135959928671598 0.1667776272084019 0.17857184614910657 0.19607888988921507 0.1435577586688896
2.284794657156213 0.16143337175089512 0.17857184614910657 0.10854367118867263 0.1680676199050415
2.8559933214452666 0.1664090578665049 0.20308170738525846 0.1365549411728462 0.1470591674169113
3.4271919857343196 0.15866910168666745 0.1435577586688896 0.1435577586688896 0.18557466364514996
3.998390650023373 0.159221955699513 0.15406198491295467 0.16456621115701978 0.17156902865306317
4.569589314312426 0.14816487544260235 0.11204507993669433 0.19257748114119336 0.1610648024089981
5.140787978601479 0.13950349590802236 0.15406198491295467 0.18557466364514996 0.16456621115701978
5.711986642890533 0.14595345939122023 0.12254930618075942 0.1470591674169113 0.18557466364514996
