0.0 0.1597748097123585 0.18907607239317167 0.17156902865306317 0.1365549411728462
0.5711986642890533 0.168620473917887 0.19607888988921507 0.22058875112536694 0.17156902865306317
1.1423973285781066 0.15203485353252108 0.09803944494460753 0.1400563499208679 0.17857184614910657
1.7135959928671598 0.14503203603647769 0.1330535324248245 0.1470591674169113 0.1295521236768028
2.284794657156213 0.1490862987973449 0.15756339366097638 0.16456621115701978 0.1470591674169113
2.8559933214452666 0.16954189727262955 0.15406198491295467 0.1610648024089981 0.17507043740108488
3.4271919857343196 0.17488615273013636 0.16456621115701978 0.15406198491295467 0.18207325489712825
3.998390650023373 0.15737910899002788 0.1610648024089981 0.1330535324248245 0.15056057616493299
4.569589314312426 0.16419764181512275 0.18207325489712825 0.17857184614910657 0.18207325489712825
5.140787978601479 0.1439263280107866 0.1435577586688896 0.15406198491295467 0.1330535324248245
5.711986642890533 0.16622477319555637 0.17156902865306317 0.1260507149287811 0.16456621115701978
