0.0 0.17083188996926915 0.1610648024089981 0.1610648024089981 0.1260507149287811
0.5711986642890533 0.16088051773804957 0.17857184614910657 0.17507043740108488 0.1400563499208679
1.1423973285781066 0.15332484622916065 0.1330535324248245 0.1610648024089981 0.1365549411728462
1.7135959928671598 0.15000772215208746 0.1365549411728462 0.15756339366097638 0.15056057616493299
2.284794657156213 0.1470591674169113 0.1295521236768028 0.1435577586688896 0.1365549411728462
2.8559933214452666 0.15350913090010918 0.1435577586688896 0.1260507149287811 0.15756339366097638
3.4271919857343196 0.15185056886157255 0.19958029863723675 0.1400563499208679 0.1400563499208679
3.998390650023373 0.1597748097123585 0.17507043740108488 0.1400563499208679 0.19257748114119336
4.569589314312426 0.1664090578665049 0.15056057616493299 0.17507043740108488 0.16456621115701978
5.140787978601479 0.16438192648607128 0.16456621115701978 0.17857184614910657 0.19607888988921507
5.711986642890533 0.17267473667875424 0.17857184614910657 0.19257748114119336 0.21008452488130183
