0.0 0.18188897022617975 0.17857184614910657 0.19607888988921507 0.15056057616493299
0.5711986642890533 0.1828103935809223 0.20658311613328015 0.15756339366097638 0.1610648024089981
1.1423973285781066 0.15866910168666745 0.15756339366097638 0.15756339366097638 0.16456621115701978
1.7135959928671598 0.14337347399794106 0.1400563499208679 0.1365549411728462 0.17857184614910657
2.284794657156213 0.15774767833192488 0.20308170738525846 0.15756339366097638 0.1470591674169113
2.8559933214452666 0.15830053234477043 0.17156902865306317 0.1365549411728462 0.17857184614910657
3.4271919857343196 0.14669059807501428 0.15056057616493299 0.17857184614910657 0.15756339366097638
3.998390650023373 0.14134634261750748 0.1365549411728462 0.1330535324248245 0.17507043740108488
4.569589314312426 0.14245205064319852 0.10504226244065092 0.1260507149287811 0.1470591674169113
5.140787978601479 0.1610648024089981 0.1365549411728462 0.17857184614910657 0.1295521236768028
5.711986642890533 0.17636043009772442 0.16456621115701978 0.19257748114119336 0.1610648024089981
