0.0 0.19239319647024486 0.11904789743273772 0.24159720361349715 0.1330535324248245
0.5711986642890533 0.1850218096323044 0.16456621115701978 0.1610648024089981 0.10504226244065092
1.1423973285781066 0.15314056155821212 0.1365549411728462 0.15406198491295467 0.1260507149287811
1.7135959928671598 0.11867932809084068 0.10504226244065092 0.18557466364514996 0.1435577586688896
2.284794657156213 0.12678785361257514 0.1435577586688896 0.1295521236768028 0.18557466364514996
2.8559933214452666 0.13618637183094917 0.18557466364514996 0.10154085369262923 0.1365549411728462
3.4271919857343196 0.1524034228744181 0.17507043740108488 0.1435577586688896 0.15756339366097638
3.998390650023373 0.15185056886157255 0.17156902865306317 0.11904789743273772 0.1680676199050415
4.569589314312426 0.16696191187935042 0.18907607239317167 0.17857184614910657 0.21008452488130183
5.140787978601479 0.1739647293753938 0.20308170738525846 0.1435577586688896 0.16456621115701978
5.711986642890533 0.1933146198249874 0.15756339366097638 0.19257748114119336 0.22058875112536694
