0.0 0.19202462712834784 0.19607888988921507 0.23809579486547544 0.11904789743273772
0.5711986642890533 0.17488615273013636 0.1610648024089981 0.22759156862141033 0.1365549411728462
1.1423973285781066 0.14816487544260235 0.1295521236768028 0.15756339366097638 0.1610648024089981
1.7135959928671598 0.14503203603647769 0.17857184614910657 0.17156902865306317 0.15756339366097638
2.284794657156213 0.1474277367588083 0.15756339366097638 0.1295521236768028 0.18557466364514996
2.8559933214452666 0.15959052504141 0.15056057616493299 0.11904789743273772 0.17507043740108488
3.4271919857343196 0.16364478780227723 0.1610648024089981 0.11904789743273772 0.20658311613328015
3.998390650023373 0.15332484622916065 0.18207325489712825 0.1295521236768028 0.12254930618075942
4.569589314312426 0.1474277367588083 0.17156902865306317 0.1295521236768028 0.19607888988921507
5.140787978601479 0.14595345939122023 0.1365549411728462 0.1470591674169113 0.1365549411728462
5.711986642890533 0.17322759069159976 0.1260507149287811 0.18207325489712825 0.15406198491295467
