0.0 0.1828103935809223 0.1680676199050415 0.21708734237734525 0.15756339366097638
0.5711986642890533 0.15830053234477043 0.1680676199050415 0.19257748114119336 0.17507043740108488
1.1423973285781066 0.15332484622916065 0.11554648868471602 0.1330535324248245 0.19257748114119336
1.7135959928671598 0.13692351051474325 0.1365549411728462 0.12254930618075942 0.1470591674169113
2.284794657156213 0.1485334447844994 0.18207325489712825 0.17857184614910657 0.22409015987338865
2.8559933214452666 0.14945486813924194 0.15756339366097638 0.15406198491295467 0.18207325489712825
3.4271919857343196 0.13213210907008197 0.1330535324248245 0.1260507149287811 0.11554648868471602
3.998390650023373 0.15479912359674872 0.19607888988921507 0.15756339366097638 0.1260507149287811
4.569589314312426 0.16456621115701978 0.16456621115701978 0.1260507149287811 0.1295521236768028
5.140787978601479 0.17451758338823933 0.1365549411728462 0.1610648024089981 0.15406198491295467
5.711986642890533 0.19534175120542102 0.19257748114119336 0.18207325489712825 0.1470591674169113
