0.0 0.15369341557105767 0.1400563499208679 0.15406198491295467 0.15756339366097638
0.5711986642890533 0.17746613812341552 0.15406198491295467 0.17156902865306317 0.1680676199050415
1.1423973285781066 0.17525472207203338 0.15406198491295467 0.18907607239317167 0.1365549411728462
1.7135959928671598 0.18815464903842913 0.21358593362932354 0.19607888988921507 0.20658311613328015
2.284794657156213 0.18907607239317167 0.19607888988921507 0.15756339366097638 0.1470591674169113
2.8559933214452666 0.17820327680720954 0.17857184614910657 0.1260507149287811 0.21358593362932354
3.4271919857343196 0.16364478780227723 0.15056057616493299 0.1365549411728462 0.18557466364514996
3.998390650023373 0.14632202873311725 0.16456621115701978 0.15056057616493299 0.15406198491295467
4.569589314312426 0.12863070032206025 0.15056057616493299 0.1330535324248245 0.11204507993669433
5.140787978601479 0.11960075144558323 0.11204507993669433 0.1610648024089981 0.1260507149287811
5.711986642890533 0.13065783170249387 0.1365549411728462 0.17507043740108488 0.1435577586688896
