0.0 0.12724018871399423 0.11347747442452137 0.202285932669799 0.09867606471697511
0.2026833970057931 0.1080243234796359 0.07400704853773134 0.1233450808962189 0.10360986795282387
0.4053667940115862 0.12230638547814547 0.16281550678300893 0.14308029383961393 0.13814649060376516
0.6080501910173793 0.1448980108212424 0.1233450808962189 0.12827888413206764 0.17268311325470645
0.8107335880231724 0.1747605040908533 0.1677493100188577 0.10854367118867261 0.14308029383961393
1.0134169850289656 0.1648928976191558 0.14801409707546268 0.08387465500942885 0.21708734237734523
1.2161003820347587 0.1664509407462659 0.19241832619810148 0.09867606471697511 0.202285932669799
1.4187837790405518 0.16852833158241273 0.1578817035471602 0.11347747442452137 0.2664253747358328
1.6214671760463448 0.18852321838032612 0.1776169164905552 0.1677493100188577 0.1874845229622527
1.824150573052138 0.2041036496514275 0.23682255532074029 0.19735212943395022 0.30589580062262284
2.026833970057931 0.2126728868505332 0.14308029383961393 0.17268311325470645 0.2762929812075303
2.2295173670637243 0.23344679521200165 0.1874845229622527 0.16281550678300893 0.30589580062262284
2.4322007640695174 0.2438337493927359 0.222021145613194 0.202285932669799 0.3453662265094129
2.6348841610753104 0.25915450680931884 0.33056481680186667 0.202285932669799 0.28616058767922786
2.8375675580811035 0.27473493808042015 0.3108296038584716 0.21708734237734523 0.2762929812075303
3.0402509550868966 0.2705801564081265 0.29109439091507655 0.14308029383961393 0.30589580062262284
3.2429343520926897 0.26564635317227775 0.3453662265094129 0.20721973590564774 0.22695494884904274
3.4456177490984827 0.23214842593940987 0.32563101356601787 0.19735212943395022 0.21708734237734523
3.648301146104276 0.21838571164993703 0.2565577682641353 0.20721973590564774 0.1677493100188577
3.850984543110069 0.17839593805411028 0.2762929812075303 0.19241832619810148 0.13814649060376516
4.053667940115862 0.1337320350769531 0.14801409707546268 0.1677493100188577 0.06907324530188258
4.2563513371216555 0.10360986795282387 0.049338032358487556 0.13814649060376516 0.049338032358487556
4.4590347341274486 0.07920052562809844 0.029602819415092536 0.1332126873679164 0.0444042291226388
4.661718131133242 0.05868629112114836 0.0 0.1233450808962189 0.029602819415092536
4.864401528139035 0.0490783585039692 0.004933803235848756 0.13814649060376516 0.014801409707546268
5.067084925144828 0.04648161995878565 0.019735212943395024 0.10854367118867261 0.009867606471697512
5.269768322150621 0.05660890028500151 0.0444042291226388 0.1677493100188577 0.014801409707546268
5.472451719156414 0.07608443937387818 0.07400704853773134 0.14308029383961393 0.0444042291226388
5.675135116162207 0.1116597574428929 0.06413944206603382 0.16281550678300893 0.06413944206603382
5.877818513168 0.12983692725917778 0.11347747442452137 0.18255071972640394 0.0888084582452776
6.080501910173793 0.13009660111369614 0.14308029383961393 0.19735212943395022 0.1233450808962189
