0.0 0.30823286531328803 0.29109439091507655 0.3108296038584716 0.19241832619810148
0.2026833970057931 0.35185807287237175 0.3749690459245054 0.3157634070943204 0.2664253747358328
0.4053667940115862 0.33523894618319705 0.3700352426886567 0.3354986200377154 0.24175635855658903
0.6080501910173793 0.28356384913404425 0.2762929812075303 0.3108296038584716 0.22695494884904274
0.8107335880231724 0.24331440168369914 0.3354986200377154 0.26149157149998403 0.19241832619810148
1.0134169850289656 0.2238388625948225 0.1874845229622527 0.21215353914149648 0.2466901617924378
1.2161003820347587 0.1799539811812204 0.1578817035471602 0.1776169164905552 0.2713591779716816
1.4187837790405518 0.14957214020257278 0.15294790031131142 0.13814649060376516 0.202285932669799
1.6214671760463448 0.1256821455868841 0.15294790031131142 0.1233450808962189 0.24175635855658903
1.824150573052138 0.13165464424080628 0.12827888413206764 0.1578817035471602 0.1578817035471602
2.026833970057931 0.15035116176612787 0.10360986795282387 0.1233450808962189 0.20721973590564774
2.2295173670637243 0.1625558329284906 0.11841127766037014 0.12827888413206764 0.1874845229622527
2.4322007640695174 0.1612574636558988 0.14308029383961393 0.07400704853773134 0.1677493100188577
2.6348841610753104 0.16047844209234371 0.13814649060376516 0.0789408517735801 0.24175635855658903
2.8375675580811035 0.1233450808962189 0.14801409707546268 0.0789408517735801 0.1578817035471602
3.0402509550868966 0.11191943129741125 0.10854367118867261 0.06907324530188258 0.11347747442452137
3.2429343520926897 0.08673106740913075 0.06907324530188258 0.024669016179243778 0.11841127766037014
3.4456177490984827 0.05712824799403823 0.0789408517735801 0.009867606471697512 0.06907324530188258
3.648301146104276 0.05427183559433631 0.1233450808962189 0.014801409707546268 0.029602819415092536
3.850984543110069 0.05115574934011605 0.1332126873679164 0.05427183559433631 0.05920563883018507
4.053667940115862 0.03713336119612484 0.05920563883018507 0.049338032358487556 0.014801409707546268
4.2563513371216555 0.04544292454071222 0.0444042291226388 0.049338032358487556 0.03947042588679005
4.4590347341274486 0.057907269557593295 0.0444042291226388 0.1332126873679164 0.05427183559433631
4.661718131133242 0.08491335042750227 0.049338032358487556 0.12827888413206764 0.05427183559433631
4.864401528139035 0.1023114986802321 0.05427183559433631 0.21215353914149648 0.06907324530188258
5.067084925144828 0.14697540165738923 0.14308029383961393 0.18255071972640394 0.13814649060376516
5.269768322150621 0.1612574636558988 0.1233450808962189 0.24175635855658903 0.14308029383961393
5.472451719156414 0.1719040916911514 0.17268311325470645 0.19241832619810148 0.1578817035471602
5.675135116162207 0.18332974128995902 0.19241832619810148 0.28616058767922786 0.1677493100188577
5.877818513168 0.21656799466830853 0.23188875208489151 0.222021145613194 0.24175635855658903
6.080501910173793 0.27395591651686513 0.22695494884904274 0.23682255532074029 0.26149157149998403
