0.0 0.1163338868242233 0.13814649060376516 0.0789408517735801 0.12827888413206764
0.2026833970057931 0.09010682751786937 0.09374226148112635 0.08387465500942885 0.11347747442452137
0.4053667940115862 0.07738280864646996 0.06907324530188258 0.09374226148112635 0.0789408517735801
0.6080501910173793 0.07141030999254777 0.08387465500942885 0.11347747442452137 0.0444042291226388
0.8107335880231724 0.07037161457447436 0.0789408517735801 0.11347747442452137 0.024669016179243778
1.0134169850289656 0.07478607010128639 0.049338032358487556 0.10360986795282387 0.03947042588679005
1.2161003820347587 0.06491846362958889 0.03453662265094129 0.10360986795282387 0.07400704853773134
1.4187837790405518 0.061802377375368624 0.029602819415092536 0.05920563883018507 0.1233450808962189
1.6214671760463448 0.06517813748410724 0.019735212943395024 0.14308029383961393 0.11841127766037014
1.824150573052138 0.08075856875520857 0.0789408517735801 0.08387465500942885 0.12827888413206764
2.026833970057931 0.11036138817030111 0.05427183559433631 0.1776169164905552 0.13814649060376516
2.2295173670637243 0.14437866311220568 0.14801409707546268 0.14308029383961393 0.14801409707546268
2.4322007640695174 0.1700863747095229 0.18255071972640394 0.09374226148112635 0.1578817035471602
2.6348841610753104 0.1882635445258078 0.15294790031131142 0.11841127766037014 0.222021145613194
2.8375675580811035 0.2144906038321617 0.30589580062262284 0.12827888413206764 0.1233450808962189
3.0402509550868966 0.22254049332223072 0.35030002974526164 0.18255071972640394 0.1332126873679164
3.2429343520926897 0.21319223455956993 0.28616058767922786 0.1874845229622527 0.1233450808962189
3.4456177490984827 0.20540201892401924 0.19241832619810148 0.2713591779716816 0.11841127766037014
3.648301146104276 0.19215865234358312 0.09374226148112635 0.2664253747358328 0.20721973590564774
3.850984543110069 0.171644417836633 0.1332126873679164 0.3108296038584716 0.11347747442452137
4.053667940115862 0.1677493100188577 0.0789408517735801 0.3354986200377154 0.1677493100188577
4.2563513371216555 0.1822910458718856 0.08387465500942885 0.29602819415092535 0.1677493100188577
4.4590347341274486 0.23344679521200165 0.20721973590564774 0.26149157149998403 0.28616058767922786
4.661718131133242 0.2729172210987917 0.25162396502828654 0.28122678444337906 0.30589580062262284
4.864401528139035 0.2890170000789297 0.29602819415092535 0.14308029383961393 0.2762929812075303
5.067084925144828 0.31758112407594885 0.33056481680186667 0.25162396502828654 0.30589580062262284
5.269768322150621 0.26071254993642895 0.33056481680186667 0.10854367118867261 0.28616058767922786
5.472451719156414 0.19241832619810148 0.28122678444337906 0.10854367118867261 0.2762929812075303
5.675135116162207 0.15840105125619688 0.18255071972640394 0.08387465500942885 0.19735212943395022
5.877818513168 0.1355497520585816 0.16281550678300893 0.11347747442452137 0.1677493100188577
6.080501910173793 0.11815160380585177 0.15294790031131142 0.09374226148112635 0.13814649060376516
