0.0 0.05297346632174453 0.03947042588679005 0.06907324530188258 0.03947042588679005
0.2026833970057931 0.06336042050247875 0.07400704853773134 0.07400704853773134 0.05920563883018507
0.4053667940115862 0.07089096228351106 0.049338032358487556 0.13814649060376516 0.0789408517735801
0.6080501910173793 0.09088584908142444 0.07400704853773134 0.12827888413206764 0.09867606471697511
0.8107335880231724 0.12542247173236573 0.1233450808962189 0.18255071972640394 0.1233450808962189
1.0134169850289656 0.16359452834656402 0.17268311325470645 0.222021145613194 0.21215353914149648
1.2161003820347587 0.22591625343096933 0.21708734237734523 0.1874845229622527 0.23188875208489151
1.4187837790405518 0.2846025445521177 0.3453662265094129 0.2713591779716816 0.30589580062262284
1.6214671760463448 0.36717883028895476 0.3651014394528079 0.3552338329811104 0.29109439091507655
1.824150573052138 0.4245667521375113 0.4193732750471443 0.3996380621037492 0.35030002974526164
2.026833970057931 0.4183345796290708 0.43910848799053925 0.404571865339598 0.29109439091507655
2.2295173670637243 0.3653611133073263 0.3749690459245054 0.3206972103301691 0.28122678444337906
2.4322007640695174 0.32641003512957295 0.2762929812075303 0.32563101356601787 0.29109439091507655
2.6348841610753104 0.27914939360723223 0.29109439091507655 0.26149157149998403 0.2713591779716816
2.8375675580811035 0.22513723186741427 0.2664253747358328 0.222021145613194 0.24175635855658903
3.0402509550868966 0.1929376739071382 0.23682255532074029 0.1332126873679164 0.2466901617924378
3.2429343520926897 0.1552849650019766 0.1874845229622527 0.1332126873679164 0.1332126873679164
3.4456177490984827 0.12620149329592079 0.1776169164905552 0.15294790031131142 0.1332126873679164
3.648301146104276 0.11010171431578275 0.0888084582452776 0.10854367118867261 0.1677493100188577
3.850984543110069 0.11088073587933782 0.11347747442452137 0.09374226148112635 0.18255071972640394
4.053667940115862 0.09841639086245675 0.06413944206603382 0.09374226148112635 0.14801409707546268
4.2563513371216555 0.09504063075371814 0.05427183559433631 0.0789408517735801 0.09374226148112635
4.4590347341274486 0.0776424825009883 0.03947042588679005 0.0888084582452776 0.11347747442452137
4.661718131133242 0.0724490054106212 0.0444042291226388 0.0789408517735801 0.06907324530188258
4.864401528139035 0.06933291915640094 0.049338032358487556 0.07400704853773134 0.0789408517735801
5.067084925144828 0.057647595703074934 0.049338032358487556 0.10360986795282387 0.08387465500942885
5.269768322150621 0.049338032358487556 0.029602819415092536 0.049338032358487556 0.0888084582452776
5.472451719156414 0.05582987872144645 0.06907324530188258 0.0444042291226388 0.06907324530188258
5.675135116162207 0.06855389759284587 0.05427183559433631 0.03453662265094129 0.0888084582452776
5.877818513168 0.06024433424825849 0.06907324530188258 0.03947042588679005 0.029602819415092536
6.080501910173793 0.050117053922042624 0.0789408517735801 0.06413944206603382 0.03947042588679005
