0.0 0.19241832619810148 0.17268311325470645 0.21708734237734523 0.222021145613194
0.2026833970057931 0.13061594882273284 0.1233450808962189 0.05920563883018507 0.1776169164905552
0.4053667940115862 0.0776424825009883 0.05920563883018507 0.0789408517735801 0.15294790031131142
0.6080501910173793 0.049338032358487556 0.014801409707546268 0.029602819415092536 0.0789408517735801
0.8107335880231724 0.03142053639672102 0.03453662265094129 0.029602819415092536 0.07400704853773134
1.0134169850289656 0.025448037742798843 0.03453662265094129 0.029602819415092536 0.08387465500942885
1.2161003820347587 0.03349792723286787 0.014801409707546268 0.0444042291226388 0.0789408517735801
1.4187837790405518 0.04102846901390018 0.019735212943395024 0.049338032358487556 0.0444042291226388
1.6214671760463448 0.06284107279344205 0.0888084582452776 0.03947042588679005 0.0888084582452776
1.824150573052138 0.06362009435699711 0.07400704853773134 0.05427183559433631 0.05427183559433631
2.026833970057931 0.07634411322839654 0.06413944206603382 0.06413944206603382 0.0789408517735801
2.2295173670637243 0.10335019409830551 0.0789408517735801 0.0444042291226388 0.1332126873679164
2.4322007640695174 0.1256821455868841 0.09867606471697511 0.10854367118867261 0.18255071972640394
2.6348841610753104 0.15476561729293992 0.10360986795282387 0.10360986795282387 0.22695494884904274
2.8375675580811035 0.18514745827158752 0.1578817035471602 0.15294790031131142 0.28616058767922786
3.0402509550868966 0.22176147175867564 0.2565577682641353 0.15294790031131142 0.26149157149998403
3.2429343520926897 0.2290323396851896 0.202285932669799 0.21708734237734523 0.19241832619810148
3.4456177490984827 0.21734701623186362 0.19241832619810148 0.222021145613194 0.222021145613194
3.648301146104276 0.19657310787039514 0.1677493100188577 0.24175635855658903 0.2565577682641353
3.850984543110069 0.17138474398211467 0.17268311325470645 0.23188875208489151 0.1233450808962189
4.053667940115862 0.18358941514447738 0.19735212943395022 0.1874845229622527 0.1677493100188577
4.2563513371216555 0.19994886797913378 0.23188875208489151 0.1677493100188577 0.222021145613194
4.4590347341274486 0.19787147714298692 0.20721973590564774 0.2762929812075303 0.12827888413206764
4.661718131133242 0.2324080997939282 0.25162396502828654 0.23682255532074029 0.1677493100188577
4.864401528139035 0.23708222917525862 0.28122678444337906 0.2713591779716816 0.14801409707546268
5.067084925144828 0.23214842593940987 0.2762929812075303 0.2713591779716816 0.12827888413206764
5.269768322150621 0.26616570088131447 0.29109439091507655 0.35030002974526164 0.1332126873679164
5.472451719156414 0.26616570088131447 0.3206972103301691 0.3996380621037492 0.1776169164905552
5.675135116162207 0.2594141806638372 0.25162396502828654 0.25162396502828654 0.19735212943395022
5.877818513168 0.25266266044635993 0.29602819415092535 0.20721973590564774 0.26149157149998403
6.080501910173793 0.21708734237734523 0.19735212943395022 0.14308029383961393 0.18255071972640394
