0.0 0.041547816722936885 0.014801409707546268 0.06907324530188258 0.08387465500942885
0.2026833970057931 0.04128814286841853 0.029602819415092536 0.0444042291226388 0.0789408517735801
0.4053667940115862 0.044923576831675506 0.024669016179243778 0.06413944206603382 0.10360986795282387
0.6080501910173793 0.05894596497566671 0.0444042291226388 0.049338032358487556 0.18255071972640394
0.8107335880231724 0.0976373692989017 0.05920563883018507 0.05427183559433631 0.19735212943395022
1.0134169850289656 0.13684812133117338 0.09374226148112635 0.12827888413206764 0.13814649060376516
1.2161003820347587 0.16722996230982098 0.1776169164905552 0.16281550678300893 0.19735212943395022
1.4187837790405518 0.1724234394001881 0.1677493100188577 0.10360986795282387 0.22695494884904274
1.6214671760463448 0.2028052803788357 0.2565577682641353 0.20721973590564774 0.2762929812075303
1.824150573052138 0.24772885721051122 0.2466901617924378 0.19241832619810148 0.3108296038584716
2.026833970057931 0.2846025445521177 0.23188875208489151 0.22695494884904274 0.29109439091507655
2.2295173670637243 0.2934314556057418 0.3157634070943204 0.1578817035471602 0.34043242327356416
2.4322007640695174 0.3248519920024628 0.3996380621037492 0.22695494884904274 0.3749690459245054
2.6348841610753104 0.3157634070943204 0.3157634070943204 0.30589580062262284 0.28616058767922786
2.8375675580811035 0.2978459111325538 0.3552338329811104 0.26149157149998403 0.2565577682641353
3.0402509550868966 0.2617512453545024 0.24175635855658903 0.19735212943395022 0.21708734237734523
3.2429343520926897 0.23474516448459343 0.1776169164905552 0.39470425886790045 0.12827888413206764
3.4456177490984827 0.2150099515411984 0.23188875208489151 0.29109439091507655 0.10360986795282387
3.648301146104276 0.19060060921647298 0.24175635855658903 0.2664253747358328 0.11841127766037014
3.850984543110069 0.15632366042005003 0.222021145613194 0.1677493100188577 0.06907324530188258
4.053667940115862 0.13892551216732021 0.15294790031131142 0.16281550678300893 0.0789408517735801
4.2563513371216555 0.11893062536940685 0.09374226148112635 0.19241832619810148 0.06413944206603382
4.4590347341274486 0.11036138817030111 0.0888084582452776 0.16281550678300893 0.07400704853773134
4.661718131133242 0.11399682213355809 0.11347747442452137 0.16281550678300893 0.08387465500942885
4.864401528139035 0.1267208410049575 0.11841127766037014 0.1332126873679164 0.11347747442452137
5.067084925144828 0.12386442860525561 0.14308029383961393 0.09374226148112635 0.06907324530188258
5.269768322150621 0.11243877900644796 0.09867606471697511 0.11347747442452137 0.08387465500942885
5.472451719156414 0.10724530191608085 0.09867606471697511 0.11841127766037014 0.08387465500942885
5.675135116162207 0.07608443937387818 0.0888084582452776 0.09374226148112635 0.0789408517735801
5.877818513168 0.06336042050247875 0.06413944206603382 0.07400704853773134 0.07400704853773134
6.080501910173793 0.05557020486692808 0.024669016179243778 0.05427183559433631 0.14801409707546268
