0.0 0.11373714827903975 0.11347747442452137 0.06907324530188258 0.09374226148112635
0.2026833970057931 0.1028308463892688 0.1233450808962189 0.0444042291226388 0.09867606471697511
0.4053667940115862 0.1046485633708973 0.1233450808962189 0.03947042588679005 0.13814649060376516
0.6080501910173793 0.10906301889770932 0.18255071972640394 0.049338032358487556 0.1677493100188577
0.8107335880231724 0.09919541242601182 0.17268311325470645 0.06413944206603382 0.10360986795282387
1.0134169850289656 0.12646116715043917 0.1578817035471602 0.06907324530188258 0.1332126873679164
1.2161003820347587 0.12827888413206764 0.1332126873679164 0.0888084582452776 0.10360986795282387
1.4187837790405518 0.1378868167492468 0.11347747442452137 0.19241832619810148 0.1677493100188577
1.6214671760463448 0.1332126873679164 0.11347747442452137 0.15294790031131142 0.11841127766037014
1.824150573052138 0.12360475475073725 0.0789408517735801 0.18255071972640394 0.11841127766037014
2.026833970057931 0.09607932617179156 0.024669016179243778 0.23188875208489151 0.0789408517735801
2.2295173670637243 0.0776424825009883 0.03947042588679005 0.1677493100188577 0.05427183559433631
2.4322007640695174 0.07141030999254777 0.03947042588679005 0.19241832619810148 0.07400704853773134
2.6348841610753104 0.07582476551935982 0.03453662265094129 0.14308029383961393 0.03947042588679005
2.8375675580811035 0.08283595959135542 0.029602819415092536 0.1578817035471602 0.11841127766037014
3.0402509550868966 0.0906261752269061 0.024669016179243778 0.09867606471697511 0.11841127766037014
3.2429343520926897 0.12126769006007204 0.06907324530188258 0.1578817035471602 0.14308029383961393
3.4456177490984827 0.14126257685798543 0.14801409707546268 0.0888084582452776 0.1776169164905552
3.648301146104276 0.19215865234358312 0.2565577682641353 0.18255071972640394 0.1874845229622527
3.850984543110069 0.20176658496076227 0.2565577682641353 0.1578817035471602 0.1776169164905552
4.053667940115862 0.26149157149998403 0.3009619973867741 0.222021145613194 0.20721973590564774
4.2563513371216555 0.28849765236989305 0.34043242327356416 0.1776169164905552 0.3009619973867741
4.4590347341274486 0.30537645291358617 0.3354986200377154 0.23682255532074029 0.2565577682641353
4.661718131133242 0.30252004051388426 0.33056481680186667 0.23188875208489151 0.26149157149998403
4.864401528139035 0.3030393882229209 0.3651014394528079 0.2713591779716816 0.28122678444337906
5.067084925144828 0.24331440168369914 0.22695494884904274 0.29602819415092535 0.26149157149998403
5.269768322150621 0.22539690572193263 0.22695494884904274 0.2565577682641353 0.22695494884904274
5.472451719156414 0.1856668059806242 0.15294790031131142 0.19735212943395022 0.222021145613194
5.675135116162207 0.1916393046345464 0.12827888413206764 0.22695494884904274 0.19241832619810148
5.877818513168 0.16904767929144948 0.16281550678300893 0.17268311325470645 0.19241832619810148
6.080501910173793 0.12801921027754928 0.12827888413206764 0.11347747442452137 0.11841127766037014
