0.0 0.155544638856495 0.202285932669799 0.1332126873679164 0.1776169164905552
0.2026833970057931 0.12542247173236573 0.1332126873679164 0.1677493100188577 0.18255071972640394
0.4053667940115862 0.08491335042750227 0.0789408517735801 0.0789408517735801 0.09867606471697511
0.6080501910173793 0.07452639624676805 0.03947042588679005 0.1233450808962189 0.1332126873679164
0.8107335880231724 0.08283595959135542 0.09374226148112635 0.10854367118867261 0.11841127766037014
1.0134169850289656 0.11841127766037014 0.0888084582452776 0.09374226148112635 0.20721973590564774
1.2161003820347587 0.13710779518569174 0.1233450808962189 0.1233450808962189 0.1677493100188577
1.4187837790405518 0.1542462695839032 0.10360986795282387 0.09867606471697511 0.1874845229622527
1.6214671760463448 0.1472350755119076 0.11841127766037014 0.05427183559433631 0.1677493100188577
1.824150573052138 0.1578817035471602 0.14308029383961393 0.08387465500942885 0.1677493100188577
2.026833970057931 0.1641138760556007 0.28616058767922786 0.06413944206603382 0.18255071972640394
2.2295173670637243 0.16904767929144948 0.2664253747358328 0.11347747442452137 0.13814649060376516
2.4322007640695174 0.1500914879116095 0.1776169164905552 0.1776169164905552 0.1233450808962189
2.6348841610753104 0.128538557986586 0.13814649060376516 0.11841127766037014 0.05427183559433631
2.8375675580811035 0.11867095151488849 0.09374226148112635 0.19735212943395022 0.10854367118867261
3.0402509550868966 0.1116597574428929 0.09374226148112635 0.17268311325470645 0.049338032358487556
3.2429343520926897 0.10672595420704414 0.0888084582452776 0.18255071972640394 0.049338032358487556
3.4456177490984827 0.11789192995133342 0.1332126873679164 0.23188875208489151 0.05920563883018507
3.648301146104276 0.12905790569562273 0.0888084582452776 0.2565577682641353 0.0888084582452776
3.850984543110069 0.13840616445828352 0.1332126873679164 0.23188875208489151 0.08387465500942885
4.053667940115862 0.1552849650019766 0.1332126873679164 0.19241832619810148 0.14308029383961393
4.2563513371216555 0.18281039358092233 0.202285932669799 0.21215353914149648 0.17268311325470645
4.4590347341274486 0.21189386528697812 0.2565577682641353 0.24175635855658903 0.1677493100188577
4.661718131133242 0.2344854906300751 0.2565577682641353 0.22695494884904274 0.19241832619810148
4.864401528139035 0.23915962001140548 0.2664253747358328 0.21215353914149648 0.2762929812075303
5.067084925144828 0.23214842593940987 0.18255071972640394 0.18255071972640394 0.2762929812075303
5.269768322150621 0.2290323396851896 0.222021145613194 0.14801409707546268 0.23682255532074029
5.472451719156414 0.23578385990266684 0.20721973590564774 0.16281550678300893 0.26149157149998403
5.675135116162207 0.23760157688429534 0.1776169164905552 0.18255071972640394 0.24175635855658903
5.877818513168 0.21734701623186362 0.1677493100188577 0.18255071972640394 0.2466901617924378
6.080501910173793 0.1859264798351426 0.23682255532074029 0.1776169164905552 0.17268311325470645
