0.0 0.05453150944885466 0.05920563883018507 0.13814649060376516 0.029602819415092536
0.2026833970057931 0.032199557960276085 0.0444042291226388 0.10854367118867261 0.014801409707546268
0.4053667940115862 0.014282061998509557 0.004933803235848756 0.049338032358487556 0.019735212943395024
0.6080501910173793 0.005193477090367111 0.004933803235848756 0.014801409707546268 0.004933803235848756
0.8107335880231724 0.004154781672293689 0.004933803235848756 0.009867606471697512 0.004933803235848756
1.0134169850289656 0.0046741293813303995 0.0 0.014801409707546268 0.009867606471697512
1.2161003820347587 0.010386954180734221 0.0 0.03947042588679005 0.0
1.4187837790405518 0.013243366580436133 0.014801409707546268 0.03453662265094129 0.014801409707546268
1.6214671760463448 0.024928690033762135 0.019735212943395024 0.03453662265094129 0.009867606471697512
1.824150573052138 0.044144555268120445 0.0789408517735801 0.049338032358487556 0.03947042588679005
2.026833970057931 0.07270867926513956 0.07400704853773134 0.09374226148112635 0.08387465500942885
2.2295173670637243 0.08673106740913075 0.0888084582452776 0.0888084582452776 0.11347747442452137
2.4322007640695174 0.1046485633708973 0.06413944206603382 0.07400704853773134 0.16281550678300893
2.6348841610753104 0.10828399733415427 0.049338032358487556 0.0789408517735801 0.19241832619810148
2.8375675580811035 0.12386442860525561 0.11347747442452137 0.09374226148112635 0.15294790031131142
3.0402509550868966 0.13944485987635694 0.14801409707546268 0.15294790031131142 0.21215353914149648
3.2429343520926897 0.14801409707546268 0.11347747442452137 0.15294790031131142 0.21708734237734523
3.4456177490984827 0.17787659034507358 0.1677493100188577 0.1677493100188577 0.28122678444337906
3.648301146104276 0.22695494884904274 0.30589580062262284 0.19241832619810148 0.28122678444337906
3.850984543110069 0.2625302669180575 0.3157634070943204 0.21215353914149648 0.23188875208489151
4.053667940115862 0.31472471167624694 0.35030002974526164 0.19735212943395022 0.28122678444337906
4.2563513371216555 0.357830571526294 0.4144394718112955 0.24175635855658903 0.33056481680186667
4.4590347341274486 0.38172056614198263 0.34043242327356416 0.26149157149998403 0.3749690459245054
4.661718131133242 0.38068187072390924 0.38483665239620296 0.3157634070943204 0.3651014394528079
4.864401528139035 0.3876930647959049 0.4292408815188417 0.3453662265094129 0.29602819415092535
5.067084925144828 0.3931462157407903 0.3749690459245054 0.404571865339598 0.33056481680186667
5.269768322150621 0.34510655265489454 0.33056481680186667 0.28616058767922786 0.2762929812075303
5.472451719156414 0.2762929812075303 0.20721973590564774 0.3996380621037492 0.2762929812075303
5.675135116162207 0.19787147714298692 0.24175635855658903 0.28122678444337906 0.12827888413206764
5.877818513168 0.13918518602183858 0.11347747442452137 0.21215353914149648 0.1332126873679164
6.080501910173793 0.10075345555312196 0.07400704853773134 0.1874845229622527 0.06413944206603382
