0.0 0.28875732622441136 0.3354986200377154 0.28616058767922786 0.18255071972640394
0.2026833970057931 0.2981055849870722 0.30589580062262284 0.2762929812075303 0.28122678444337906
0.4053667940115862 0.3183601456395039 0.2762929812075303 0.23188875208489151 0.3206972103301691
0.6080501910173793 0.3217359057482425 0.30589580062262284 0.29602819415092535 0.3009619973867741
0.8107335880231724 0.3232939488753527 0.35030002974526164 0.29109439091507655 0.3157634070943204
1.0134169850289656 0.29213308633315 0.30589580062262284 0.222021145613194 0.32563101356601787
1.2161003820347587 0.25733678982769037 0.2762929812075303 0.23188875208489151 0.2565577682641353
1.4187837790405518 0.23526451219363012 0.24175635855658903 0.1578817035471602 0.2762929812075303
1.6214671760463448 0.2051423450695009 0.24175635855658903 0.09867606471697511 0.2713591779716816
1.824150573052138 0.17502017794537164 0.11841127766037014 0.08387465500942885 0.2466901617924378
2.026833970057931 0.13840616445828352 0.1332126873679164 0.10360986795282387 0.21708734237734523
2.2295173670637243 0.09530030460823649 0.0444042291226388 0.0789408517735801 0.1874845229622527
2.4322007640695174 0.05063640163107933 0.0 0.05427183559433631 0.12827888413206764
2.6348841610753104 0.034276948796422936 0.0 0.049338032358487556 0.1233450808962189
2.8375675580811035 0.017917495961766533 0.0 0.0444042291226388 0.05427183559433631
3.0402509550868966 0.010906301889770932 0.0 0.029602819415092536 0.03947042588679005
3.2429343520926897 0.0070111940719956006 0.0 0.049338032358487556 0.014801409707546268
3.4456177490984827 0.003895107817775333 0.0 0.014801409707546268 0.014801409707546268
3.648301146104276 0.007270867926513956 0.0 0.06907324530188258 0.019735212943395024
3.850984543110069 0.012204671162362712 0.0 0.03453662265094129 0.03947042588679005
4.053667940115862 0.016099778980138042 0.0 0.0789408517735801 0.05920563883018507
4.2563513371216555 0.039989773595826755 0.0 0.1332126873679164 0.0789408517735801
4.4590347341274486 0.051675097049152754 0.009867606471697512 0.1332126873679164 0.0789408517735801
4.661718131133242 0.09426160919016306 0.05920563883018507 0.1578817035471602 0.06907324530188258
4.864401528139035 0.12308540704170054 0.05920563883018507 0.1874845229622527 0.0888084582452776
5.067084925144828 0.16463322376463743 0.0789408517735801 0.24175635855658903 0.1332126873679164
5.269768322150621 0.22695494884904274 0.202285932669799 0.2565577682641353 0.14801409707546268
5.472451719156414 0.2565577682641353 0.29109439091507655 0.2466901617924378 0.1233450808962189
5.675135116162207 0.29213308633315 0.4193732750471443 0.2466901617924378 0.1578817035471602
5.877818513168 0.29083471706055825 0.4588437009339343 0.3108296038584716 0.1776169164905552
6.080501910173793 0.2846025445521177 0.4193732750471443 0.23682255532074029 0.202285932669799
