0.0 0.21008452488130183 0.22058875112536694 0.17156902865306317 0.17857184614910657
0.5711986642890533 0.18036986685755013 0.21708734237734525 0.21708734237734525 0.15756339366097638
1.1423973285781066 0.11781767273748686 0.1365549411728462 0.1260507149287811 0.10854367118867263
1.7135959928671598 0.1118558145989634 0.08403380995252074 0.1330535324248245 0.1330535324248245
2.284794657156213 0.15093910684039477 0.1295521236768028 0.1610648024089981 0.1435577586688896
2.8559933214452666 0.21358593362932354 0.16456621115701978 0.17507043740108488 0.18907607239317167
3.4271919857343196 0.20525825876916384 0.19958029863723675 0.18907607239317167 0.16456621115701978
3.998390650023373 0.1490464534630858 0.11904789743273772 0.1680676199050415 0.19607888988921507
4.569589314312426 0.11431626398946516 0.1435577586688896 0.1330535324248245 0.1400563499208679
5.140787978601479 0.12065665280345039 0.11904789743273772 0.1330535324248245 0.1435577586688896
5.711986642890533 0.176773825440663 0.21708734237734525 0.1435577586688896 0.19607888988921507
