0.0 0.20667774880214562 0.2521014298575622 0.1470591674169113 0.17857184614910657
0.5711986642890533 0.17119049797760139 0.16456621115701978 0.1400563499208679 0.1400563499208679
1.1423973285781066 0.126239980266512 0.1365549411728462 0.1365549411728462 0.1260507149287811
1.7135959928671598 0.11516795800925421 0.1260507149287811 0.17507043740108488 0.18557466364514996
2.284794657156213 0.1555761076148019 0.12254930618075942 0.15406198491295467 0.1400563499208679
2.8559933214452666 0.20677238147101104 0.1680676199050415 0.19958029863723675 0.18207325489712825
3.4271919857343196 0.20894893285491642 0.19257748114119336 0.15056057616493299 0.18907607239317167
3.998390650023373 0.1511283721781257 0.1295521236768028 0.1680676199050415 0.17507043740108488
4.569589314312426 0.1103416918971162 0.1435577586688896 0.18907607239317167 0.1470591674169113
5.140787978601479 0.11989959145252678 0.10154085369262923 0.1435577586688896 0.17156902865306317
5.711986642890533 0.1787611114868375 0.21358593362932354 0.1470591674169113 0.11554648868471602
