0.0 0.1886029090488444 0.18207325489712825 0.1400563499208679 0.15406198491295467
0.5711986642890533 0.16267355777971074 0.1610648024089981 0.1365549411728462 0.1400563499208679
1.1423973285781066 0.13882612522561705 0.15056057616493299 0.15406198491295467 0.15056057616493299
1.7135959928671598 0.13097161370978458 0.1330535324248245 0.1365549411728462 0.15756339366097638
2.284794657156213 0.152453229542242 0.15406198491295467 0.18207325489712825 0.17857184614910657
2.8559933214452666 0.18661562300266993 0.18207325489712825 0.16456621115701978 0.20308170738525846
3.4271919857343196 0.18349274493011003 0.1400563499208679 0.17857184614910657 0.1470591674169113
3.998390650023373 0.1608755370712672 0.15056057616493299 0.15756339366097638 0.15056057616493299
4.569589314312426 0.13333743043142085 0.12254930618075942 0.16456621115701978 0.1680676199050415
5.140787978601479 0.14620747339712223 0.1680676199050415 0.17156902865306317 0.1260507149287811
5.711986642890533 0.1666481298720597 0.20658311613328015 0.16456621115701978 0.17507043740108488
