0.0 0.21207181092747632 0.15056057616493299 0.18557466364514996 0.21358593362932354
0.5711986642890533 0.166080333858867 0.18907607239317167 0.17156902865306317 0.15406198491295467
1.1423973285781066 0.12264393884962486 0.10854367118867263 0.15756339366097638 0.1330535324248245
1.7135959928671598 0.110720222572578 0.09803944494460753 0.1435577586688896 0.12254930618075942
2.284794657156213 0.1520746988667802 0.15056057616493299 0.15756339366097638 0.15756339366097638
2.8559933214452666 0.20525825876916384 0.2626056561016273 0.15406198491295467 0.1470591674169113
3.4271919857343196 0.21623564835755618 0.2591042473536056 0.20308170738525846 0.19958029863723675
3.998390650023373 0.1566170669723219 0.1610648024089981 0.15406198491295467 0.16456621115701978
4.569589314312426 0.10920609987073078 0.11204507993669433 0.1295521236768028 0.1295521236768028
5.140787978601479 0.12661851094197382 0.1260507149287811 0.17156902865306317 0.16456621115701978
5.711986642890533 0.17317778402377584 0.1330535324248245 0.12254930618075942 0.16456621115701978
