0.0 0.21197717825861087 0.23109297736943205 0.1680676199050415 0.1470591674169113
0.5711986642890533 0.17450264138789215 0.22409015987338865 0.17507043740108488 0.1470591674169113
1.1423973285781066 0.11942642810819953 0.09803944494460753 0.12254930618075942 0.10854367118867263
1.7135959928671598 0.11128801858577071 0.09803944494460753 0.16456621115701978 0.15056057616493299
2.284794657156213 0.1520746988667802 0.1435577586688896 0.17857184614910657 0.18907607239317167
2.8559933214452666 0.21263960694066902 0.18557466364514996 0.15756339366097638 0.20658311613328015
3.4271919857343196 0.20525825876916384 0.17156902865306317 0.18907607239317167 0.15056057616493299
3.998390650023373 0.15898288369395816 0.15406198491295467 0.17507043740108488 0.15056057616493299
4.569589314312426 0.10750271183115266 0.11904789743273772 0.1470591674169113 0.1680676199050415
5.140787978601479 0.11914253010160317 0.10154085369262923 0.12254930618075942 0.1680676199050415
5.711986642890533 0.17790941746704841 0.22409015987338865 0.15056057616493299 0.16456621115701978
