0.0 0.18898143972430623 0.15406198491295467 0.17156902865306317 0.17156902865306317
0.5711986642890533 0.16522863983907796 0.11554648868471602 0.18207325489712825 0.1470591674169113
1.1423973285781066 0.13929928856994428 0.1295521236768028 0.15056057616493299 0.1435577586688896
1.7135959928671598 0.1378797985369625 0.17156902865306317 0.1610648024089981 0.17156902865306317
2.284794657156213 0.15756339366097638 0.18207325489712825 0.18207325489712825 0.12254930618075942
2.8559933214452666 0.18850827637997897 0.17156902865306317 0.1400563499208679 0.17857184614910657
3.4271919857343196 0.19021166441955709 0.23809579486547544 0.15056057616493299 0.19958029863723675
3.998390650023373 0.15415661758182014 0.15756339366097638 0.17156902865306317 0.1435577586688896
4.569589314312426 0.13210720573617 0.1400563499208679 0.1610648024089981 0.1260507149287811
5.140787978601479 0.13541934914646078 0.11554648868471602 0.1330535324248245 0.1680676199050415
5.711986642890533 0.16134870041559443 0.17507043740108488 0.1470591674169113 0.17857184614910657
