0.0 0.21765513839053796 0.2556028386055839 0.1680676199050415 0.21008452488130183
0.5711986642890533 0.17895037682456835 0.20308170738525846 0.15406198491295467 0.1295521236768028
1.1423973285781066 0.11885863209500681 0.12254930618075942 0.1610648024089981 0.17857184614910657
1.7135959928671598 0.11204507993669433 0.11904789743273772 0.1400563499208679 0.11904789743273772
2.284794657156213 0.1548190462638783 0.1470591674169113 0.19958029863723675 0.17156902865306317
2.8559933214452666 0.20677238147101104 0.1680676199050415 0.15056057616493299 0.1330535324248245
3.4271919857343196 0.20998989221243639 0.19958029863723675 0.15756339366097638 0.19257748114119336
3.998390650023373 0.15027667815833665 0.1400563499208679 0.1470591674169113 0.17507043740108488
4.569589314312426 0.10996316122165439 0.09453803619658584 0.15756339366097638 0.1260507149287811
5.140787978601479 0.11866936675727592 0.1260507149287811 0.1330535324248245 0.12254930618075942
5.711986642890533 0.1727046206794486 0.17507043740108488 0.18207325489712825 0.19257748114119336
