0.0 0.20894893285491642 0.2626056561016273 0.17507043740108488 0.19257748114119336
0.5711986642890533 0.17913964216229927 0.15056057616493299 0.17156902865306317 0.16456621115701978
1.1423973285781066 0.11639818270450508 0.11554648868471602 0.1295521236768028 0.11554648868471602
1.7135959928671598 0.11232897794329068 0.1330535324248245 0.1295521236768028 0.15406198491295467
2.284794657156213 0.14649137140371857 0.11904789743273772 0.1295521236768028 0.1680676199050415
2.8559933214452666 0.21642491369528707 0.22058875112536694 0.15756339366097638 0.17857184614910657
3.4271919857343196 0.2072455448153383 0.15056057616493299 0.1330535324248245 0.22409015987338865
3.998390650023373 0.15198006619791476 0.12254930618075942 0.19958029863723675 0.1680676199050415
4.569589314312426 0.11393773331400335 0.1260507149287811 0.15756339366097638 0.11204507993669433
5.140787978601479 0.11611428469790872 0.09103662744856413 0.18907607239317167 0.11904789743273772
5.711986642890533 0.18169472422166646 0.2591042473536056 0.17857184614910657 0.15406198491295467
