0.0 0.21122011690768727 0.23459438611745376 0.15056057616493299 0.18207325489712825
0.5711986642890533 0.17478653939448852 0.17156902865306317 0.15756339366097638 0.1610648024089981
1.1423973285781066 0.11592501936017782 0.06652676621241226 0.1610648024089981 0.1470591674169113
1.7135959928671598 0.10788124250661446 0.07703099245647733 0.1365549411728462 0.11904789743273772
2.284794657156213 0.15122300484699114 0.15056057616493299 0.19958029863723675 0.1470591674169113
2.8559933214452666 0.20771870815966556 0.20658311613328015 0.1470591674169113 0.17857184614910657
3.4271919857343196 0.2116932802520145 0.17857184614910657 0.18907607239317167 0.18207325489712825
3.998390650023373 0.15377808690635833 0.21008452488130183 0.15406198491295467 0.15756339366097638
4.569589314312426 0.110720222572578 0.10154085369262923 0.1680676199050415 0.1330535324248245
5.140787978601479 0.1293628583390719 0.15756339366097638 0.1400563499208679 0.15756339366097638
5.711986642890533 0.1763952947652012 0.19607888988921507 0.1470591674169113 0.18557466364514996
