0.0 0.541612647917672 0.5409676515693522 0.3711493272902999 0.34313805730612634
0.5711986642890533 0.3790735681410859 0.4376760935027122 0.27661129109371413 0.27836199546772494
1.1423973285781066 0.15295627688726363 0.1365549411728462 0.22409015987338865 0.17507043740108488
1.7135959928671598 0.04855901079493249 0.03326338310620613 0.10329155806664007 0.13830564554685706
2.284794657156213 0.018428467094851037 0.012254930618075942 0.05952394871636886 0.06652676621241226
2.8559933214452666 0.010688510915013603 0.0035014087480216977 0.04201690497626037 0.04201690497626037
3.4271919857343196 0.011425649598807644 0.0035014087480216977 0.04726901809829292 0.04201690497626037
3.998390650023373 0.0168620473917887 0.0052521131220325465 0.05777324434235801 0.06302535746439054
4.569589314312426 0.050309715168943336 0.04551831372428206 0.10679296681466177 0.1260507149287811
5.140787978601479 0.1464141710685915 0.12430001055477025 0.17156902865306317 0.1873253680191608
5.711986642890533 0.37437430903189883 0.4079141191445278 0.2906169260858009 0.28886622171179005
