0.0 0.5427183559433632 0.591738078415667 0.36589721416826737 0.3378859441840938
0.5711986642890533 0.3684771995615465 0.3956591885264518 0.2731098823456924 0.29937044795585516
1.1423973285781066 0.1439263280107866 0.11554648868471602 0.15756339366097638 0.18907607239317167
1.7135959928671598 0.046900448756395895 0.03851549622823867 0.08928592307455328 0.1330535324248245
2.284794657156213 0.0168620473917887 0.0052521131220325465 0.05252113122032546 0.08928592307455328
2.8559933214452666 0.010596368579539347 0.0 0.04026620060224952 0.06127465309037971
3.4271919857343196 0.007924240850785946 0.0035014087480216977 0.02626056561016273 0.03851549622823867
3.998390650023373 0.018059897752954017 0.0052521131220325465 0.07002817496043395 0.05952394871636886
4.569589314312426 0.05316612756864525 0.03501408748021698 0.13830564554685706 0.10679296681466177
5.140787978601479 0.16060409073162682 0.1470591674169113 0.208333820507291 0.19607888988921507
5.711986642890533 0.3814692688634165 0.4131662322665603 0.32913242231403955 0.23984649923948628
