0.0 0.40938839651211584 0.3956591885264518 0.2363450904914646 0.31512678732195276
0.5711986642890533 0.31678534936048935 0.35714369229821313 0.25035072548355136 0.2696084735976707
1.1423973285781066 0.18843107604485188 0.22759156862141033 0.18382395927113912 0.16631691553103062
1.7135959928671598 0.08891735373265626 0.09979014931861838 0.1435577586688896 0.12780141930279196
2.284794657156213 0.04468903270501377 0.02976197435818443 0.10504226244065092 0.10154085369262923
2.8559933214452666 0.02957768968723592 0.01400563499208679 0.08053240120449905 0.07878169683048819
3.4271919857343196 0.02856412399701911 0.012254930618075942 0.0717788793344448 0.07352958370845565
3.998390650023373 0.04192476264078611 0.03501408748021698 0.10504226244065092 0.07352958370845565
4.569589314312426 0.09112876978403839 0.06302535746439054 0.1365549411728462 0.11904789743273772
5.140787978601479 0.18953678407054295 0.17682114177509572 0.19257748114119336 0.17507043740108488
5.711986642890533 0.32176103547609913 0.33963664855810466 0.24509861236151884 0.25035072548355136
