0.0 0.5042028597151244 0.5514718778134173 0.33263383106206124 0.336135239810083
0.5711986642890533 0.37207075064504247 0.4096648235185386 0.243347907987508 0.28886622171179005
1.1423973285781066 0.16097266007352382 0.13830564554685706 0.16456621115701978 0.19607888988921507
1.7135959928671598 0.05565397062645014 0.03326338310620613 0.11904789743273772 0.11729719305872688
2.284794657156213 0.021192737159078694 0.010504226244065093 0.05602253996834716 0.06652676621241226
2.8559933214452666 0.015019200682303597 0.0035014087480216977 0.05252113122032546 0.05952394871636886
3.4271919857343196 0.01382135032113828 0.0017507043740108488 0.05952394871636886 0.02976197435818443
3.998390650023373 0.02727413130037954 0.01750704374010849 0.07878169683048819 0.0717788793344448
4.569589314312426 0.06330178447081332 0.05952394871636886 0.10679296681466177 0.12780141930279196
5.140787978601479 0.16005123671878127 0.1400563499208679 0.2293422729954212 0.19958029863723675
5.711986642890533 0.35714369229821313 0.3851549622823867 0.30812396982590934 0.25735354297959473
