0.0 0.5300948559833902 0.5742310346755584 0.36939862291628905 0.35189157917618064
0.5711986642890533 0.3786128564637146 0.40616341477051693 0.2906169260858009 0.2976197435818443
1.1423973285781066 0.15138985718420128 0.12254930618075942 0.18907607239317167 0.19082677676718252
1.7135959928671598 0.05270541589127397 0.03151267873219527 0.12430001055477025 0.11029437556268347
2.284794657156213 0.017230616733685724 0.0052521131220325465 0.04201690497626037 0.0717788793344448
2.8559933214452666 0.009951372231219563 0.0017507043740108488 0.05252113122032546 0.04551831372428206
3.4271919857343196 0.010504226244065093 0.0017507043740108488 0.02976197435818443 0.05602253996834716
3.998390650023373 0.019626317456016354 0.01400563499208679 0.0647760618384014 0.07528028808246649
4.569589314312426 0.05261327355579972 0.054271835594336314 0.09803944494460753 0.10504226244065092
5.140787978601479 0.15654982797075956 0.13130282805081364 0.1943281855152042 0.18907607239317167
5.711986642890533 0.3714257542967227 0.4079141191445278 0.2958690392078335 0.25735354297959473
