0.0 0.39068350241084204 0.4341746847546905 0.30462256107788765 0.24159720361349715
0.5711986642890533 0.32295888583726445 0.3203789004439853 0.25035072548355136 0.2486000211095405
1.1423973285781066 0.21026880955225036 0.25735354297959473 0.2048324117592693 0.2363450904914646
1.7135959928671598 0.10743796316298156 0.08928592307455328 0.15406198491295467 0.13480423679883535
2.284794657156213 0.0584182406906778 0.04201690497626037 0.0682774705864231 0.09803944494460753
2.8559933214452666 0.036580507183279314 0.02801126998417358 0.0682774705864231 0.09803944494460753
3.4271919857343196 0.033539810112628896 0.01400563499208679 0.04901972247230377 0.08578451432653159
3.998390650023373 0.04800615678208696 0.04026620060224952 0.08753521870054244 0.07703099245647733
4.569589314312426 0.07970312018523075 0.07002817496043395 0.11204507993669433 0.11379578431070517
5.140787978601479 0.16631691553103062 0.15756339366097638 0.16981832427905233 0.19607888988921507
5.711986642890533 0.296790462562576 0.2976197435818443 0.2818634042157466 0.22058875112536694
