0.0 0.5109292502047451 0.5094549728371569 0.35014087480216977 0.3378859441840938
0.5711986642890533 0.37511144771569294 0.3991605972744735 0.24509861236151884 0.2906169260858009
1.1423973285781066 0.16696191187935042 0.1400563499208679 0.17857184614910657 0.18382395927113912
1.7135959928671598 0.059063237038997574 0.05952394871636886 0.12430001055477025 0.10679296681466177
2.284794657156213 0.02358843788140933 0.007002817496043395 0.06652676621241226 0.07528028808246649
2.8559933214452666 0.014097777327561045 0.0 0.03501408748021698 0.0647760618384014
3.4271919857343196 0.013544923314715514 0.0035014087480216977 0.050770426846314616 0.04551831372428206
3.998390650023373 0.02128487949455295 0.01400563499208679 0.06127465309037971 0.0682774705864231
4.569589314312426 0.0514154231946344 0.04201690497626037 0.13130282805081364 0.10504226244065092
5.140787978601479 0.15765553599645066 0.15581268928696554 0.2188380467513561 0.19958029863723675
5.711986642890533 0.35705154996273886 0.42016904976260366 0.28886622171179005 0.2731098823456924
