0.0 0.535807680782794 0.591738078415667 0.323880309192007 0.3116253785739311
0.5711986642890533 0.39409276882338945 0.40266200602249524 0.3483901704281589 0.30812396982590934
1.1423973285781066 0.1674226235567217 0.15056057616493299 0.23109297736943205 0.2188380467513561
1.7135959928671598 0.05123113852368589 0.02976197435818443 0.11379578431070517 0.12430001055477025
2.284794657156213 0.017046332062737212 0.012254930618075942 0.05252113122032546 0.054271835594336314
2.8559933214452666 0.009214233547425519 0.0035014087480216977 0.03501408748021698 0.04026620060224952
3.4271919857343196 0.008569237199105734 0.0 0.02976197435818443 0.03151267873219527
3.998390650023373 0.01787561308200551 0.010504226244065093 0.07703099245647733 0.0682774705864231
4.569589314312426 0.0425697589891059 0.02626056561016273 0.09979014931861838 0.11729719305872688
5.140787978601479 0.13683136817926897 0.13480423679883535 0.15756339366097638 0.16281550678300893
5.711986642890533 0.3700436192646088 0.3886563710304084 0.2818634042157466 0.3133760829479419
