0.0 0.5146149436237153 0.5497211734394065 0.323880309192007 0.32913242231403955
0.5711986642890533 0.3699514769291346 0.38165355353436503 0.266107064849649 0.2521014298575622
1.1423973285781066 0.15332484622916065 0.15931409803498722 0.18382395927113912 0.17507043740108488
1.7135959928671598 0.04035834293772378 0.036764791854227825 0.11204507993669433 0.10329155806664007
2.284794657156213 0.016217051043468916 0.0035014087480216977 0.06652676621241226 0.05952394871636886
2.8559933214452666 0.008937806541002754 0.0035014087480216977 0.04726901809829292 0.04726901809829292
3.4271919857343196 0.010043514566693817 0.0 0.03851549622823867 0.04376760935027122
3.998390650023373 0.01861275176579955 0.010504226244065093 0.06127465309037971 0.07528028808246649
4.569589314312426 0.05565397062645014 0.04901972247230377 0.11379578431070517 0.13830564554685706
5.140787978601479 0.16336836079585446 0.12254930618075942 0.19958029863723675 0.20308170738525846
5.711986642890533 0.3996213089518448 0.4341746847546905 0.3378859441840938 0.323880309192007
