0.0 0.47121590361534105 0.5497211734394065 0.323880309192007 0.2958690392078335
0.5711986642890533 0.34157163760306397 0.34138735293211553 0.27836199546772494 0.29236763045981173
1.1423973285781066 0.1594062403704615 0.17682114177509572 0.18207325489712825 0.19082677676718252
1.7135959928671598 0.06486820417387566 0.05602253996834716 0.1365549411728462 0.11379578431070517
2.284794657156213 0.0292091203453389 0.01750704374010849 0.054271835594336314 0.08053240120449905
2.8559933214452666 0.018152040088428273 0.008753521870054244 0.04551831372428206 0.05252113122032546
3.4271919857343196 0.019626317456016354 0.019257748114119334 0.04726901809829292 0.03851549622823867
3.998390650023373 0.032157675080515064 0.01750704374010849 0.07352958370845565 0.08928592307455328
4.569589314312426 0.06901460927021714 0.04901972247230377 0.14180705429487875 0.09979014931861838
5.140787978601479 0.1801382658521689 0.17156902865306317 0.18382395927113912 0.1943281855152042
5.711986642890533 0.3653443601554218 0.34313805730612634 0.2836141085897575 0.3028718567038768
