0.0 0.2262094335892965 0.27836199546772494 0.19082677676718252 0.19607888988921507
0.5711986642890533 0.20427955774642378 0.19082677676718252 0.19607888988921507 0.1295521236768028
1.1423973285781066 0.16972618194357808 0.16631691553103062 0.19082677676718252 0.15056057616493299
1.7135959928671598 0.13719993752116597 0.12780141930279196 0.16456621115701978 0.15056057616493299
2.284794657156213 0.12992069301869982 0.13480423679883535 0.13130282805081364 0.13830564554685706
2.8559933214452666 0.1324085360765047 0.13480423679883535 0.12079860180674858 0.1470591674169113
3.4271919857343196 0.1303814046960711 0.09803944494460753 0.11729719305872688 0.17156902865306317
3.998390650023373 0.13590994482452642 0.12254930618075942 0.1260507149287811 0.14880987179092214
4.569589314312426 0.12559000325140982 0.11204507993669433 0.14880987179092214 0.14180705429487875
5.140787978601479 0.15682625497718233 0.1680676199050415 0.16631691553103062 0.1943281855152042
5.711986642890533 0.20225242636599017 0.21708734237734525 0.1978295942632259 0.18207325489712825
