0.0 0.20612240445590888 0.24509861236151884 0.15931409803498722 0.1610648024089981
0.5711986642890533 0.1879703643674806 0.18207325489712825 0.1365549411728462 0.13130282805081364
1.1423973285781066 0.16981832427905233 0.18382395927113912 0.16631691553103062 0.15231128053894383
1.7135959928671598 0.1410699156110847 0.11554648868471602 0.18207325489712825 0.12780141930279196
2.284794657156213 0.13904278423065108 0.1470591674169113 0.14530846304290046 0.15931409803498722
2.8559933214452666 0.164289784150597 0.13480423679883535 0.1943281855152042 0.2118352292553127
3.4271919857343196 0.14715130975238555 0.16281550678300893 0.15056057616493299 0.14880987179092214
3.998390650023373 0.13913492656612536 0.11554648868471602 0.15056057616493299 0.16981832427905233
4.569589314312426 0.12780141930279196 0.10679296681466177 0.15406198491295467 0.15931409803498722
5.140787978601479 0.14383418567531236 0.14530846304290046 0.1260507149287811 0.17156902865306317
5.711986642890533 0.18446895561945892 0.2118352292553127 0.18557466364514996 0.15756339366097638
