0.0 0.23929364522664076 0.243347907987508 0.1978295942632259 0.17156902865306317
0.5711986642890533 0.20787310882991972 0.21708734237734525 0.16981832427905233 0.1680676199050415
1.1423973285781066 0.14180705429487875 0.15231128053894383 0.1803225505231174 0.15931409803498722
1.7135959928671598 0.1098336638853122 0.07878169683048819 0.1260507149287811 0.15406198491295467
2.284794657156213 0.1221807368388624 0.10504226244065092 0.12254930618075942 0.15756339366097638
2.8559933214452666 0.1550755506031715 0.12430001055477025 0.17682114177509572 0.17331973302707404
3.4271919857343196 0.16226265277016338 0.12430001055477025 0.15231128053894383 0.16631691553103062
3.998390650023373 0.13130282805081364 0.15931409803498722 0.13830564554685706 0.12780141930279196
4.569589314312426 0.12172002516149112 0.1470591674169113 0.14880987179092214 0.17156902865306317
5.140787978601479 0.1517584265260983 0.18207325489712825 0.17857184614910657 0.16631691553103062
5.711986642890533 0.20759668182349694 0.21708734237734525 0.15931409803498722 0.13480423679883535
