0.0 0.2425186269682397 0.26435636047563815 0.18557466364514996 0.15406198491295467
0.5711986642890533 0.19386747383783293 0.21708734237734525 0.18382395927113912 0.1943281855152042
1.1423973285781066 0.13710779518569174 0.1470591674169113 0.13480423679883535 0.1295521236768028
1.7135959928671598 0.10845152885319836 0.08753521870054244 0.14880987179092214 0.16456621115701978
2.284794657156213 0.13296139008935026 0.11904789743273772 0.13130282805081364 0.1470591674169113
2.8559933214452666 0.16475049582796827 0.1680676199050415 0.1680676199050415 0.16281550678300893
3.4271919857343196 0.1604198060606783 0.13480423679883535 0.1470591674169113 0.19257748114119336
3.998390650023373 0.12982855068322557 0.10504226244065092 0.16456621115701978 0.12079860180674858
4.569589314312426 0.11794218940704665 0.09979014931861838 0.1330535324248245 0.17331973302707404
5.140787978601479 0.1511134301777785 0.15231128053894383 0.1680676199050415 0.13480423679883535
5.711986642890533 0.21174308691983845 0.2556028386055839 0.18557466364514996 0.17682114177509572
