0.0 0.24749431308384948 0.2626056561016273 0.2188380467513561 0.17857184614910657
0.5711986642890533 0.2278679956278331 0.23809579486547544 0.21008452488130183 0.19082677676718252
1.1423973285781066 0.15701053964813083 0.17331973302707404 0.14880987179092214 0.15581268928696554
1.7135959928671598 0.12328644486455347 0.12780141930279196 0.16981832427905233 0.18557466364514996
2.284794657156213 0.13452780979241258 0.12079860180674858 0.13130282805081364 0.1610648024089981
2.8559933214452666 0.1679754775695672 0.15056057616493299 0.15581268928696554 0.14530846304290046
3.4271919857343196 0.1557205469514913 0.1470591674169113 0.16281550678300893 0.2048324117592693
3.998390650023373 0.12393144121287324 0.09278733182257498 0.15231128053894383 0.1435577586688896
4.569589314312426 0.10347584273758859 0.12079860180674858 0.11904789743273772 0.13130282805081364
5.140787978601479 0.12457643756119302 0.10504226244065092 0.11379578431070517 0.12254930618075942
5.711986642890533 0.18483752496135591 0.2118352292553127 0.1680676199050415 0.13130282805081364
