0.0 0.2679499115591341 0.323880309192007 0.22233945549937778 0.15931409803498722
0.5711986642890533 0.21377021830027204 0.21533663800333439 0.2048324117592693 0.15756339366097638
1.1423973285781066 0.13719993752116597 0.1260507149287811 0.1803225505231174 0.1365549411728462
1.7135959928671598 0.10163299602810348 0.08578451432653159 0.13480423679883535 0.12254930618075942
2.284794657156213 0.10955723687888944 0.09803944494460753 0.10679296681466177 0.1435577586688896
2.8559933214452666 0.1487177294554479 0.11554648868471602 0.11204507993669433 0.18207325489712825
3.4271919857343196 0.14447918202363214 0.1400563499208679 0.11204507993669433 0.16281550678300893
3.998390650023373 0.12310216019360494 0.10854367118867263 0.1295521236768028 0.15231128053894383
4.569589314312426 0.1143486383235507 0.13130282805081364 0.1400563499208679 0.15056057616493299
5.140787978601479 0.1571026819836051 0.1680676199050415 0.16981832427905233 0.2118352292553127
5.711986642890533 0.2328436817434429 0.23809579486547544 0.23809579486547544 0.17156902865306317
