0.0 0.26122352106951346 0.24509861236151884 0.25035072548355136 0.19082677676718252
0.5711986642890533 0.20704382781065145 0.22233945549937778 0.21708734237734525 0.13830564554685706
1.1423973285781066 0.14632202873311725 0.10854367118867263 0.15231128053894383 0.15406198491295467
1.7135959928671598 0.11821861641346942 0.12254930618075942 0.15581268928696554 0.16631691553103062
2.284794657156213 0.12945998134132855 0.13480423679883535 0.11904789743273772 0.1803225505231174
2.8559933214452666 0.13379067110861853 0.1400563499208679 0.10679296681466177 0.15931409803498722
3.4271919857343196 0.13968778057897088 0.1400563499208679 0.11379578431070517 0.15056057616493299
3.998390650023373 0.11213722227216859 0.09278733182257498 0.09803944494460753 0.11379578431070517
4.569589314312426 0.11738933539420111 0.11379578431070517 0.14530846304290046 0.17156902865306317
5.140787978601479 0.15599697395791406 0.17156902865306317 0.1978295942632259 0.1470591674169113
5.711986642890533 0.22943441533089542 0.2591042473536056 0.1943281855152042 0.17857184614910657
