0.0 0.26905561958482516 0.2958690392078335 0.2328436817434429 0.17857184614910657
0.5711986642890533 0.23312010874986566 0.25735354297959473 0.1978295942632259 0.18557466364514996
1.1423973285781066 0.15664197030623384 0.13480423679883535 0.19257748114119336 0.17331973302707404
1.7135959928671598 0.11554648868471602 0.10679296681466177 0.15581268928696554 0.16981832427905233
2.284794657156213 0.12347072953550196 0.11554648868471602 0.12430001055477025 0.15581268928696554
2.8559933214452666 0.14143848495298172 0.1400563499208679 0.09278733182257498 0.13830564554685706
3.4271919857343196 0.14309704699151832 0.14880987179092214 0.12430001055477025 0.1978295942632259
3.998390650023373 0.11554648868471602 0.11904789743273772 0.10854367118867263 0.12079860180674858
4.569589314312426 0.09822372961555603 0.09278733182257498 0.10329155806664007 0.1610648024089981
5.140787978601479 0.13590994482452642 0.12780141930279196 0.2048324117592693 0.10854367118867263
5.711986642890533 0.2186537620804076 0.2118352292553127 0.21358593362932354 0.1610648024089981
