0.0 0.2543128459089443 0.3028718567038768 0.18557466364514996 0.16631691553103062
0.5711986642890533 0.20004101031460803 0.21008452488130183 0.19607888988921507 0.15931409803498722
1.1423973285781066 0.12374715654192474 0.11729719305872688 0.16456621115701978 0.10854367118867263
1.7135959928671598 0.08790378804243947 0.08578451432653159 0.1330535324248245 0.12079860180674858
2.284794657156213 0.10762224783393007 0.09803944494460753 0.1330535324248245 0.1470591674169113
2.8559933214452666 0.14530846304290046 0.12780141930279196 0.12254930618075942 0.17682114177509572
3.4271919857343196 0.16161765642184361 0.14880987179092214 0.12780141930279196 0.1873253680191608
3.998390650023373 0.14650631340406575 0.12254930618075942 0.13480423679883535 0.18907607239317167
4.569589314312426 0.12430001055477025 0.1330535324248245 0.16981832427905233 0.1400563499208679
5.140787978601479 0.1612490870799466 0.14880987179092214 0.17156902865306317 0.17331973302707404
5.711986642890533 0.23809579486547544 0.2556028386055839 0.2118352292553127 0.18207325489712825
