0.0 0.7673920839414221 1.0136578325522814 0.6547634358800575 0.6337549833919273
0.5711986642890533 0.35364228355019145 0.3378859441840938 0.3764014404123325 0.3466394660541481
1.1423973285781066 0.07994883307982877 0.01750704374010849 0.09979014931861838 0.12254930618075942
1.7135959928671598 0.015756339366097636 0.0017507043740108488 0.019257748114119334 0.02626056561016273
2.284794657156213 0.004668544997362263 0.0 0.0017507043740108488 0.012254930618075942
2.8559933214452666 0.0023342724986811316 0.0 0.0052521131220325465 0.0017507043740108488
3.4271919857343196 0.0017507043740108488 0.0 0.0052521131220325465 0.0
3.998390650023373 0.0035014087480216977 0.0 0.0052521131220325465 0.0052521131220325465
4.569589314312426 0.01984131623878962 0.0 0.03326338310620613 0.02626056561016273
5.140787978601479 0.0852009462018613 0.02801126998417358 0.1365549411728462 0.09103662744856413
5.711986642890533 0.416667641014582 0.35189157917618064 0.4131662322665603 0.4849451116010051
