0.0 0.5561404228107796 0.728293019588513 0.4936986334710593 0.44642961537276643
0.5711986642890533 0.3483901704281589 0.36589721416826737 0.3378859441840938 0.34138735293211553
1.1423973285781066 0.1528948486636141 0.09628874057059668 0.17156902865306317 0.19082677676718252
1.7135959928671598 0.036764791854227825 0.0035014087480216977 0.04551831372428206 0.06127465309037971
2.284794657156213 0.0239262931114816 0.0035014087480216977 0.02275915686214103 0.04551831372428206
2.8559933214452666 0.00583568124670283 0.0 0.008753521870054244 0.008753521870054244
3.4271919857343196 0.011087794368735375 0.0 0.01400563499208679 0.019257748114119334
3.998390650023373 0.021008452488130186 0.0017507043740108488 0.024509861236151884 0.036764791854227825
4.569589314312426 0.05718967621768772 0.015756339366097636 0.07703099245647733 0.07878169683048819
5.140787978601479 0.14414132679355987 0.09628874057059668 0.1943281855152042 0.14180705429487875
5.711986642890533 0.39332491602777064 0.439426797876723 0.3606451010462348 0.37990284916035416
