0.0 0.7475507677026324 0.9996521975601945 0.6460099140100032 0.5969901915376995
0.5711986642890533 0.39040707540441927 0.3623958054202457 0.4114155278925494 0.3974098929004627
1.1423973285781066 0.09278733182257498 0.015756339366097636 0.13480423679883535 0.12780141930279196
1.7135959928671598 0.020424884363459902 0.0 0.04201690497626037 0.019257748114119334
2.284794657156213 0.0035014087480216977 0.0 0.008753521870054244 0.0017507043740108488
2.8559933214452666 0.0005835681246702829 0.0 0.0 0.0017507043740108488
3.4271919857343196 0.002917840623351415 0.0 0.0052521131220325465 0.0035014087480216977
3.998390650023373 0.00583568124670283 0.0 0.010504226244065093 0.007002817496043395
4.569589314312426 0.01400563499208679 0.0 0.015756339366097636 0.02626056561016273
5.140787978601479 0.07703099245647733 0.010504226244065093 0.11204507993669433 0.10854367118867263
5.711986642890533 0.3956591885264518 0.3623958054202457 0.3641465097942565 0.4604352503648532
