0.0 0.7965704901749362 1.029414171918379 0.6687690708721442 0.6915282277342852
0.5711986642890533 0.39390848415244095 0.3606451010462348 0.4096648235185386 0.4114155278925494
1.1423973285781066 0.08636808245120187 0.02626056561016273 0.11904789743273772 0.11379578431070517
1.7135959928671598 0.012254930618075942 0.0 0.02275915686214103 0.01400563499208679
2.284794657156213 0.0023342724986811316 0.0 0.0052521131220325465 0.0017507043740108488
2.8559933214452666 0.0011671362493405658 0.0 0.0017507043740108488 0.0017507043740108488
3.4271919857343196 0.0017507043740108488 0.0 0.0017507043740108488 0.0035014087480216977
3.998390650023373 0.002917840623351415 0.0 0.0035014087480216977 0.0052521131220325465
4.569589314312426 0.00992065811939481 0.0 0.01400563499208679 0.015756339366097636
5.140787978601479 0.08111596932916931 0.02801126998417358 0.10504226244065092 0.11029437556268347
5.711986642890533 0.3623958054202457 0.3063732654518985 0.3991605972744735 0.38165355353436503
