0.0 0.7586385620713678 0.9786437450720645 0.6442592096359924 0.6530127315060466
0.5711986642890533 0.36764791854227824 0.34138735293211553 0.3746507360383216 0.3869056666563976
1.1423973285781066 0.08053240120449905 0.019257748114119334 0.11379578431070517 0.10854367118867263
1.7135959928671598 0.015172771241427355 0.0 0.019257748114119334 0.02626056561016273
2.284794657156213 0.00583568124670283 0.0 0.0052521131220325465 0.012254930618075942
2.8559933214452666 0.0035014087480216977 0.0 0.0052521131220325465 0.0052521131220325465
3.4271919857343196 0.0052521131220325465 0.0 0.010504226244065093 0.0052521131220325465
3.998390650023373 0.00992065811939481 0.0 0.01400563499208679 0.015756339366097636
4.569589314312426 0.016923475615438204 0.0017507043740108488 0.02976197435818443 0.019257748114119334
5.140787978601479 0.08695165057587215 0.02275915686214103 0.11729719305872688 0.12079860180674858
5.711986642890533 0.40032773352381407 0.3869056666563976 0.416667641014582 0.3974098929004627
