0.0 0.7551371533233461 0.9698902232020102 0.6425085052619814 0.6530127315060466
0.5711986642890533 0.3956591885264518 0.336135239810083 0.4096648235185386 0.4411775022507339
1.1423973285781066 0.06652676621241226 0.01750704374010849 0.09278733182257498 0.08928592307455328
1.7135959928671598 0.012254930618075942 0.0 0.01750704374010849 0.019257748114119334
2.284794657156213 0.0023342724986811316 0.0 0.0052521131220325465 0.0017507043740108488
2.8559933214452666 0.002917840623351415 0.0 0.0052521131220325465 0.0035014087480216977
3.4271919857343196 0.002917840623351415 0.0 0.0052521131220325465 0.0035014087480216977
3.998390650023373 0.0052521131220325465 0.0 0.007002817496043395 0.008753521870054244
4.569589314312426 0.015756339366097636 0.0 0.02801126998417358 0.019257748114119334
5.140787978601479 0.08811878682521272 0.02626056561016273 0.10679296681466177 0.13130282805081364
5.711986642890533 0.40382914227183575 0.4009113016484844 0.43067327600666877 0.37990284916035416
