0.0 0.7084517033497235 0.8753521870054244 0.6460099140100032 0.6039930090337428
0.5711986642890533 0.40382914227183575 0.4131662322665603 0.4096648235185386 0.3886563710304084
1.1423973285781066 0.1027079899419698 0.050770426846314616 0.12780141930279196 0.1295521236768028
1.7135959928671598 0.029178406233514146 0.0017507043740108488 0.04026620060224952 0.04551831372428206
2.284794657156213 0.007002817496043395 0.0 0.007002817496043395 0.01400563499208679
2.8559933214452666 0.012254930618075942 0.0 0.015756339366097636 0.021008452488130186
3.4271919857343196 0.0052521131220325465 0.0 0.0035014087480216977 0.012254930618075942
3.998390650023373 0.0052521131220325465 0.0 0.007002817496043395 0.008753521870054244
4.569589314312426 0.020424884363459902 0.0 0.03151267873219527 0.02976197435818443
5.140787978601479 0.08986949119922358 0.03851549622823867 0.11379578431070517 0.11729719305872688
5.711986642890533 0.3664807822929377 0.3711493272902999 0.3483901704281589 0.37990284916035416
