0.0 0.550888309688747 0.6967803408563178 0.47794229410496175 0.47794229410496175
0.5711986642890533 0.36356294166958625 0.40266200602249524 0.35364228355019145 0.3343845354360721
1.1423973285781066 0.14122348617020847 0.08928592307455328 0.15056057616493299 0.18382395927113912
1.7135959928671598 0.04551831372428206 0.012254930618075942 0.06302535746439054 0.06127465309037971
2.284794657156213 0.0239262931114816 0.0052521131220325465 0.036764791854227825 0.02976197435818443
2.8559933214452666 0.016339907490767924 0.0035014087480216977 0.024509861236151884 0.021008452488130186
3.4271919857343196 0.018674179989449053 0.0035014087480216977 0.02801126998417358 0.024509861236151884
3.998390650023373 0.016923475615438204 0.0017507043740108488 0.02275915686214103 0.02626056561016273
4.569589314312426 0.05543897184367688 0.019257748114119334 0.08053240120449905 0.06652676621241226
5.140787978601479 0.14530846304290046 0.08753521870054244 0.1610648024089981 0.1873253680191608
5.711986642890533 0.3729000316643108 0.42892257163265796 0.35189157917618064 0.3378859441840938
