0.0 0.7131202483470857 0.926122613851739 0.6267521658958838 0.5864859652936344
0.5711986642890533 0.40032773352381407 0.39040707540441927 0.3729000316643108 0.4376760935027122
1.1423973285781066 0.08169953745383961 0.02976197435818443 0.09979014931861838 0.11554648868471602
1.7135959928671598 0.02334272498681132 0.0035014087480216977 0.03151267873219527 0.03501408748021698
2.284794657156213 0.011087794368735375 0.0 0.01750704374010849 0.015756339366097636
2.8559933214452666 0.0035014087480216977 0.0 0.007002817496043395 0.0035014087480216977
3.4271919857343196 0.004084976872691981 0.0 0.010504226244065093 0.0017507043740108488
3.998390650023373 0.002917840623351415 0.0 0.0035014087480216977 0.0052521131220325465
4.569589314312426 0.02275915686214103 0.0 0.04201690497626037 0.02626056561016273
5.140787978601479 0.09395446807191556 0.03151267873219527 0.12430001055477025 0.1260507149287811
5.711986642890533 0.39390848415244095 0.36939862291628905 0.4149169366405711 0.3974098929004627
