0.0 0.07037161457447436 0.049338032358487556 0.05920563883018507 0.1233450808962189
0.2026833970057931 0.08673106740913075 0.03947042588679005 0.07400704853773134 0.1233450808962189
0.4053667940115862 0.10776464962511756 0.0888084582452776 0.1332126873679164 0.11841127766037014
0.6080501910173793 0.10646628035252577 0.15294790031131142 0.0789408517735801 0.11841127766037014
0.8107335880231724 0.1337320350769531 0.14308029383961393 0.11347747442452137 0.15294790031131142
1.0134169850289656 0.15320757416582978 0.1578817035471602 0.1677493100188577 0.19735212943395022
1.2161003820347587 0.1770975687815185 0.16281550678300893 0.19735212943395022 0.21215353914149648
1.4187837790405518 0.19761180328846858 0.11347747442452137 0.17268311325470645 0.28122678444337906
1.6214671760463448 0.2056616927785376 0.15294790031131142 0.202285932669799 0.25162396502828654
1.824150573052138 0.23396614292103834 0.2466901617924378 0.24175635855658903 0.2664253747358328
2.026833970057931 0.2897960216424848 0.26149157149998403 0.23188875208489151 0.39470425886790045
2.2295173670637243 0.32017786262113246 0.32563101356601787 0.23682255532074029 0.3354986200377154
2.4322007640695174 0.3412114448371192 0.3552338329811104 0.24175635855658903 0.3552338329811104
2.6348841610753104 0.31108927771299 0.3651014394528079 0.202285932669799 0.28122678444337906
2.8375675580811035 0.2640883100451676 0.3651014394528079 0.18255071972640394 0.2713591779716816
3.0402509550868966 0.2196840809225288 0.3009619973867741 0.1677493100188577 0.13814649060376516
3.2429343520926897 0.18618615368966093 0.22695494884904274 0.16281550678300893 0.1677493100188577
3.4456177490984827 0.15632366042005003 0.1578817035471602 0.15294790031131142 0.08387465500942885
3.648301146104276 0.1571026819836051 0.15294790031131142 0.2466901617924378 0.0888084582452776
3.850984543110069 0.14463833696672404 0.10854367118867261 0.2565577682641353 0.09374226148112635
4.053667940115862 0.12646116715043917 0.11347747442452137 0.222021145613194 0.06413944206603382
4.2563513371216555 0.13892551216732021 0.09374226148112635 0.25162396502828654 0.0789408517735801
4.4590347341274486 0.13762714289472844 0.10360986795282387 0.23682255532074029 0.08387465500942885
4.661718131133242 0.13529007820406325 0.1776169164905552 0.18255071972640394 0.09374226148112635
4.864401528139035 0.11996932078748027 0.1578817035471602 0.10854367118867261 0.08387465500942885
5.067084925144828 0.0963390000263099 0.11347747442452137 0.11347747442452137 0.08387465500942885
5.269768322150621 0.08309563344587377 0.05427183559433631 0.07400704853773134 0.07400704853773134
5.472451719156414 0.07270867926513956 0.07400704853773134 0.03453662265094129 0.05920563883018507
5.675135116162207 0.05712824799403823 0.0444042291226388 0.05920563883018507 0.05427183559433631
5.877818513168 0.04648161995878565 0.024669016179243778 0.05920563883018507 0.09374226148112635
6.080501910173793 0.05686857413951987 0.049338032358487556 0.06907324530188258 0.10854367118867261
