0.0 0.03401727494190458 0.049338032358487556 0.06907324530188258 0.03453662265094129
0.2026833970057931 0.05842661726663 0.049338032358487556 0.0888084582452776 0.05920563883018507
0.4053667940115862 0.08699074126364911 0.09374226148112635 0.09374226148112635 0.12827888413206764
0.6080501910173793 0.10672595420704414 0.09374226148112635 0.08387465500942885 0.1578817035471602
0.8107335880231724 0.1420415984215405 0.10360986795282387 0.1578817035471602 0.1233450808962189
1.0134169850289656 0.171644417836633 0.17268311325470645 0.20721973590564774 0.1578817035471602
1.2161003820347587 0.20358430194239074 0.18255071972640394 0.2565577682641353 0.202285932669799
1.4187837790405518 0.25240298659184157 0.3453662265094129 0.30589580062262284 0.19241832619810148
1.6214671760463448 0.3282277521112014 0.38483665239620296 0.30589580062262284 0.2664253747358328
1.824150573052138 0.38795273865042323 0.4785789138773293 0.35030002974526164 0.2713591779716816
2.026833970057931 0.4505341375893469 0.4884465203490268 0.32563101356601787 0.4539098976980855
2.2295173670637243 0.447677725189645 0.39470425886790045 0.3453662265094129 0.42430707828299297
2.4322007640695174 0.4282021861007683 0.38483665239620296 0.28122678444337906 0.43910848799053925
2.6348841610753104 0.36951589497961995 0.32563101356601787 0.2713591779716816 0.5081817332924218
2.8375675580811035 0.346924269636523 0.3552338329811104 0.3108296038584716 0.3897704556320517
3.0402509550868966 0.30070232353225573 0.3009619973867741 0.21708734237734523 0.404571865339598
3.2429343520926897 0.2383805984478504 0.20721973590564774 0.22695494884904274 0.202285932669799
3.4456177490984827 0.18540713212610588 0.202285932669799 0.1874845229622527 0.14801409707546268
3.648301146104276 0.14619638009383418 0.1677493100188577 0.16281550678300893 0.17268311325470645
3.850984543110069 0.08517302428202062 0.0789408517735801 0.10854367118867261 0.06907324530188258
4.053667940115862 0.05479118330337302 0.05427183559433631 0.16281550678300893 0.0444042291226388
4.2563513371216555 0.02986249326961089 0.004933803235848756 0.07400704853773134 0.014801409707546268
4.4590347341274486 0.018696517525321598 0.009867606471697512 0.05920563883018507 0.0
4.661718131133242 0.013243366580436133 0.0 0.0789408517735801 0.0
4.864401528139035 0.005972498653922178 0.0 0.024669016179243778 0.004933803235848756
5.067084925144828 0.003116086254220267 0.0 0.024669016179243778 0.0
5.269768322150621 0.0020773908361468446 0.0 0.014801409707546268 0.004933803235848756
5.472451719156414 0.0012983692725917777 0.0 0.019735212943395024 0.0
5.675135116162207 0.0028564123997019113 0.0 0.029602819415092536 0.0
5.877818513168 0.010906301889770932 0.0 0.049338032358487556 0.009867606471697512
6.080501910173793 0.020254560652431735 0.004933803235848756 0.03947042588679005 0.049338032358487556
