0.0 0.12931757955014106 0.13814649060376516 0.09867606471697511 0.09867606471697511
0.2026833970057931 0.12594181944140245 0.14801409707546268 0.07400704853773134 0.09374226148112635
0.4053667940115862 0.128538557986586 0.12827888413206764 0.11841127766037014 0.11347747442452137
0.6080501910173793 0.11373714827903975 0.0888084582452776 0.1578817035471602 0.16281550678300893
0.8107335880231724 0.12386442860525561 0.049338032358487556 0.1233450808962189 0.12827888413206764
1.0134169850289656 0.128538557986586 0.09867606471697511 0.2565577682641353 0.11841127766037014
1.2161003820347587 0.14957214020257278 0.13814649060376516 0.2664253747358328 0.16281550678300893
1.4187837790405518 0.1776169164905552 0.19735212943395022 0.21215353914149648 0.1677493100188577
1.6214671760463448 0.18722484910773438 0.1874845229622527 0.15294790031131142 0.13814649060376516
1.824150573052138 0.2350048383391118 0.23682255532074029 0.2565577682641353 0.16281550678300893
2.026833970057931 0.2513642911737682 0.30589580062262284 0.1874845229622527 0.23188875208489151
2.2295173670637243 0.24928690033762133 0.2713591779716816 0.19735212943395022 0.202285932669799
2.4322007640695174 0.22409853644934083 0.24175635855658903 0.202285932669799 0.20721973590564774
2.6348841610753104 0.19423604317972998 0.20721973590564774 0.1776169164905552 0.19735212943395022
2.8375675580811035 0.18956191379839954 0.20721973590564774 0.1874845229622527 0.2466901617924378
3.0402509550868966 0.18722484910773438 0.1578817035471602 0.2713591779716816 0.12827888413206764
3.2429343520926897 0.1711250701275963 0.17268311325470645 0.20721973590564774 0.1332126873679164
3.4456177490984827 0.1677493100188577 0.11841127766037014 0.19735212943395022 0.2762929812075303
3.648301146104276 0.1542462695839032 0.1578817035471602 0.1776169164905552 0.11347747442452137
3.850984543110069 0.1830700674354407 0.19735212943395022 0.1776169164905552 0.1332126873679164
4.053667940115862 0.16047844209234371 0.11841127766037014 0.1874845229622527 0.16281550678300893
4.2563513371216555 0.1425609461305772 0.1233450808962189 0.1677493100188577 0.12827888413206764
4.4590347341274486 0.13425138278598983 0.14308029383961393 0.11841127766037014 0.1332126873679164
4.661718131133242 0.14801409707546268 0.10360986795282387 0.12827888413206764 0.2565577682641353
4.864401528139035 0.13580942591309994 0.10854367118867261 0.10854367118867261 0.14801409707546268
5.067084925144828 0.11841127766037014 0.11347747442452137 0.10854367118867261 0.18255071972640394
5.269768322150621 0.11996932078748027 0.11347747442452137 0.0789408517735801 0.23682255532074029
5.472451719156414 0.11659356067874165 0.16281550678300893 0.06907324530188258 0.09867606471697511
5.675135116162207 0.1332126873679164 0.1578817035471602 0.09374226148112635 0.14801409707546268
5.877818513168 0.13165464424080628 0.19241832619810148 0.09867606471697511 0.14308029383961393
6.080501910173793 0.1215273639145904 0.14801409707546268 0.07400704853773134 0.0789408517735801
