0.0 0.19137963078002804 0.24175635855658903 0.14801409707546268 0.1578817035471602
0.2026833970057931 0.1552849650019766 0.1874845229622527 0.10854367118867261 0.10360986795282387
0.4053667940115862 0.13139497038628792 0.24175635855658903 0.09374226148112635 0.1332126873679164
0.6080501910173793 0.1116597574428929 0.14801409707546268 0.07400704853773134 0.1332126873679164
0.8107335880231724 0.08569237199105734 0.07400704853773134 0.0444042291226388 0.1677493100188577
1.0134169850289656 0.07141030999254777 0.029602819415092536 0.06413944206603382 0.09867606471697511
1.2161003820347587 0.06336042050247875 0.03453662265094129 0.029602819415092536 0.0789408517735801
1.4187837790405518 0.08673106740913075 0.03453662265094129 0.0789408517735801 0.16281550678300893
1.6214671760463448 0.09374226148112635 0.0888084582452776 0.09374226148112635 0.12827888413206764
1.824150573052138 0.09841639086245675 0.10854367118867261 0.14308029383961393 0.10360986795282387
2.026833970057931 0.1163338868242233 0.17268311325470645 0.10854367118867261 0.06907324530188258
2.2295173670637243 0.11867095151488849 0.12827888413206764 0.19241832619810148 0.0789408517735801
2.4322007640695174 0.13139497038628792 0.16281550678300893 0.20721973590564774 0.05427183559433631
2.6348841610753104 0.1508705094751646 0.1332126873679164 0.22695494884904274 0.07400704853773134
2.8375675580811035 0.1578817035471602 0.11841127766037014 0.2565577682641353 0.10360986795282387
3.0402509550868966 0.18618615368966093 0.14308029383961393 0.19241832619810148 0.1332126873679164
3.2429343520926897 0.1804733288902571 0.1677493100188577 0.2565577682641353 0.1874845229622527
3.4456177490984827 0.1893022399438812 0.16281550678300893 0.1776169164905552 0.21215353914149648
3.648301146104276 0.202285932669799 0.25162396502828654 0.18255071972640394 0.2565577682641353
3.850984543110069 0.2196840809225288 0.20721973590564774 0.14308029383961393 0.28122678444337906
4.053667940115862 0.2344854906300751 0.2466901617924378 0.10854367118867261 0.2466901617924378
4.2563513371216555 0.22228081946771233 0.25162396502828654 0.19241832619810148 0.3157634070943204
4.4590347341274486 0.2090374528872762 0.222021145613194 0.12827888413206764 0.33056481680186667
4.661718131133242 0.20124723725172558 0.1578817035471602 0.23682255532074029 0.19735212943395022
4.864401528139035 0.17398148252729823 0.16281550678300893 0.15294790031131142 0.21215353914149648
5.067084925144828 0.17813626419959191 0.1332126873679164 0.19735212943395022 0.14801409707546268
5.269768322150621 0.18358941514447738 0.14801409707546268 0.22695494884904274 0.13814649060376516
5.472451719156414 0.1893022399438812 0.11841127766037014 0.20721973590564774 0.1677493100188577
5.675135116162207 0.1846281105625508 0.14801409707546268 0.23682255532074029 0.15294790031131142
5.877818513168 0.20644071434209268 0.20721973590564774 0.23682255532074029 0.15294790031131142
6.080501910173793 0.20851810517823952 0.3009619973867741 0.1874845229622527 0.15294790031131142
