0.0 0.04752031537685907 0.05427183559433631 0.05427183559433631 0.049338032358487556
0.2026833970057931 0.041547816722936885 0.049338032358487556 0.05920563883018507 0.06413944206603382
0.4053667940115862 0.03401727494190458 0.049338032358487556 0.024669016179243778 0.03947042588679005
0.6080501910173793 0.034796296505459644 0.0444042291226388 0.014801409707546268 0.049338032358487556
0.8107335880231724 0.04648161995878565 0.03453662265094129 0.024669016179243778 0.10360986795282387
1.0134169850289656 0.06647650675669903 0.06413944206603382 0.03453662265094129 0.10360986795282387
1.2161003820347587 0.09140519679046116 0.06907324530188258 0.05427183559433631 0.1233450808962189
1.4187837790405518 0.11867095151488849 0.1874845229622527 0.049338032358487556 0.14801409707546268
1.6214671760463448 0.13606909976761833 0.1874845229622527 0.0888084582452776 0.1776169164905552
1.824150573052138 0.13658844747665502 0.1874845229622527 0.08387465500942885 0.1578817035471602
2.026833970057931 0.13892551216732021 0.14308029383961393 0.09374226148112635 0.1874845229622527
2.2295173670637243 0.1378868167492468 0.1332126873679164 0.1332126873679164 0.15294790031131142
2.4322007640695174 0.17268311325470645 0.11347747442452137 0.222021145613194 0.23682255532074029
2.6348841610753104 0.19475539088876667 0.10360986795282387 0.15294790031131142 0.19735212943395022
2.8375675580811035 0.2238388625948225 0.14308029383961393 0.21215353914149648 0.26149157149998403
3.0402509550868966 0.22513723186741427 0.23682255532074029 0.2565577682641353 0.2762929812075303
3.2429343520926897 0.22513723186741427 0.26149157149998403 0.21215353914149648 0.28122678444337906
3.4456177490984827 0.19501506474328503 0.18255071972640394 0.19241832619810148 0.1874845229622527
3.648301146104276 0.23033070895778138 0.2762929812075303 0.25162396502828654 0.1578817035471602
3.850984543110069 0.2394192938659238 0.35030002974526164 0.21708734237734523 0.1874845229622527
4.053667940115862 0.27992841517078726 0.24175635855658903 0.32563101356601787 0.23188875208489151
4.2563513371216555 0.26798341786294294 0.2664253747358328 0.3453662265094129 0.19735212943395022
4.4590347341274486 0.2752542857894569 0.2565577682641353 0.2466901617924378 0.19241832619810148
4.661718131133242 0.27681232891656704 0.29109439091507655 0.26149157149998403 0.23188875208489151
4.864401528139035 0.27681232891656704 0.2466901617924378 0.3009619973867741 0.19241832619810148
5.067084925144828 0.2285129919761529 0.202285932669799 0.21708734237734523 0.15294790031131142
5.269768322150621 0.17735724263603683 0.1677493100188577 0.222021145613194 0.0888084582452776
5.472451719156414 0.13736746904021008 0.10360986795282387 0.16281550678300893 0.15294790031131142
5.675135116162207 0.11763225609681506 0.1233450808962189 0.14308029383961393 0.1578817035471602
5.877818513168 0.09270356606305294 0.08387465500942885 0.17268311325470645 0.14308029383961393
6.080501910173793 0.06673618061121739 0.0789408517735801 0.10360986795282387 0.049338032358487556
