0.0 0.14931246634805445 0.14801409707546268 0.1233450808962189 0.21708734237734523
0.2026833970057931 0.19215865234358312 0.1874845229622527 0.17268311325470645 0.25162396502828654
0.4053667940115862 0.23889994615688712 0.20721973590564774 0.1874845229622527 0.19241832619810148
0.6080501910173793 0.26434798389968595 0.29602819415092535 0.2466901617924378 0.3009619973867741
0.8107335880231724 0.30407808364099437 0.35030002974526164 0.1874845229622527 0.28616058767922786
1.0134169850289656 0.3269293828386097 0.404571865339598 0.28122678444337906 0.22695494884904274
1.2161003820347587 0.34796296505459645 0.3749690459245054 0.3354986200377154 0.29602819415092535
1.4187837790405518 0.3586095930898491 0.36016763621695913 0.3108296038584716 0.2762929812075303
1.6214671760463448 0.33056481680186667 0.2664253747358328 0.38483665239620296 0.2664253747358328
1.824150573052138 0.33108416451090333 0.3700352426886567 0.3552338329811104 0.20721973590564774
2.026833970057931 0.2986249326961089 0.29109439091507655 0.35030002974526164 0.2664253747358328
2.2295173670637243 0.26486733160872267 0.3108296038584716 0.3009619973867741 0.18255071972640394
2.4322007640695174 0.2308500566668181 0.30589580062262284 0.222021145613194 0.18255071972640394
2.6348841610753104 0.1944957170342483 0.19735212943395022 0.24175635855658903 0.15294790031131142
2.8375675580811035 0.1622961590739722 0.14308029383961393 0.24175635855658903 0.1332126873679164
3.0402509550868966 0.1448980108212424 0.11841127766037014 0.20721973590564774 0.1233450808962189
3.2429343520926897 0.1210080162055537 0.0789408517735801 0.15294790031131142 0.13814649060376516
3.4456177490984827 0.10257117253475045 0.09374226148112635 0.09867606471697511 0.06907324530188258
3.648301146104276 0.06829422373832751 0.0789408517735801 0.0789408517735801 0.0888084582452776
3.850984543110069 0.05063640163107933 0.03453662265094129 0.049338032358487556 0.06413944206603382
4.053667940115862 0.02778510243346404 0.029602819415092536 0.014801409707546268 0.03947042588679005
4.2563513371216555 0.024669016179243778 0.004933803235848756 0.049338032358487556 0.07400704853773134
4.4590347341274486 0.018696517525321598 0.004933803235848756 0.024669016179243778 0.06907324530188258
4.661718131133242 0.010646628035252577 0.0 0.004933803235848756 0.05427183559433631
4.864401528139035 0.010386954180734221 0.004933803235848756 0.004933803235848756 0.049338032358487556
5.067084925144828 0.019994886797913378 0.004933803235848756 0.004933803235848756 0.11347747442452137
5.269768322150621 0.030641514833165955 0.019735212943395024 0.014801409707546268 0.049338032358487556
5.472451719156414 0.04284618599552867 0.014801409707546268 0.03453662265094129 0.10360986795282387
5.675135116162207 0.06517813748410724 0.05427183559433631 0.07400704853773134 0.11347747442452137
5.877818513168 0.08906813209979596 0.07400704853773134 0.06907324530188258 0.17268311325470645
6.080501910173793 0.11140008358837454 0.10360986795282387 0.10854367118867261 0.17268311325470645
