0.0 0.31368601625817355 0.43910848799053925 0.3354986200377154 0.29109439091507655
0.2026833970057931 0.36795785185250984 0.404571865339598 0.3749690459245054 0.3897704556320517
0.4053667940115862 0.37081426425221176 0.28122678444337906 0.34043242327356416 0.3206972103301691
0.6080501910173793 0.4102846901390018 0.3354986200377154 0.3354986200377154 0.39470425886790045
0.8107335880231724 0.3965219758495289 0.46377750416978303 0.3749690459245054 0.3157634070943204
1.0134169850289656 0.38951078177753334 0.4933803235848756 0.30589580062262284 0.32563101356601787
1.2161003820347587 0.38094154457842766 0.4785789138773293 0.33056481680186667 0.23188875208489151
1.4187837790405518 0.31524405938528366 0.40950566857544674 0.2664253747358328 0.29602819415092535
1.6214671760463448 0.26616570088131447 0.29109439091507655 0.28122678444337906 0.29602819415092535
1.824150573052138 0.20721973590564774 0.18255071972640394 0.18255071972640394 0.22695494884904274
2.026833970057931 0.17787659034507358 0.08387465500942885 0.202285932669799 0.23682255532074029
2.2295173670637243 0.12801921027754928 0.05920563883018507 0.14801409707546268 0.1578817035471602
2.4322007640695174 0.09166487064497951 0.03947042588679005 0.14308029383961393 0.13814649060376516
2.6348841610753104 0.06154270352085027 0.03947042588679005 0.08387465500942885 0.06907324530188258
2.8375675580811035 0.030901188687684312 0.029602819415092536 0.08387465500942885 0.0789408517735801
3.0402509550868966 0.014801409707546268 0.014801409707546268 0.05427183559433631 0.019735212943395024
3.2429343520926897 0.005453150944885466 0.009867606471697512 0.009867606471697512 0.009867606471697512
3.4456177490984827 0.0015580431271101335 0.0 0.004933803235848756 0.004933803235848756
3.648301146104276 0.001817716981628489 0.0 0.009867606471697512 0.009867606471697512
3.850984543110069 0.003375760108738622 0.004933803235848756 0.0 0.009867606471697512
4.053667940115862 0.008569237199105734 0.019735212943395024 0.014801409707546268 0.029602819415092536
4.2563513371216555 0.018696517525321598 0.009867606471697512 0.009867606471697512 0.024669016179243778
4.4590347341274486 0.028304450142500756 0.0444042291226388 0.014801409707546268 0.029602819415092536
4.661718131133242 0.04024944745034511 0.024669016179243778 0.009867606471697512 0.06413944206603382
4.864401528139035 0.050896075485597686 0.03947042588679005 0.049338032358487556 0.07400704853773134
5.067084925144828 0.06699585446573574 0.03947042588679005 0.06413944206603382 0.09867606471697511
5.269768322150621 0.0893278059543143 0.1233450808962189 0.08387465500942885 0.09867606471697511
5.472451719156414 0.10854367118867261 0.08387465500942885 0.10360986795282387 0.14801409707546268
5.675135116162207 0.14567703238479748 0.10854367118867261 0.2466901617924378 0.1332126873679164
5.877818513168 0.19761180328846858 0.10360986795282387 0.21708734237734523 0.18255071972640394
6.080501910173793 0.24357407553821753 0.2762929812075303 0.25162396502828654 0.22695494884904274
