0.0 0.015580431271101333 0.0 0.029602819415092536 0.019735212943395024
0.2026833970057931 0.008309563344587378 0.004933803235848756 0.03947042588679005 0.014801409707546268
0.4053667940115862 0.0023370646906651998 0.0 0.0 0.004933803235848756
0.6080501910173793 0.0012983692725917777 0.0 0.009867606471697512 0.0
0.8107335880231724 0.0028564123997019113 0.0 0.004933803235848756 0.024669016179243778
1.0134169850289656 0.0028564123997019113 0.0 0.019735212943395024 0.014801409707546268
1.2161003820347587 0.005972498653922178 0.0 0.009867606471697512 0.03453662265094129
1.4187837790405518 0.012983692725917777 0.0 0.009867606471697512 0.05920563883018507
1.6214671760463448 0.023370646906652002 0.004933803235848756 0.019735212943395024 0.0888084582452776
1.824150573052138 0.03453662265094129 0.009867606471697512 0.03453662265094129 0.06413944206603382
2.026833970057931 0.05531053101240973 0.05427183559433631 0.06907324530188258 0.0888084582452776
2.2295173670637243 0.08958747980883267 0.0789408517735801 0.10360986795282387 0.09867606471697511
2.4322007640695174 0.11555486526066822 0.14308029383961393 0.14308029383961393 0.11841127766037014
2.6348841610753104 0.16878800543693112 0.1874845229622527 0.23188875208489151 0.18255071972640394
2.8375675580811035 0.2274742965580795 0.202285932669799 0.32563101356601787 0.21708734237734523
3.0402509550868966 0.2962878680054437 0.28616058767922786 0.33056481680186667 0.2713591779716816
3.2429343520926897 0.3606869839259959 0.35030002974526164 0.3749690459245054 0.3157634070943204
3.4456177490984827 0.37444969821546875 0.3552338329811104 0.42430707828299297 0.2762929812075303
3.648301146104276 0.3889914340684966 0.3552338329811104 0.46871130740563177 0.35030002974526164
3.850984543110069 0.37444969821546875 0.3009619973867741 0.404571865339598 0.38483665239620296
4.053667940115862 0.37341100279739525 0.4193732750471443 0.29602819415092535 0.39470425886790045
4.2563513371216555 0.38821241250494154 0.4292408815188417 0.2466901617924378 0.38483665239620296
4.4590347341274486 0.3721126335248035 0.444042291226388 0.2466901617924378 0.2713591779716816
4.661718131133242 0.3217359057482425 0.35030002974526164 0.222021145613194 0.33056481680186667
4.864401528139035 0.2622705930635391 0.34043242327356416 0.1332126873679164 0.28122678444337906
5.067084925144828 0.2004682156881705 0.21708734237734523 0.17268311325470645 0.1578817035471602
5.269768322150621 0.15840105125619688 0.1677493100188577 0.11347747442452137 0.1874845229622527
5.472451719156414 0.11088073587933782 0.11841127766037014 0.1776169164905552 0.10854367118867261
5.675135116162207 0.07348770082869462 0.049338032358487556 0.09374226148112635 0.05427183559433631
5.877818513168 0.06465878977507053 0.0444042291226388 0.08387465500942885 0.05920563883018507
6.080501910173793 0.04648161995878565 0.019735212943395024 0.09374226148112635 0.07400704853773134
