0.0 0.1537269218748665 0.16281550678300893 0.14801409707546268 0.1677493100188577
0.2026833970057931 0.13944485987635694 0.14308029383961393 0.13814649060376516 0.14801409707546268
0.4053667940115862 0.12178703776910876 0.14308029383961393 0.14801409707546268 0.1578817035471602
0.6080501910173793 0.12308540704170054 0.09867606471697511 0.14801409707546268 0.12827888413206764
0.8107335880231724 0.13139497038628792 0.10854367118867261 0.10854367118867261 0.15294790031131142
1.0134169850289656 0.1378868167492468 0.0888084582452776 0.10360986795282387 0.19735212943395022
1.2161003820347587 0.13399170893147147 0.11841127766037014 0.16281550678300893 0.1677493100188577
1.4187837790405518 0.14567703238479748 0.15294790031131142 0.05920563883018507 0.13814649060376516
1.6214671760463448 0.13866583831280188 0.23682255532074029 0.1332126873679164 0.0888084582452776
1.824150573052138 0.1397045337308753 0.1776169164905552 0.19735212943395022 0.06907324530188258
2.026833970057931 0.15658333427456841 0.25162396502828654 0.09374226148112635 0.11841127766037014
2.2295173670637243 0.15294790031131142 0.1332126873679164 0.11841127766037014 0.14801409707546268
2.4322007640695174 0.16567191918271085 0.17268311325470645 0.1233450808962189 0.1874845229622527
2.6348841610753104 0.16800898387337604 0.1332126873679164 0.10854367118867261 0.222021145613194
2.8375675580811035 0.1786556119086286 0.17268311325470645 0.13814649060376516 0.1874845229622527
3.0402509550868966 0.16567191918271085 0.17268311325470645 0.1332126873679164 0.1332126873679164
3.2429343520926897 0.13762714289472844 0.15294790031131142 0.1677493100188577 0.11841127766037014
3.4456177490984827 0.1274998625685126 0.11347747442452137 0.17268311325470645 0.12827888413206764
3.648301146104276 0.11347747442452137 0.07400704853773134 0.1874845229622527 0.12827888413206764
3.850984543110069 0.1274998625685126 0.09867606471697511 0.222021145613194 0.1233450808962189
4.053667940115862 0.13529007820406325 0.1233450808962189 0.1578817035471602 0.1332126873679164
4.2563513371216555 0.14048355529443035 0.14801409707546268 0.14308029383961393 0.13814649060376516
4.4590347341274486 0.16333485449204563 0.21215353914149648 0.1578817035471602 0.15294790031131142
4.661718131133242 0.18281039358092233 0.23188875208489151 0.23682255532074029 0.17268311325470645
4.864401528139035 0.20306495423335405 0.19241832619810148 0.21215353914149648 0.19241832619810148
5.067084925144828 0.22098245019512058 0.18255071972640394 0.20721973590564774 0.15294790031131142
5.269768322150621 0.23214842593940987 0.21215353914149648 0.1874845229622527 0.21215353914149648
5.472451719156414 0.225656579576451 0.1776169164905552 0.22695494884904274 0.28122678444337906
5.675135116162207 0.21215353914149648 0.23188875208489151 0.22695494884904274 0.21708734237734523
5.877818513168 0.1846281105625508 0.14801409707546268 0.202285932669799 0.1776169164905552
6.080501910173793 0.1742411563818166 0.1677493100188577 0.16281550678300893 0.19241832619810148
