0.0 0.249027226483103 0.19241832619810148 0.18255071972640394 0.29602819415092535
0.2026833970057931 0.27551395964397524 0.36016763621695913 0.18255071972640394 0.3206972103301691
0.4053667940115862 0.28304450142500753 0.25162396502828654 0.19241832619810148 0.32563101356601787
0.6080501910173793 0.29083471706055825 0.24175635855658903 0.23682255532074029 0.34043242327356416
0.8107335880231724 0.2653866793177594 0.20721973590564774 0.222021145613194 0.2565577682641353
1.0134169850289656 0.26097222379094737 0.28122678444337906 0.20721973590564774 0.3206972103301691
1.2161003820347587 0.25811581139124545 0.3354986200377154 0.1677493100188577 0.2664253747358328
1.4187837790405518 0.24071766313851561 0.3009619973867741 0.15294790031131142 0.202285932669799
1.6214671760463448 0.23214842593940987 0.23682255532074029 0.17268311325470645 0.2713591779716816
1.824150573052138 0.20773908361468443 0.202285932669799 0.1677493100188577 0.20721973590564774
2.026833970057931 0.21734701623186362 0.222021145613194 0.202285932669799 0.2466901617924378
2.2295173670637243 0.2248775580128959 0.20721973590564774 0.21708734237734523 0.2664253747358328
2.4322007640695174 0.19137963078002804 0.23188875208489151 0.10854367118867261 0.1677493100188577
2.6348841610753104 0.16437354991011907 0.14801409707546268 0.14308029383961393 0.1677493100188577
2.8375675580811035 0.14100290300346707 0.14308029383961393 0.18255071972640394 0.18255071972640394
3.0402509550868966 0.11815160380585177 0.11347747442452137 0.18255071972640394 0.0789408517735801
3.2429343520926897 0.09997443398956689 0.10854367118867261 0.1874845229622527 0.0888084582452776
3.4456177490984827 0.07192965770158449 0.03947042588679005 0.11347747442452137 0.05427183559433631
3.648301146104276 0.06621683290218067 0.03947042588679005 0.09867606471697511 0.024669016179243778
3.850984543110069 0.056089552575964804 0.07400704853773134 0.1233450808962189 0.004933803235848756
4.053667940115862 0.047779989231377426 0.05427183559433631 0.12827888413206764 0.019735212943395024
4.2563513371216555 0.03635433963256978 0.024669016179243778 0.09374226148112635 0.014801409707546268
4.4590347341274486 0.03375760108738622 0.014801409707546268 0.10854367118867261 0.019735212943395024
4.661718131133242 0.0303818409786476 0.004933803235848756 0.1233450808962189 0.009867606471697512
4.864401528139035 0.0444042291226388 0.014801409707546268 0.10854367118867261 0.004933803235848756
5.067084925144828 0.05401216173981795 0.03947042588679005 0.1233450808962189 0.024669016179243778
5.269768322150621 0.07556509166484146 0.0444042291226388 0.1233450808962189 0.03947042588679005
5.472451719156414 0.1191902992239252 0.14801409707546268 0.14308029383961393 0.0789408517735801
5.675135116162207 0.16281550678300893 0.20721973590564774 0.18255071972640394 0.1332126873679164
5.877818513168 0.19397636932521162 0.19241832619810148 0.21215353914149648 0.21708734237734523
6.080501910173793 0.22072277634060222 0.25162396502828654 0.14308029383961393 0.28122678444337906
