0.0 0.0037073739684935617 0.0 0.012254930618075942 0.0017507043740108488
0.5711986642890533 0.005561060952740343 0.0 0.021008452488130186 0.012254930618075942
1.1423973285781066 0.01802195679128815 0.0017507043740108488 0.06652676621241226 0.03151267873219527
1.7135959928671598 0.07198484455491666 0.06302535746439054 0.10679296681466177 0.09453803619658584
2.284794657156213 0.24520159497175475 0.2521014298575622 0.26085495172761647 0.27836199546772494
2.8559933214452666 0.5408646689591163 0.5882366696676452 0.3203789004439853 0.4411775022507339
3.4271919857343196 0.5417915124512397 0.612746530903797 0.4236704585106254 0.48144370285298344
3.998390650023373 0.2534402037906293 0.2048324117592693 0.3133760829479419 0.27486058671970326
4.569589314312426 0.0551986790864597 0.02801126998417358 0.1435577586688896 0.09803944494460753
5.140787978601479 0.011225104515716618 0.0 0.05777324434235801 0.02801126998417358
5.711986642890533 0.0037073739684935617 0.0 0.024509861236151884 0.008753521870054244
