0.0 0.0024715826456623746 0.0 0.010504226244065093 0.012254930618075942
0.5711986642890533 0.0037073739684935617 0.0 0.021008452488130186 0.012254930618075942
1.1423973285781066 0.01802195679128815 0.0017507043740108488 0.07703099245647733 0.03501408748021698
1.7135959928671598 0.07425046198010717 0.054271835594336314 0.14880987179092214 0.11904789743273772
2.284794657156213 0.25725056036935884 0.25735354297959473 0.3063732654518985 0.2556028386055839
2.8559933214452666 0.4948314421836546 0.5427183559433632 0.3483901704281589 0.3886563710304084
3.4271919857343196 0.5082191815143258 0.5689789215535258 0.3869056666563976 0.3851549622823867
3.998390650023373 0.26044302128667274 0.2363450904914646 0.266107064849649 0.28886622171179005
4.569589314312426 0.09350821009422651 0.07878169683048819 0.1260507149287811 0.11904789743273772
5.140787978601479 0.030379870019600023 0.007002817496043395 0.04376760935027122 0.10329155806664007
5.711986642890533 0.007620713157458988 0.0035014087480216977 0.015756339366097636 0.03151267873219527
