0.0 0.004016321799201359 0.0 0.0052521131220325465 0.012254930618075942
0.5711986642890533 0.008135626208638651 0.0 0.01400563499208679 0.02801126998417358
1.1423973285781066 0.010607208854301026 0.0 0.03326338310620613 0.02626056561016273
1.7135959928671598 0.051388322507730205 0.02626056561016273 0.12079860180674858 0.08578451432653159
2.284794657156213 0.2529252907394497 0.2486000211095405 0.27836199546772494 0.2871155173377792
2.8559933214452666 0.6126435482935612 0.647760618384014 0.48144370285298344 0.5234606078292438
3.4271919857343196 0.5646536519236167 0.6267521658958838 0.4411775022507339 0.4604352503648532
3.998390650023373 0.208333820507291 0.17331973302707404 0.26435636047563815 0.25385213423157305
4.569589314312426 0.03398426137785766 0.02801126998417358 0.09103662744856413 0.06127465309037971
5.140787978601479 0.003295443527549833 0.0 0.015756339366097636 0.010504226244065093
5.711986642890533 0.000720878271651526 0.0 0.0052521131220325465 0.0017507043740108488
