0.0 0.0027805304763701714 0.0 0.010504226244065093 0.0017507043740108488
0.5711986642890533 0.0017507043740108488 0.0 0.010504226244065093 0.0035014087480216977
1.1423973285781066 0.013181774110199333 0.010504226244065093 0.036764791854227825 0.036764791854227825
1.7135959928671598 0.07023414018090582 0.0717788793344448 0.11379578431070517 0.15406198491295467
2.284794657156213 0.2702263692590863 0.25385213423157305 0.2731098823456924 0.2906169260858009
2.8559933214452666 0.5722743650810757 0.6179986440258296 0.44642961537276643 0.49895074659309185
3.4271919857343196 0.5436451994354865 0.5357155384473197 0.45343243286880985 0.4499310241207881
3.998390650023373 0.22203050766866997 0.2118352292553127 0.27486058671970326 0.2188380467513561
4.569589314312426 0.04407655718097901 0.04201690497626037 0.10154085369262923 0.07352958370845565
5.140787978601479 0.007929660988166786 0.007002817496043395 0.024509861236151884 0.02275915686214103
5.711986642890533 0.002574565255898307 0.0 0.0052521131220325465 0.0
