0.0 0.004737200070852885 0.0052521131220325465 0.019257748114119334 0.0035014087480216977
0.5711986642890533 0.001441756543303052 0.0 0.01400563499208679 0.0035014087480216977
1.1423973285781066 0.00360439135825763 0.0 0.01400563499208679 0.021008452488130186
1.7135959928671598 0.03161566134243121 0.008753521870054244 0.09628874057059668 0.09103662744856413
2.284794657156213 0.18845817673175608 0.15756339366097638 0.2591042473536056 0.23809579486547544
2.8559933214452666 0.5551792517819109 0.6337549833919273 0.451681728494799 0.486695815975016
3.4271919857343196 0.5871038609550498 0.6179986440258296 0.4236704585106254 0.4411775022507339
3.998390650023373 0.2702263692590863 0.2591042473536056 0.2801126998417358 0.2906169260858009
4.569589314312426 0.07898766205096006 0.05952394871636886 0.1295521236768028 0.11729719305872688
5.140787978601479 0.021523365539309846 0.0052521131220325465 0.04726901809829292 0.04551831372428206
5.711986642890533 0.007826678377930853 0.0035014087480216977 0.015756339366097636 0.012254930618075942
