0.0 0.0 0.0 0.0 0.0
0.5711986642890533 0.00041193044094372914 0.0 0.0017507043740108488 0.0035014087480216977
1.1423973285781066 0.006693869665335598 0.0 0.03326338310620613 0.024509861236151884
1.7135959928671598 0.04407655718097901 0.019257748114119334 0.09979014931861838 0.09979014931861838
2.284794657156213 0.2224424381096137 0.20308170738525846 0.28886622171179005 0.2696084735976707
2.8559933214452666 0.5913261479747232 0.589987374041656 0.4604352503648532 0.4499310241207881
3.4271919857343196 0.6171747831439421 0.6407578008879706 0.486695815975016 0.5129563815851786
3.998390650023373 0.22923929038518523 0.2591042473536056 0.2818634042157466 0.26435636047563815
4.569589314312426 0.036661809243991886 0.03851549622823867 0.08053240120449905 0.10854367118867263
5.140787978601479 0.0026775478661342396 0.0 0.01750704374010849 0.01750704374010849
5.711986642890533 0.0 0.0 0.0 0.0
