0.0 0.007826678377930853 0.01750704374010849 0.01400563499208679 0.0
0.5711986642890533 0.00679685227557153 0.007002817496043395 0.012254930618075942 0.007002817496043395
1.1423973285781066 0.016065287196805438 0.0017507043740108488 0.02801126998417358 0.04726901809829292
1.7135959928671598 0.06673273143288411 0.04551831372428206 0.10504226244065092 0.12254930618075942
2.284794657156213 0.25385213423157305 0.2906169260858009 0.26435636047563815 0.2941183348338226
2.8559933214452666 0.6071854699510567 0.6775225927421985 0.40266200602249524 0.45693384161683154
3.4271919857343196 0.5392169471953414 0.5724803303015475 0.4621859547388641 0.4656873634868858
3.998390650023373 0.19793257687346183 0.1330535324248245 0.25735354297959473 0.27836199546772494
4.569589314312426 0.03583794836210444 0.0035014087480216977 0.12430001055477025 0.06302535746439054
5.140787978601479 0.008032643598402719 0.0 0.04551831372428206 0.012254930618075942
5.711986642890533 0.011225104515716618 0.0017507043740108488 0.03501408748021698 0.0035014087480216977
