0.0 0.005149130511796614 0.0035014087480216977 0.0035014087480216977 0.01750704374010849
0.5711986642890533 0.00679685227557153 0.0035014087480216977 0.01400563499208679 0.010504226244065093
1.1423973285781066 0.01534440892515391 0.010504226244065093 0.04026620060224952 0.02275915686214103
1.7135959928671598 0.05550762691716749 0.050770426846314616 0.11904789743273772 0.09628874057059668
2.284794657156213 0.2303720990977805 0.21358593362932354 0.27836199546772494 0.24684931673552965
2.8559933214452666 0.5423064255024194 0.5339648340733089 0.44642961537276643 0.47969299847897257
3.4271919857343196 0.5745399825062661 0.6740211839941768 0.3746507360383216 0.42892257163265796
3.998390650023373 0.24633440368435003 0.24159720361349715 0.29937044795585516 0.27486058671970326
4.569589314312426 0.05550762691716749 0.015756339366097636 0.11379578431070517 0.11204507993669433
5.140787978601479 0.01400563499208679 0.0017507043740108488 0.04551831372428206 0.04376760935027122
5.711986642890533 0.0048401826810888175 0.0017507043740108488 0.015756339366097636 0.01750704374010849
