0.0 0.0031924609173139004 0.0 0.015756339366097636 0.0
0.5711986642890533 0.007105800106279327 0.0 0.019257748114119334 0.008753521870054244
1.1423973285781066 0.012254930618075942 0.0017507043740108488 0.050770426846314616 0.01750704374010849
1.7135959928671598 0.06364325312580615 0.04376760935027122 0.14880987179092214 0.09803944494460753
2.284794657156213 0.27537549977088294 0.29236763045981173 0.31862819606997445 0.2521014298575622
2.8559933214452666 0.6012124785573727 0.6740211839941768 0.45693384161683154 0.4411775022507339
3.4271919857343196 0.5251083295930187 0.5374662428213306 0.37815214478634335 0.4656873634868858
3.998390650023373 0.20884873355847067 0.17331973302707404 0.243347907987508 0.3098746741999202
4.569589314312426 0.042119887586496305 0.02626056561016273 0.06302535746439054 0.12430001055477025
5.140787978601479 0.008444574039346446 0.0017507043740108488 0.03151267873219527 0.024509861236151884
5.711986642890533 0.003398426137785765 0.0 0.024509861236151884 0.008753521870054244
