0.0 0.002574565255898307 0.0 0.012254930618075942 0.008753521870054244
0.5711986642890533 0.006384921834627801 0.0 0.04026620060224952 0.019257748114119334
1.1423973285781066 0.030070922188892225 0.012254930618075942 0.08053240120449905 0.05777324434235801
1.7135959928671598 0.11019139295244754 0.0682774705864231 0.17156902865306317 0.1803225505231174
2.284794657156213 0.2903079782550931 0.2958690392078335 0.2731098823456924 0.29236763045981173
2.8559933214452666 0.46393665911287496 0.5147070859591895 0.33963664855810466 0.3869056666563976
3.4271919857343196 0.4648635026049983 0.5024521553411135 0.32738171794002874 0.35364228355019145
3.998390650023373 0.25529389077487613 0.27836199546772494 0.2556028386055839 0.26435636047563815
4.569589314312426 0.09196347094068752 0.06652676621241226 0.15406198491295467 0.1330535324248245
5.140787978601479 0.02708442649205019 0.012254930618075942 0.05252113122032546 0.04376760935027122
5.711986642890533 0.008032643598402719 0.0 0.04376760935027122 0.010504226244065093
