0.0 1.184059724956004 1.447832517306972 1.0504226244065091 1.053924033154531
0.5711986642890533 0.26027138360294616 0.14180705429487875 0.3116253785739311 0.32738171794002874
1.1423973285781066 0.01984131623878962 0.0017507043740108488 0.03326338310620613 0.024509861236151884
1.7135959928671598 0.0005835681246702829 0.0 0.0017507043740108488 0.0
2.284794657156213 0.0005835681246702829 0.0 0.0 0.0017507043740108488
2.8559933214452666 0.0 0.0 0.0 0.0
3.4271919857343196 0.0 0.0 0.0 0.0
3.998390650023373 0.0 0.0 0.0 0.0
4.569589314312426 0.0 0.0 0.0 0.0
5.140787978601479 0.012838498742746224 0.0 0.01750704374010849 0.021008452488130186
5.711986642890533 0.27252631422102214 0.15931409803498722 0.336135239810083 0.3221296048179962
