0.0 1.185810429330015 1.468840969795102 1.0364169894144224 1.05217332878052
0.5711986642890533 0.25093429360822167 0.1365549411728462 0.3063732654518985 0.3098746741999202
1.1423973285781066 0.00992065811939481 0.0 0.015756339366097636 0.01400563499208679
1.7135959928671598 0.0011671362493405658 0.0 0.0 0.0035014087480216977
2.284794657156213 0.0 0.0 0.0 0.0
2.8559933214452666 0.0005835681246702829 0.0 0.0 0.0017507043740108488
3.4271919857343196 0.0 0.0 0.0 0.0
3.998390650023373 0.0 0.0 0.0 0.0
4.569589314312426 0.0 0.0 0.0 0.0
5.140787978601479 0.015172771241427355 0.0 0.02801126998417358 0.01750704374010849
5.711986642890533 0.2871155173377792 0.14530846304290046 0.3641465097942565 0.35189157917618064
