0.0 0.8590122795146564 1.0574254419025526 0.7265423152145022 0.7930690814269145
0.5711986642890533 0.36823148666694855 0.32563101356601787 0.416667641014582 0.3623958054202457
1.1423973285781066 0.05718967621768772 0.019257748114119334 0.09103662744856413 0.06127465309037971
1.7135959928671598 0.007586385620713678 0.0 0.019257748114119334 0.0035014087480216977
2.284794657156213 0.0011671362493405658 0.0 0.0017507043740108488 0.0017507043740108488
2.8559933214452666 0.0011671362493405658 0.0 0.0035014087480216977 0.0
3.4271919857343196 0.0 0.0 0.0 0.0
3.998390650023373 0.0 0.0 0.0 0.0
4.569589314312426 0.008753521870054244 0.0 0.015756339366097636 0.010504226244065093
5.140787978601479 0.054271835594336314 0.015756339366097636 0.06127465309037971 0.08578451432653159
5.711986642890533 0.39332491602777064 0.33263383106206124 0.4149169366405711 0.43242398038067964
