0.0 0.8566780070159753 1.0504226244065091 0.7843155595568603 0.7352958370845565
0.5711986642890533 0.39157421165375983 0.33263383106206124 0.3956591885264518 0.44642961537276643
1.1423973285781066 0.06244178933972027 0.015756339366097636 0.07528028808246649 0.09628874057059668
1.7135959928671598 0.006419249371373112 0.0 0.0052521131220325465 0.01400563499208679
2.284794657156213 0.0005835681246702829 0.0 0.0 0.0017507043740108488
2.8559933214452666 0.0005835681246702829 0.0 0.0017507043740108488 0.0
3.4271919857343196 0.0005835681246702829 0.0 0.0017507043740108488 0.0
3.998390650023373 0.0011671362493405658 0.0 0.0035014087480216977 0.0
4.569589314312426 0.006419249371373112 0.0 0.01400563499208679 0.0052521131220325465
5.140787978601479 0.05602253996834716 0.007002817496043395 0.07878169683048819 0.08228310557850989
5.711986642890533 0.36823148666694855 0.3448887616801372 0.39040707540441927 0.36939862291628905
