0.0 1.1770569074599606 1.4775944916651562 1.0259127631703573 1.027663467544368
0.5711986642890533 0.2912004942104712 0.13480423679883535 0.3641465097942565 0.3746507360383216
1.1423973285781066 0.015756339366097636 0.0017507043740108488 0.01750704374010849 0.02801126998417358
1.7135959928671598 0.0005835681246702829 0.0 0.0 0.0017507043740108488
2.284794657156213 0.0 0.0 0.0 0.0
2.8559933214452666 0.0 0.0 0.0 0.0
3.4271919857343196 0.0 0.0 0.0 0.0
3.998390650023373 0.0005835681246702829 0.0 0.0 0.0017507043740108488
4.569589314312426 0.0017507043740108488 0.0 0.0 0.0052521131220325465
5.140787978601479 0.009337089994724527 0.0035014087480216977 0.01400563499208679 0.010504226244065093
5.711986642890533 0.25443570235624335 0.1330535324248245 0.32913242231403955 0.30112115232986597
