0.0 1.198648928072761 1.4775944916651562 1.0836860075127153 1.0346662850404116
0.5711986642890533 0.2626056561016273 0.1295521236768028 0.336135239810083 0.3221296048179962
1.1423973285781066 0.012254930618075942 0.0017507043740108488 0.015756339366097636 0.019257748114119334
1.7135959928671598 0.0005835681246702829 0.0 0.0 0.0017507043740108488
2.284794657156213 0.0 0.0 0.0 0.0
2.8559933214452666 0.0 0.0 0.0 0.0
3.4271919857343196 0.0 0.0 0.0 0.0
3.998390650023373 0.0 0.0 0.0 0.0
4.569589314312426 0.0 0.0 0.0 0.0
5.140787978601479 0.013422066867416507 0.0017507043740108488 0.01750704374010849 0.021008452488130186
5.711986642890533 0.2631892242262976 0.1400563499208679 0.2976197435818443 0.35189157917618064
