0.0 1.1151986862449106 1.4215719516968093 0.9716409275760212 0.9523831794619018
0.5711986642890533 0.3104582423245905 0.16456621115701978 0.35014087480216977 0.416667641014582
1.1423973285781066 0.019257748114119334 0.0017507043740108488 0.02801126998417358 0.02801126998417358
1.7135959928671598 0.0011671362493405658 0.0 0.0017507043740108488 0.0017507043740108488
2.284794657156213 0.0 0.0 0.0 0.0
2.8559933214452666 0.0 0.0 0.0 0.0
3.4271919857343196 0.0 0.0 0.0 0.0
3.998390650023373 0.0005835681246702829 0.0 0.0017507043740108488 0.0
4.569589314312426 0.0035014087480216977 0.0 0.010504226244065093 0.0
5.140787978601479 0.016923475615438204 0.0017507043740108488 0.03851549622823867 0.010504226244065093
5.711986642890533 0.2836141085897575 0.1610648024089981 0.3483901704281589 0.34138735293211553
