0.0 1.1753062030859498 1.4618381522990587 1.0189099456743138 1.0451705112844767
0.5711986642890533 0.2789455635923952 0.14530846304290046 0.3221296048179962 0.36939862291628905
1.1423973285781066 0.00992065811939481 0.0 0.012254930618075942 0.01750704374010849
1.7135959928671598 0.0 0.0 0.0 0.0
2.284794657156213 0.0 0.0 0.0 0.0
2.8559933214452666 0.0 0.0 0.0 0.0
3.4271919857343196 0.0 0.0 0.0 0.0
3.998390650023373 0.0 0.0 0.0 0.0
4.569589314312426 0.0 0.0 0.0 0.0
5.140787978601479 0.016923475615438204 0.0017507043740108488 0.02626056561016273 0.02275915686214103
5.711986642890533 0.2696084735976707 0.14180705429487875 0.3711493272902999 0.2958690392078335
