0.0 1.1887282699533663 1.470591674169113 1.0469212156584875 1.0486719200324983
0.5711986642890533 0.2771948592183844 0.14180705429487875 0.35889439667222395 0.3308831266880504
1.1423973285781066 0.008753521870054244 0.0 0.01400563499208679 0.012254930618075942
1.7135959928671598 0.0 0.0 0.0 0.0
2.284794657156213 0.0 0.0 0.0 0.0
2.8559933214452666 0.0 0.0 0.0 0.0
3.4271919857343196 0.0 0.0 0.0 0.0
3.998390650023373 0.0011671362493405658 0.0 0.0 0.0035014087480216977
4.569589314312426 0.0 0.0 0.0 0.0
5.140787978601479 0.009337089994724527 0.0017507043740108488 0.01400563499208679 0.012254930618075942
5.711986642890533 0.2655234967249787 0.1365549411728462 0.31687749169596363 0.34313805730612634
