0.0 1.1035273237515049 1.4145691342007658 0.9366268400958041 0.9593859969579451
0.5711986642890533 0.3040389929532174 0.1680676199050415 0.3869056666563976 0.35714369229821313
1.1423973285781066 0.018674179989449053 0.0052521131220325465 0.03326338310620613 0.01750704374010849
1.7135959928671598 0.0017507043740108488 0.0 0.0035014087480216977 0.0017507043740108488
2.284794657156213 0.0011671362493405658 0.0 0.0035014087480216977 0.0
2.8559933214452666 0.0 0.0 0.0 0.0
3.4271919857343196 0.0 0.0 0.0 0.0
3.998390650023373 0.0 0.0 0.0 0.0
4.569589314312426 0.0 0.0 0.0 0.0
5.140787978601479 0.021008452488130186 0.0 0.01750704374010849 0.04551831372428206
5.711986642890533 0.3005375842051957 0.16281550678300893 0.36939862291628905 0.36939862291628905
