0.0 0.1856668059806242 0.19257748114119336 0.20133100301124762 0.15931409803498722
0.5711986642890533 0.16465835349249405 0.15581268928696554 0.15231128053894383 0.15756339366097638
1.1423973285781066 0.1557205469514913 0.17156902865306317 0.13480423679883535 0.15056057616493299
1.7135959928671598 0.14116205794655895 0.11729719305872688 0.13130282805081364 0.16281550678300893
2.284794657156213 0.1449398937010034 0.13130282805081364 0.14530846304290046 0.16281550678300893
2.8559933214452666 0.15065271850040723 0.1260507149287811 0.15581268928696554 0.17156902865306317
3.4271919857343196 0.1490862987973449 0.1610648024089981 0.1470591674169113 0.15056057616493299
3.998390650023373 0.15203485353252108 0.15581268928696554 0.14880987179092214 0.1330535324248245
4.569589314312426 0.164289784150597 0.14880987179092214 0.19958029863723675 0.17682114177509572
5.140787978601479 0.164289784150597 0.19607888988921507 0.15756339366097638 0.17857184614910657
5.711986642890533 0.17820327680720954 0.1943281855152042 0.17682114177509572 0.1470591674169113
