0.0 0.18299467825187082 0.16456621115701978 0.20658311613328015 0.1470591674169113
0.5711986642890533 0.1875096526901093 0.15581268928696554 0.19082677676718252 0.18557466364514996
1.1423973285781066 0.17783470746531252 0.19607888988921507 0.16631691553103062 0.18382395927113912
1.7135959928671598 0.15599697395791406 0.17331973302707404 0.14880987179092214 0.16456621115701978
2.284794657156213 0.1569183973126566 0.1365549411728462 0.13480423679883535 0.17507043740108488
2.8559933214452666 0.15949838270593572 0.16631691553103062 0.12254930618075942 0.17682114177509572
3.4271919857343196 0.15820839000929618 0.1873253680191608 0.1295521236768028 0.15931409803498722
3.998390650023373 0.14180705429487875 0.1435577586688896 0.13480423679883535 0.13480423679883535
4.569589314312426 0.13461995212788685 0.13130282805081364 0.15581268928696554 0.13480423679883535
5.140787978601479 0.13756850686306302 0.15581268928696554 0.1873253680191608 0.1260507149287811
5.711986642890533 0.15774767833192488 0.1400563499208679 0.17331973302707404 0.16281550678300893
