0.0 0.19893530228891695 0.18382395927113912 0.16981832427905233 0.1943281855152042
0.5711986642890533 0.1856668059806242 0.1978295942632259 0.14880987179092214 0.19082677676718252
1.1423973285781066 0.1667776272084019 0.18207325489712825 0.19607888988921507 0.15056057616493299
1.7135959928671598 0.1534169885646349 0.1435577586688896 0.1470591674169113 0.14530846304290046
2.284794657156213 0.14715130975238555 0.15406198491295467 0.15056057616493299 0.1400563499208679
2.8559933214452666 0.1448477513655292 0.1435577586688896 0.16456621115701978 0.12079860180674858
3.4271919857343196 0.14097777327561045 0.1260507149287811 0.1435577586688896 0.13130282805081364
3.998390650023373 0.1385820725532798 0.1435577586688896 0.14180705429487875 0.13830564554685706
4.569589314312426 0.1443870396881579 0.14880987179092214 0.15406198491295467 0.17857184614910657
5.140787978601479 0.16060409073162682 0.14880987179092214 0.1803225505231174 0.1978295942632259
5.711986642890533 0.16935761260168106 0.17857184614910657 0.15406198491295467 0.16281550678300893
