0.0 0.17967755417479764 0.15581268928696554 0.15931409803498722 0.1470591674169113
0.5711986642890533 0.17350401769802254 0.17156902865306317 0.15756339366097638 0.16456621115701978
1.1423973285781066 0.16419764181512275 0.20658311613328015 0.14880987179092214 0.1365549411728462
1.7135959928671598 0.15148199951967556 0.15756339366097638 0.15581268928696554 0.16281550678300893
2.284794657156213 0.14337347399794106 0.15231128053894383 0.18557466364514996 0.1943281855152042
2.8559933214452666 0.15120557251325278 0.1435577586688896 0.1365549411728462 0.15931409803498722
3.4271919857343196 0.15019200682303596 0.1435577586688896 0.14880987179092214 0.1470591674169113
3.998390650023373 0.1448477513655292 0.13830564554685706 0.1470591674169113 0.15231128053894383
4.569589314312426 0.1557205469514913 0.12254930618075942 0.16981832427905233 0.16631691553103062
5.140787978601479 0.16548763451176232 0.16631691553103062 0.15756339366097638 0.18557466364514996
5.711986642890533 0.17101617464021765 0.19257748114119336 0.18382395927113912 0.13480423679883535
