0.0 0.15701053964813083 0.16631691553103062 0.14530846304290046 0.17156902865306317
0.5711986642890533 0.15433841191937744 0.11554648868471602 0.13830564554685706 0.16981832427905233
1.1423973285781066 0.154891265932223 0.1330535324248245 0.18907607239317167 0.18207325489712825
1.7135959928671598 0.1517584265260983 0.1260507149287811 0.17331973302707404 0.1680676199050415
2.284794657156213 0.15369341557105767 0.1400563499208679 0.1680676199050415 0.15406198491295467
2.8559933214452666 0.17488615273013636 0.17857184614910657 0.15406198491295467 0.14880987179092214
3.4271919857343196 0.17718971111699275 0.1943281855152042 0.15931409803498722 0.1435577586688896
3.998390650023373 0.168620473917887 0.17857184614910657 0.16456621115701978 0.15756339366097638
4.569589314312426 0.15185056886157255 0.18207325489712825 0.17331973302707404 0.12780141930279196
5.140787978601479 0.1532327038936864 0.1873253680191608 0.1470591674169113 0.1435577586688896
5.711986642890533 0.1532327038936864 0.14880987179092214 0.13830564554685706 0.18382395927113912
