0.0 0.15092914550683 0.14880987179092214 0.1330535324248245 0.1365549411728462
0.5711986642890533 0.15654982797075956 0.17156902865306317 0.15406198491295467 0.1803225505231174
1.1423973285781066 0.15000772215208746 0.15756339366097638 0.13480423679883535 0.18907607239317167
1.7135959928671598 0.15839267468024468 0.19082677676718252 0.1330535324248245 0.15406198491295467
2.284794657156213 0.17304330602065127 0.19082677676718252 0.15931409803498722 0.20658311613328015
2.8559933214452666 0.17737399578794125 0.15931409803498722 0.16631691553103062 0.14180705429487875
3.4271919857343196 0.18483752496135591 0.19607888988921507 0.21358593362932354 0.15406198491295467
3.998390650023373 0.1632762184603802 0.14880987179092214 0.18382395927113912 0.14530846304290046
4.569589314312426 0.14153062728845597 0.12430001055477025 0.1610648024089981 0.14880987179092214
5.140787978601479 0.14669059807501428 0.12079860180674858 0.17682114177509572 0.15231128053894383
5.711986642890533 0.14807273310712812 0.14180705429487875 0.13480423679883535 0.14180705429487875
