0.0 0.1604198060606783 0.17156902865306317 0.17156902865306317 0.15931409803498722
0.5711986642890533 0.16465835349249405 0.16981832427905233 0.15056057616493299 0.15581268928696554
1.1423973285781066 0.15802410533834765 0.20308170738525846 0.15581268928696554 0.15756339366097638
1.7135959928671598 0.15774767833192488 0.17682114177509572 0.14530846304290046 0.15406198491295467
2.284794657156213 0.15599697395791406 0.208333820507291 0.16456621115701978 0.16981832427905233
2.8559933214452666 0.17553114907845616 0.15756339366097638 0.15581268928696554 0.1610648024089981
3.4271919857343196 0.1657640615181851 0.14530846304290046 0.17331973302707404 0.13830564554685706
3.998390650023373 0.15286413455178938 0.14180705429487875 0.13830564554685706 0.15756339366097638
4.569589314312426 0.14512417837195193 0.11904789743273772 0.15756339366097638 0.14530846304290046
5.140787978601479 0.15028414915851024 0.11029437556268347 0.1978295942632259 0.15756339366097638
5.711986642890533 0.164289784150597 0.1470591674169113 0.1400563499208679 0.1943281855152042
