0.0 0.18198111256165403 0.17682114177509572 0.18557466364514996 0.15581268928696554
0.5711986642890533 0.17055546296284638 0.1610648024089981 0.21533663800333439 0.1680676199050415
1.1423973285781066 0.16917332793073253 0.18382395927113912 0.15931409803498722 0.15581268928696554
1.7135959928671598 0.16023552138972977 0.15406198491295467 0.15756339366097638 0.1610648024089981
2.284794657156213 0.15406198491295467 0.14180705429487875 0.1680676199050415 0.17857184614910657
2.8559933214452666 0.16908118559525828 0.1610648024089981 0.17156902865306317 0.16981832427905233
3.4271919857343196 0.15019200682303596 0.17156902865306317 0.11554648868471602 0.14530846304290046
3.998390650023373 0.14116205794655895 0.1435577586688896 0.11904789743273772 0.17857184614910657
4.569589314312426 0.1394113535725481 0.1260507149287811 0.14530846304290046 0.1470591674169113
5.140787978601479 0.1445713243591064 0.14530846304290046 0.15056057616493299 0.14880987179092214
5.711986642890533 0.1702790359564236 0.18557466364514996 0.16281550678300893 0.14180705429487875
