0.0 0.16834404691146426 0.1470591674169113 0.16981832427905233 0.12254930618075942
0.5711986642890533 0.1534169885646349 0.17331973302707404 0.15406198491295467 0.11554648868471602
1.1423973285781066 0.13766064919853727 0.13480423679883535 0.1610648024089981 0.1435577586688896
1.7135959928671598 0.13590994482452642 0.1435577586688896 0.17156902865306317 0.16981832427905233
2.284794657156213 0.14217562363677577 0.15756339366097638 0.1365549411728462 0.12079860180674858
2.8559933214452666 0.16097266007352382 0.15931409803498722 0.12430001055477025 0.18557466364514996
3.4271919857343196 0.17202974033043444 0.15056057616493299 0.15756339366097638 0.21708734237734525
3.998390650023373 0.17166117098853742 0.17331973302707404 0.17857184614910657 0.1680676199050415
4.569589314312426 0.167883335234093 0.15581268928696554 0.1803225505231174 0.16281550678300893
5.140787978601479 0.1694497549371553 0.17682114177509572 0.13830564554685706 0.1803225505231174
5.711986642890533 0.17120045931116615 0.17857184614910657 0.17857184614910657 0.16456621115701978
