0.0 0.13383162325771822 0.11729719305872688 0.12430001055477025 0.12430001055477025
0.5711986642890533 0.13499875950705878 0.11729719305872688 0.1400563499208679 0.14880987179092214
1.1423973285781066 0.14239062241954903 0.1330535324248245 0.1260507149287811 0.18907607239317167
1.7135959928671598 0.14414132679355987 0.1400563499208679 0.1435577586688896 0.16631691553103062
2.284794657156213 0.1824623003135751 0.17331973302707404 0.17156902865306317 0.18907607239317167
2.8559933214452666 0.1999693440536836 0.2293422729954212 0.20308170738525846 0.1873253680191608
3.4271919857343196 0.20269266196881158 0.20658311613328015 0.1978295942632259 0.15756339366097638
3.998390650023373 0.18460205010403283 0.20658311613328015 0.18382395927113912 0.13130282805081364
4.569589314312426 0.15503459845407183 0.15931409803498722 0.17331973302707404 0.15231128053894383
5.140787978601479 0.13830564554685706 0.14180705429487875 0.1435577586688896 0.15756339366097638
5.711986642890533 0.1322754415919308 0.1260507149287811 0.1435577586688896 0.1470591674169113
