0.0 0.14161253158665532 0.1330535324248245 0.15581268928696554 0.14880987179092214
0.5711986642890533 0.14628107658401757 0.14530846304290046 0.14880987179092214 0.15756339366097638
1.1423973285781066 0.1527003259553907 0.13480423679883535 0.13830564554685706 0.14180705429487875
1.7135959928671598 0.15639625741163582 0.16981832427905233 0.14530846304290046 0.1680676199050415
2.284794657156213 0.1857691863533734 0.21358593362932354 0.18382395927113912 0.1680676199050415
2.8559933214452666 0.18479657281225625 0.21533663800333439 0.18382395927113912 0.15581268928696554
3.4271919857343196 0.16009218886788093 0.11729719305872688 0.18382395927113912 0.17682114177509572
3.998390650023373 0.16067575699255124 0.1365549411728462 0.14530846304290046 0.16456621115701978
4.569589314312426 0.15542364387051869 0.1470591674169113 0.1680676199050415 0.1610648024089981
5.140787978601479 0.15503459845407183 0.17682114177509572 0.1610648024089981 0.15231128053894383
5.711986642890533 0.15192223512249697 0.1610648024089981 0.1365549411728462 0.15581268928696554
