0.0 0.16845666532148834 0.16281550678300893 0.1943281855152042 0.15756339366097638
0.5711986642890533 0.1632045521994558 0.12780141930279196 0.15231128053894383 0.14180705429487875
1.1423973285781066 0.1583414844938701 0.20133100301124762 0.15056057616493299 0.13830564554685706
1.7135959928671598 0.15950862074321068 0.17857184614910657 0.16981832427905233 0.14880987179092214
2.284794657156213 0.14842082637447526 0.13830564554685706 0.1470591674169113 0.15931409803498722
2.8559933214452666 0.14102896346198504 0.11204507993669433 0.1610648024089981 0.15406198491295467
3.4271919857343196 0.14414132679355987 0.1610648024089981 0.15756339366097638 0.1470591674169113
3.998390650023373 0.15367293949650782 0.15406198491295467 0.11904789743273772 0.18557466364514996
4.569589314312426 0.16690048365570093 0.18557466364514996 0.15231128053894383 0.19607888988921507
5.140787978601479 0.16845666532148834 0.14880987179092214 0.15406198491295467 0.15756339366097638
5.711986642890533 0.17857184614910657 0.1803225505231174 0.19257748114119336 0.16456621115701978
