0.0 0.1999693440536836 0.18207325489712825 0.1803225505231174 0.15056057616493299
0.5711986642890533 0.1807115959395643 0.21008452488130183 0.15756339366097638 0.21533663800333439
1.1423973285781066 0.16359359761590264 0.1400563499208679 0.15231128053894383 0.18907607239317167
1.7135959928671598 0.1408344407537616 0.16631691553103062 0.13130282805081364 0.16281550678300893
2.284794657156213 0.1443358495017833 0.12430001055477025 0.12430001055477025 0.15231128053894383
2.8559933214452666 0.11613005680938629 0.11729719305872688 0.10854367118867263 0.13480423679883535
3.4271919857343196 0.11710267035050344 0.1400563499208679 0.12780141930279196 0.1435577586688896
3.998390650023373 0.1456975084593473 0.1400563499208679 0.16981832427905233 0.10854367118867263
4.569589314312426 0.15814696178564666 0.13830564554685706 0.17156902865306317 0.1400563499208679
5.140787978601479 0.17429234656819115 0.18382395927113912 0.20133100301124762 0.16281550678300893
5.711986642890533 0.20989000217307843 0.208333820507291 0.2258408642473995 0.19082677676718252
