0.0 0.16748405178037118 0.1873253680191608 0.17331973302707404 0.15056057616493299
0.5711986642890533 0.1507550988731564 0.12254930618075942 0.1680676199050415 0.14880987179092214
1.1423973285781066 0.15153318970605012 0.1610648024089981 0.17682114177509572 0.13480423679883535
1.7135959928671598 0.12780141930279196 0.10679296681466177 0.12780141930279196 0.14530846304290046
2.284794657156213 0.1322754415919308 0.11729719305872688 0.15056057616493299 0.11379578431070517
2.8559933214452666 0.13597137304817591 0.14530846304290046 0.14530846304290046 0.13130282805081364
3.4271919857343196 0.15406198491295467 0.17331973302707404 0.15406198491295467 0.16456621115701978
3.998390650023373 0.1781828007326597 0.17331973302707404 0.1610648024089981 0.18557466364514996
4.569589314312426 0.17701566448331915 0.17331973302707404 0.15931409803498722 0.1873253680191608
5.140787978601479 0.1793499369820003 0.17507043740108488 0.17857184614910657 0.20133100301124762
5.711986642890533 0.19627341259743847 0.21533663800333439 0.15581268928696554 0.1873253680191608
