0.0 0.16242646136656208 0.17331973302707404 0.18557466364514996 0.1435577586688896
0.5711986642890533 0.14842082637447526 0.16456621115701978 0.15931409803498722 0.12254930618075942
1.1423973285781066 0.16203741595011523 0.15756339366097638 0.1680676199050415 0.12430001055477025
1.7135959928671598 0.17059641511194604 0.16631691553103062 0.15756339366097638 0.16631691553103062
2.284794657156213 0.17409782385996775 0.20308170738525846 0.15056057616493299 0.16631691553103062
2.8559933214452666 0.1717635513612866 0.17331973302707404 0.16456621115701978 0.17857184614910657
3.4271919857343196 0.15989766615965753 0.1680676199050415 0.13830564554685706 0.1803225505231174
3.998390650023373 0.1583414844938701 0.1680676199050415 0.17156902865306317 0.1680676199050415
4.569589314312426 0.14861534908269872 0.13480423679883535 0.1365549411728462 0.1803225505231174
5.140787978601479 0.14628107658401757 0.11904789743273772 0.1330535324248245 0.17156902865306317
5.711986642890533 0.14822630366625186 0.12254930618075942 0.18557466364514996 0.14880987179092214
