0.0 0.18012802781489398 0.18382395927113912 0.1610648024089981 0.15406198491295467
0.5711986642890533 0.19860768509611962 0.2188380467513561 0.2118352292553127 0.17507043740108488
1.1423973285781066 0.19977482134546018 0.17507043740108488 0.21358593362932354 0.17156902865306317
1.7135959928671598 0.18596370906159682 0.21008452488130183 0.15756339366097638 0.1978295942632259
2.284794657156213 0.15192223512249697 0.14530846304290046 0.1470591674169113 0.1260507149287811
2.8559933214452666 0.12721785117812168 0.11204507993669433 0.15231128053894383 0.14880987179092214
3.4271919857343196 0.11399030701892858 0.08403380995252074 0.15756339366097638 0.14180705429487875
3.998390650023373 0.11574101139293944 0.11379578431070517 0.10679296681466177 0.1330535324248245
4.569589314312426 0.15036605345670956 0.15056057616493299 0.13480423679883535 0.15231128053894383
5.140787978601479 0.16048123428432778 0.17507043740108488 0.14180705429487875 0.16981832427905233
5.711986642890533 0.16651143823925404 0.18207325489712825 0.16631691553103062 0.1803225505231174
