0.0 0.1429741905442193 0.1295521236768028 0.15931409803498722 0.14180705429487875
0.5711986642890533 0.14102896346198504 0.12780141930279196 0.1295521236768028 0.18907607239317167
1.1423973285781066 0.15172771241427357 0.14880987179092214 0.1330535324248245 0.1803225505231174
1.7135959928671598 0.16553882469813694 0.16456621115701978 0.1435577586688896 0.16281550678300893
2.284794657156213 0.17993350510667055 0.18907607239317167 0.16456621115701978 0.18907607239317167
2.8559933214452666 0.16009218886788093 0.1680676199050415 0.16281550678300893 0.12254930618075942
3.4271919857343196 0.16242646136656208 0.15931409803498722 0.18207325489712825 0.16281550678300893
3.998390650023373 0.15347841678828442 0.15056057616493299 0.17507043740108488 0.16631691553103062
4.569589314312426 0.1583414844938701 0.17156902865306317 0.17331973302707404 0.12430001055477025
5.140787978601479 0.17079093782016946 0.17156902865306317 0.16281550678300893 0.1470591674169113
5.711986642890533 0.16437168844879635 0.16981832427905233 0.16456621115701978 0.16456621115701978
