0.0 0.10387512619131035 0.11554648868471602 0.09979014931861838 0.11379578431070517
0.5711986642890533 0.11165603452024747 0.12430001055477025 0.1260507149287811 0.1295521236768028
1.1423973285781066 0.12468905597121713 0.11729719305872688 0.1260507149287811 0.1295521236768028
1.7135959928671598 0.16048123428432778 0.16281550678300893 0.15931409803498722 0.1680676199050415
2.284794657156213 0.22175588737470753 0.2188380467513561 0.21358593362932354 0.19607888988921507
2.8559933214452666 0.23731770403258173 0.2696084735976707 0.19607888988921507 0.21533663800333439
3.4271919857343196 0.22019970570892006 0.22233945549937778 0.17857184614910657 0.20133100301124762
3.998390650023373 0.20074743488657731 0.1943281855152042 0.208333820507291 0.2258408642473995
4.569589314312426 0.15172771241427357 0.14180705429487875 0.1803225505231174 0.1435577586688896
5.140787978601479 0.11574101139293944 0.10679296681466177 0.12780141930279196 0.11029437556268347
5.711986642890533 0.10251346723374637 0.07703099245647733 0.13480423679883535 0.11729719305872688
