0.0 0.1528948486636141 0.13830564554685706 0.14180705429487875 0.15581268928696554
0.5711986642890533 0.15367293949650782 0.17682114177509572 0.17156902865306317 0.15406198491295467
1.1423973285781066 0.14530846304290046 0.1365549411728462 0.15756339366097638 0.13130282805081364
1.7135959928671598 0.14764273554158158 0.1435577586688896 0.19257748114119336 0.12430001055477025
2.284794657156213 0.16028671157610438 0.1610648024089981 0.14180705429487875 0.16281550678300893
2.8559933214452666 0.16378812032412607 0.1400563499208679 0.1680676199050415 0.1680676199050415
3.4271919857343196 0.16339907490767921 0.1873253680191608 0.13130282805081364 0.17857184614910657
3.998390650023373 0.17896089156555345 0.1978295942632259 0.15756339366097638 0.17331973302707404
4.569589314312426 0.17079093782016946 0.1610648024089981 0.13480423679883535 0.18907607239317167
5.140787978601479 0.16203741595011523 0.16281550678300893 0.19082677676718252 0.15581268928696554
5.711986642890533 0.15192223512249697 0.14530846304290046 0.16281550678300893 0.15756339366097638
