0.0 0.16046750326962966 0.1680676199050415 0.14548353348030152 0.18014748008571635
0.5711986642890533 0.15568911015468243 0.14495832216809829 0.14320761779408742 0.17612086002549138
1.1423973285781066 0.15957155456057706 0.15913902759758614 0.15248635097634491 0.16159001372120133
1.7135959928671598 0.16437054419757152 0.15843874584798182 0.17069367646605776 0.15773846409837747
2.284794657156213 0.161826873724744 0.17191916952786535 0.1864500158321554 0.13988127948346682
2.8559933214452666 0.16098241632080934 0.16141494328380027 0.1769962122124968 0.14075663167047223
3.4271919857343196 0.1575530953999528 0.13935606817126356 0.16841776077984363 0.16159001372120133
3.998390650023373 0.14687379871848663 0.15686311191137203 0.15441212578775687 0.14986029441532864
4.569589314312426 0.1486965909196626 0.1425073360444831 0.1514359283519384 0.14880987179092214
5.140787978601479 0.1652561946456005 0.1689429720920469 0.15248635097634491 0.16351578853261325
5.711986642890533 0.1694166920991322 0.17909705746130983 0.14863480135352106 0.17069367646605776
