0.0 0.1804873226994949 0.18767550889396298 0.17752142352470007 0.1817231140223261
0.5711986642890533 0.16764539120307417 0.16614184509362953 0.1656166337814263 0.17296959215227184
1.1423973285781066 0.15928320325191647 0.16229029547080567 0.14880987179092214 0.16859283121724472
1.7135959928671598 0.14327970562125258 0.1285017010523963 0.14670902654210913 0.1516109987893395
2.284794657156213 0.12961391324294436 0.11362071387330408 0.1425073360444831 0.13935606817126356
2.8559933214452666 0.13026270368743076 0.11834761568313336 0.14408296998109285 0.13865578642165924
3.4271919857343196 0.13601943159961938 0.13340367329962668 0.14513339260549937 0.15038550572753193
3.998390650023373 0.15658505886373503 0.1586138162853829 0.14653395610470804 0.15476226666255904
4.569589314312426 0.1735051017254987 0.18609987495735322 0.16596677465622844 0.15371184403815252
5.140787978601479 0.18593510278097572 0.19730438295102265 0.18154804358492502 0.16334071809521217
5.711986642890533 0.1880874393349067 0.19870494645023135 0.18627494539475428 0.17559564871328812
