0.0 0.13130282805081364 0.1342790254866321 0.12412494011736919 0.14688409697951021
0.5711986642890533 0.14227047604094045 0.13462916636143427 0.1356795889858408 0.15423705535035576
1.1423973285781066 0.15698669104365515 0.15651297103656986 0.16631691553103062 0.169118042529448
1.7135959928671598 0.18545108451286685 0.1804976209605185 0.17559564871328812 0.18522452277034782
2.284794657156213 0.21040377097303326 0.22794170949621254 0.19240241070379227 0.17979733921091418
2.8559933214452666 0.20307140912423485 0.21060973619350512 0.19695424207622048 0.17559564871328812
3.4271919857343196 0.18273234360263824 0.189776354142776 0.18084776183532067 0.16614184509362953
3.998390650023373 0.15856232498026493 0.1594891684723883 0.17577071915068923 0.15003536485272972
4.569589314312426 0.13673001161024728 0.1332286028622256 0.14478325173069717 0.14110677254527443
5.140787978601479 0.12101486528824403 0.1066178963772607 0.12745127842798978 0.13865578642165924
5.711986642890533 0.12217856878391006 0.11712212262132578 0.1307776167386104 0.14390789954369176
