0.0 0.18803594802978874 0.19047663589238034 0.17296959215227184 0.17296959215227184
0.5711986642890533 0.18286622099594493 0.19362790376559988 0.17962226877351306 0.16946818340425016
1.1423973285781066 0.1706215886388926 0.18294860708413369 0.17016846515385448 0.15528747797476228
1.7135959928671598 0.13960322643582979 0.13900592729646138 0.1528364918511471 0.13550451854843967
2.284794657156213 0.1208706896339137 0.10486719200324984 0.13813057510945595 0.14653395610470804
2.8559933214452666 0.12571087231500253 0.11799747480833121 0.1309526871760115 0.14408296998109285
3.4271919857343196 0.14670902654210913 0.13865578642165924 0.13252832111262125 0.16001437978459157
3.998390650023373 0.16351578853261325 0.16264043634560785 0.16246536590820676 0.16334071809521217
4.569589314312426 0.166636161622762 0.17979733921091418 0.16246536590820676 0.15301156228854818
5.140787978601479 0.16861342773929192 0.1596642389097894 0.17559564871328812 0.16841776077984363
5.711986642890533 0.17752142352470007 0.18102283227272176 0.17296959215227184 0.18207325489712825
