0.0 0.15666744495192378 0.15318663272594926 0.1446081812932961 0.17454522608888162
0.5711986642890533 0.17376255825108852 0.16088973197159698 0.1561628301617677 0.17507043740108488
1.1423973285781066 0.1836797836168088 0.2116601588179116 0.15651297103656986 0.16999339471645342
1.7135959928671598 0.1838136610101155 0.2036069186974617 0.18522452277034782 0.15791353453577855
2.284794657156213 0.17120858951723741 0.1780466348369033 0.17226931040266752 0.1619401545960035
2.8559933214452666 0.15154920922319795 0.1435577586688896 0.17086874690345885 0.1561628301617677
3.4271919857343196 0.13847041772323454 0.12149888355635291 0.16001437978459157 0.1435577586688896
3.998390650023373 0.14331060040432336 0.12587564449138003 0.1596642389097894 0.14635888566730695
4.569589314312426 0.14503040999526343 0.13848071598425815 0.15406198491295467 0.14198212473227984
5.140787978601479 0.1517654727046934 0.15668804147397095 0.1549373370999601 0.16001437978459157
5.711986642890533 0.15144622661296203 0.15721325278617423 0.1363798707354451 0.1631656476578111
