0.0 0.13894413773031983 0.12062353136934749 0.15773846409837747 0.14198212473227984
0.5711986642890533 0.12215797226186288 0.11239522081149647 0.132003109800418 0.13532944811103859
1.1423973285781066 0.1285119993134199 0.13147789848821473 0.13147789848821473 0.134103955049231
1.7135959928671598 0.13704925770197868 0.14723423785431236 0.13953113860866465 0.14618381522990587
2.284794657156213 0.1435680569299132 0.13918099773386247 0.14600874479250478 0.15598775972436663
2.8559933214452666 0.16144583806687104 0.15826367541058073 0.1516109987893395 0.17962226877351306
3.4271919857343196 0.18106402531681612 0.16246536590820676 0.1747202965262827 0.18154804358492502
3.998390650023373 0.19559487162110617 0.19923015776243458 0.17296959215227184 0.18715029758175972
4.569589314312426 0.19771631339196638 0.22321480768638322 0.19275255157859444 0.17787156439950222
5.140787978601479 0.18525541755341857 0.19537860813961072 0.1803225505231174 0.16491635203182195
5.711986642890533 0.15939648412317597 0.16123987284639918 0.17156902865306317 0.14600874479250478
