0.0 0.14774915090549204 0.14408296998109285 0.1551124075373612 0.1425073360444831
0.5711986642890533 0.15926260672986928 0.1514359283519384 0.16491635203182195 0.1703435355912556
1.1423973285781066 0.17118799299519022 0.17437015565148054 0.17647100090029355 0.17086874690345885
1.7135959928671598 0.1744216469565985 0.1803225505231174 0.16631691553103062 0.18277353664673263
2.284794657156213 0.17694472090737884 0.1782217052743044 0.1747202965262827 0.16299057722041002
2.8559933214452666 0.174256874780221 0.1596642389097894 0.17226931040266752 0.17261945127746967
3.4271919857343196 0.16521500160150615 0.16299057722041002 0.16334071809521217 0.18364888883373803
3.998390650023373 0.15604954929050818 0.16369085897001437 0.15091071703973516 0.15248635097634491
4.569589314312426 0.14965432919485677 0.15913902759758614 0.14513339260549937 0.13673001161024728
5.140787978601479 0.13931487512716917 0.13795550467205486 0.14303254735668633 0.13988127948346682
5.711986642890533 0.13664762552205853 0.1388308568590603 0.13848071598425815 0.13585465942324187
