0.0 0.1567910240842069 0.15353677360075144 0.15441212578775687 0.15668804147397095
0.5711986642890533 0.15456659970311076 0.16071466153419592 0.15318663272594926 0.16001437978459157
1.1423973285781066 0.15016924224603645 0.14653395610470804 0.1586138162853829 0.15038550572753193
1.7135959928671598 0.14693558828462816 0.13970620904606573 0.14740930829171345 0.1551124075373612
2.284794657156213 0.14669872828108554 0.13795550467205486 0.15423705535035576 0.152661421413746
2.8559933214452666 0.1566571466909002 0.15826367541058073 0.14635888566730695 0.16736733815543714
3.4271919857343196 0.1706215886388926 0.16841776077984363 0.17191916952786535 0.17629593046289246
3.998390650023373 0.176409211334152 0.18102283227272176 0.15826367541058073 0.17174409909046426
4.569589314312426 0.17199125735503049 0.1941531150778031 0.1710438173408599 0.1610648024089981
5.140787978601479 0.16315534939678752 0.16281550678300893 0.17384494433927727 0.14408296998109285
5.711986642890533 0.15670863799601814 0.14758437872911453 0.16141494328380027 0.15528747797476228
