0.0 0.16599766943929925 0.16351578853261325 0.17979733921091418 0.16264043634560785
0.5711986642890533 0.16078674936136106 0.1643911407196187 0.17997240964831526 0.1456586039177026
1.1423973285781066 0.16267133112867863 0.1631656476578111 0.1689429720920469 0.158788886722784
1.7135959928671598 0.1655754407373319 0.16579170421882738 0.14880987179092214 0.17209423996526643
2.284794657156213 0.16738793467748433 0.16386592940741546 0.1481095900413178 0.18364888883373803
2.8559933214452666 0.1639174207125334 0.17226931040266752 0.14390789954369176 0.17839677571170548
3.4271919857343196 0.15763548148814155 0.15458719622515796 0.14670902654210913 0.16001437978459157
3.998390650023373 0.14692529002360458 0.14828466047871888 0.1425073360444831 0.14845973091611997
4.569589314312426 0.14697678132872255 0.15476226666255904 0.15458719622515796 0.1388308568590603
5.140787978601479 0.15258933358658086 0.15248635097634491 0.1594891684723883 0.1437328291062907
5.711986642890533 0.16024094152711063 0.14758437872911453 0.17787156439950222 0.15843874584798182
