0.0 0.4382939891641278 0.5077042684631461 0.33263383106206124 0.323880309192007
0.5711986642890533 0.34736034432579954 0.4079141191445278 0.28536481296376837 0.23809579486547544
1.1423973285781066 0.16446322854678386 0.1330535324248245 0.2328436817434429 0.19257748114119336
1.7135959928671598 0.07342660109821972 0.021008452488130186 0.1330535324248245 0.10154085369262923
2.284794657156213 0.0523151659998536 0.01400563499208679 0.0717788793344448 0.11379578431070517
2.8559933214452666 0.05406587037386445 0.06127465309037971 0.03851549622823867 0.07878169683048819
3.4271919857343196 0.063849218346278 0.08053240120449905 0.04201690497626037 0.0682774705864231
3.998390650023373 0.04798989636994445 0.05952394871636886 0.07352958370845565 0.054271835594336314
4.569589314312426 0.0587000878344814 0.03851549622823867 0.07703099245647733 0.11729719305872688
5.140787978601479 0.1442786369405411 0.11904789743273772 0.16981832427905233 0.19607888988921507
5.711986642890533 0.3059613350109548 0.30812396982590934 0.2941183348338226 0.266107064849649
