0.0 0.392363744998902 0.44467891099875556 0.2801126998417358 0.33263383106206124
0.5711986642890533 0.2885572738810822 0.2836141085897575 0.2836141085897575 0.26785776922365984
1.1423973285781066 0.14335179344841775 0.1365549411728462 0.20133100301124762 0.1978295942632259
1.7135959928671598 0.06673273143288411 0.05952394871636886 0.10329155806664007 0.07878169683048819
2.284794657156213 0.05612552257858309 0.024509861236151884 0.050770426846314616 0.08053240120449905
2.8559933214452666 0.05684640085023462 0.05777324434235801 0.03851549622823867 0.08928592307455328
3.4271919857343196 0.07373554892892752 0.09103662744856413 0.05252113122032546 0.08753521870054244
3.998390650023373 0.07064607062184955 0.04026620060224952 0.07878169683048819 0.07703099245647733
4.569589314312426 0.0959797927398889 0.09278733182257498 0.13130282805081364 0.11904789743273772
5.140787978601479 0.17918974181052216 0.16281550678300893 0.23809579486547544 0.14530846304290046
5.711986642890533 0.32717575271955684 0.35714369229821313 0.29236763045981173 0.27486058671970326
