0.0 0.41646167579411014 0.4604352503648532 0.3221296048179962 0.35714369229821313
0.5711986642890533 0.325528030955782 0.35364228355019145 0.23459438611745376 0.34138735293211553
1.1423973285781066 0.1543709327436625 0.12079860180674858 0.16281550678300893 0.15931409803498722
1.7135959928671598 0.08032643598402718 0.07703099245647733 0.15581268928696554 0.07352958370845565
2.284794657156213 0.05313902688174106 0.054271835594336314 0.06652676621241226 0.04726901809829292
2.8559933214452666 0.042737783247911894 0.02976197435818443 0.0682774705864231 0.05952394871636886
3.4271919857343196 0.030997765681015615 0.0035014087480216977 0.050770426846314616 0.07528028808246649
3.998390650023373 0.0360439135825763 0.015756339366097636 0.07352958370845565 0.06652676621241226
4.569589314312426 0.08619644476747532 0.09453803619658584 0.1260507149287811 0.05777324434235801
5.140787978601479 0.1920625680900137 0.1943281855152042 0.21358593362932354 0.1978295942632259
5.711986642890533 0.33283979628253313 0.3466394660541481 0.27661129109371413 0.31512678732195276
