0.0 0.4254211628846362 0.4079141191445278 0.3378859441840938 0.36764791854227824
0.5711986642890533 0.3410784051014077 0.3623958054202457 0.29937044795585516 0.2731098823456924
1.1423973285781066 0.1802195679128815 0.20658311613328015 0.17857184614910657 0.18907607239317167
1.7135959928671598 0.08187117513756617 0.08753521870054244 0.11379578431070517 0.09803944494460753
2.284794657156213 0.04263480063767596 0.04726901809829292 0.09628874057059668 0.02976197435818443
2.8559933214452666 0.03367531354714985 0.03851549622823867 0.08228310557850989 0.010504226244065093
3.4271919857343196 0.04006023538177766 0.036764791854227825 0.06652676621241226 0.012254930618075942
3.998390650023373 0.047783931149472575 0.03501408748021698 0.04376760935027122 0.06302535746439054
4.569589314312426 0.06714466187382785 0.04551831372428206 0.09278733182257498 0.09803944494460753
5.140787978601479 0.15818128932239198 0.1260507149287811 0.17156902865306317 0.24684931673552965
5.711986642890533 0.33263383106206124 0.35714369229821313 0.26785776922365984 0.3623958054202457
