0.0 0.3446827964596654 0.44292820662474475 0.21533663800333439 0.2363450904914646
0.5711986642890533 0.2770232215346578 0.30812396982590934 0.20308170738525846 0.266107064849649
1.1423973285781066 0.15591567189720146 0.10679296681466177 0.16281550678300893 0.21533663800333439
1.7135959928671598 0.09350821009422651 0.07703099245647733 0.15931409803498722 0.1365549411728462
2.284794657156213 0.08022345337379125 0.0717788793344448 0.10329155806664007 0.09103662744856413
2.8559933214452666 0.07929660988166785 0.05252113122032546 0.10679296681466177 0.08053240120449905
3.4271919857343196 0.10627805376348212 0.12254930618075942 0.17682114177509572 0.09103662744856413
3.998390650023373 0.10854367118867263 0.10154085369262923 0.16281550678300893 0.07878169683048819
4.569589314312426 0.11101525383433498 0.08578451432653159 0.11204507993669433 0.10504226244065092
5.140787978601479 0.14983969789328147 0.12254930618075942 0.15756339366097638 0.1803225505231174
5.711986642890533 0.2443777340898673 0.2591042473536056 0.19082677676718252 0.2696084735976707
