0.0 0.46362771128216707 0.5304634253252871 0.31687749169596363 0.3553929879242023
0.5711986642890533 0.35930632711316773 0.3623958054202457 0.30812396982590934 0.31512678732195276
1.1423973285781066 0.1881492289010483 0.14880987179092214 0.26785776922365984 0.19257748114119336
1.7135959928671598 0.07909064466119599 0.04726901809829292 0.11204507993669433 0.13130282805081364
2.284794657156213 0.026981443881814254 0.007002817496043395 0.07002817496043395 0.0682774705864231
2.8559933214452666 0.00895948709052611 0.0017507043740108488 0.04376760935027122 0.01750704374010849
3.4271919857343196 0.011534052346424416 0.0017507043740108488 0.03851549622823867 0.0052521131220325465
3.998390650023373 0.029864956968420363 0.02275915686214103 0.0682774705864231 0.02976197435818443
4.569589314312426 0.07033712279114174 0.07878169683048819 0.09103662744856413 0.08053240120449905
5.140787978601479 0.17424657651919742 0.1873253680191608 0.17507043740108488 0.22233945549937778
5.711986642890533 0.33860682245574536 0.3623958054202457 0.2591042473536056 0.33263383106206124
