0.0 0.3851549622823867 0.486695815975016 0.2486000211095405 0.31862819606997445
0.5711986642890533 0.2735218127866361 0.29236763045981173 0.2906169260858009 0.22233945549937778
1.1423973285781066 0.1272865062516123 0.09628874057059668 0.18207325489712825 0.12780141930279196
1.7135959928671598 0.0644671140076936 0.050770426846314616 0.09103662744856413 0.08403380995252074
2.284794657156213 0.04335567890932749 0.03326338310620613 0.0647760618384014 0.05602253996834716
2.8559933214452666 0.050255513795134946 0.04026620060224952 0.06652676621241226 0.07002817496043395
3.4271919857343196 0.07558923591317429 0.08053240120449905 0.10154085369262923 0.10154085369262923
3.998390650023373 0.10184980152333703 0.07878169683048819 0.11729719305872688 0.11029437556268347
4.569589314312426 0.11987175831462517 0.09628874057059668 0.1400563499208679 0.17331973302707404
5.140787978601479 0.19484309856638388 0.15756339366097638 0.1943281855152042 0.20133100301124762
5.711986642890533 0.3145088916605372 0.3378859441840938 0.25385213423157305 0.28536481296376837
