0.0 0.35714369229821313 0.4341746847546905 0.30462256107788765 0.26085495172761647
0.5711986642890533 0.31461187427077314 0.3869056666563976 0.26435636047563815 0.23984649923948628
1.1423973285781066 0.15066355877516893 0.11554648868471602 0.19958029863723675 0.15406198491295467
1.7135959928671598 0.0711609836730292 0.04026620060224952 0.11554648868471602 0.11204507993669433
2.284794657156213 0.07342660109821972 0.054271835594336314 0.07703099245647733 0.1260507149287811
2.8559933214452666 0.09639172318083261 0.09103662744856413 0.08053240120449905 0.10504226244065092
3.4271919857343196 0.08063538381473496 0.08753521870054244 0.07002817496043395 0.09628874057059668
3.998390650023373 0.04984358335419122 0.036764791854227825 0.06302535746439054 0.06652676621241226
4.569589314312426 0.08537258388558785 0.08228310557850989 0.12780141930279196 0.10679296681466177
5.140787978601479 0.16714077641291808 0.1400563499208679 0.16631691553103062 0.21358593362932354
5.711986642890533 0.30431361324717987 0.2818634042157466 0.2818634042157466 0.2696084735976707
