0.0 0.3547750922627867 0.4009113016484844 0.3098746741999202 0.2941183348338226
0.5711986642890533 0.3149208221014809 0.34138735293211553 0.243347907987508 0.26785776922365984
1.1423973285781066 0.2057592552513927 0.23809579486547544 0.17682114177509572 0.20308170738525846
1.7135959928671598 0.14139512385393502 0.1470591674169113 0.12079860180674858 0.17156902865306317
2.284794657156213 0.08990381873596888 0.07352958370845565 0.07703099245647733 0.1610648024089981
2.8559933214452666 0.06982220973996209 0.07352958370845565 0.054271835594336314 0.08578451432653159
3.4271919857343196 0.052830079051033256 0.03326338310620613 0.07703099245647733 0.0717788793344448
3.998390650023373 0.04047216582272139 0.0052521131220325465 0.09278733182257498 0.0647760618384014
4.569589314312426 0.06487904444863733 0.04026620060224952 0.12430001055477025 0.07002817496043395
5.140787978601479 0.13933547164921636 0.10854367118867263 0.18557466364514996 0.15581268928696554
5.711986642890533 0.27661129109371413 0.28886622171179005 0.28886622171179005 0.2048324117592693
