0.0 0.24942388199142798 0.2328436817434429 0.2118352292553127 0.1680676199050415
0.5711986642890533 0.20812785528681912 0.18907607239317167 0.2048324117592693 0.21008452488130183
1.1423973285781066 0.18639852452703742 0.21533663800333439 0.1803225505231174 0.2048324117592693
1.7135959928671598 0.18588361147585775 0.2258408642473995 0.1470591674169113 0.2188380467513561
2.284794657156213 0.15694549799956078 0.15931409803498722 0.11204507993669433 0.16981832427905233
2.8559933214452666 0.09196347094068752 0.05952394871636886 0.09803944494460753 0.12780141930279196
3.4271919857343196 0.06611483577146852 0.01750704374010849 0.10504226244065092 0.11904789743273772
3.998390650023373 0.07311765326751192 0.02801126998417358 0.10679296681466177 0.08228310557850989
4.569589314312426 0.11585543651542382 0.1260507149287811 0.1470591674169113 0.11379578431070517
5.140787978601479 0.174864472180613 0.2258408642473995 0.19082677676718252 0.14880987179092214
5.711986642890533 0.24200913405444086 0.2713591779716816 0.24684931673552965 0.1873253680191608
