0.0 0.23609793222689832 0.2556028386055839 0.19940522819983567 0.19993043951203893
0.5711986642890533 0.2042454108809245 0.2093842431316975 0.19205226982899012 0.17051860602865668
1.1423973285781066 0.13836743511299862 0.12149888355635291 0.16351578853261325 0.1433826882314885
1.7135959928671598 0.11135509644811357 0.10364169894144225 0.13848071598425815 0.12570057405397894
2.284794657156213 0.14870688918068622 0.15003536485272972 0.16369085897001437 0.15108578747713625
2.8559933214452666 0.1990756838470807 0.21953832850096044 0.17874691658650765 0.18102283227272176
3.4271919857343196 0.19383386898607174 0.21813776500175175 0.16824269034244257 0.16071466153419592
3.998390650023373 0.1389750325133906 0.12815156017759413 0.1297271941142039 0.15458719622515796
4.569589314312426 0.09521772142414299 0.07247916108404914 0.11414592518550733 0.12920198280200065
5.140787978601479 0.10803905639851656 0.08771028913794351 0.13830564554685706 0.15791353453577855
5.711986642890533 0.17679024699202495 0.18452424102074344 0.1643911407196187 0.17664607133769464
