0.0 0.24601515759261863 0.2708339666594783 0.19765452382582482 0.19923015776243458
0.5711986642890533 0.20412183174864137 0.21078480663090618 0.1804976209605185 0.1841741001459413
1.1423973285781066 0.12906810540869393 0.11484620693511169 0.15301156228854818 0.15406198491295467
1.7135959928671598 0.1097897607725274 0.08788535957534462 0.13848071598425815 0.13988127948346682
2.284794657156213 0.15134324400272609 0.14968522397792758 0.1563379005991688 0.158788886722784
2.8559933214452666 0.19960089515928395 0.2132357927545214 0.18452424102074344 0.16018945022199266
3.4271919857343196 0.1896424767494693 0.2004556508242422 0.17419508521407945 0.16666705640583282
3.998390650023373 0.13514407941261394 0.13270339155002234 0.14058156123307114 0.14268240648188418
4.569589314312426 0.09326105182966027 0.08158282382890555 0.11659691130912253 0.12009832005714421
5.140787978601479 0.1102428842575655 0.09523831794619017 0.13918099773386247 0.142332265607082
5.711986642890533 0.1824748870770484 0.1934528333281988 0.16964325384165124 0.18259846620933154
