0.0 0.23623180962020507 0.2603297404154132 0.19380297420300097 0.19257748114119336
0.5711986642890533 0.18591450625892855 0.19222734026639118 0.17559564871328812 0.17979733921091418
1.1423973285781066 0.11304401125598286 0.10521733287805202 0.13865578642165924 0.13620480029804402
1.7135959928671598 0.10098474759735519 0.08298338732811422 0.12447508099217133 0.12237423574335833
2.284794657156213 0.1409625968909441 0.12867677148979736 0.15458719622515796 0.15248635097634491
2.8559933214452666 0.1958832229297668 0.20500748219667037 0.17454522608888162 0.17454522608888162
3.4271919857343196 0.2076026439746159 0.2300425547450255 0.18382395927113912 0.1710438173408599
3.998390650023373 0.15470047709641746 0.16088973197159698 0.15248635097634491 0.1514359283519384
4.569589314312426 0.10704012507922801 0.08403380995252074 0.13025240542640715 0.14443311085589502
5.140787978601479 0.1186050722087232 0.11064451643748566 0.14495832216809829 0.14758437872911453
5.711986642890533 0.18973516109868163 0.19065170632978143 0.17752142352470007 0.1782217052743044
