0.0 0.2028963386868338 0.20413213000966496 0.17139395821566208 0.19170212895418792
0.5711986642890533 0.1762341408967509 0.17979733921091418 0.1703435355912556 0.17752142352470007
1.1423973285781066 0.13202370632246518 0.11659691130912253 0.14443311085589502 0.14758437872911453
1.7135959928671598 0.12383658880870857 0.11064451643748566 0.1433826882314885 0.1433826882314885
2.284794657156213 0.15137413878579686 0.15528747797476228 0.15318663272594926 0.15546254841216336
2.8559933214452666 0.17516312175029722 0.18802564976876515 0.16719226771803605 0.16159001372120133
3.4271919857343196 0.17137336169361492 0.17174409909046426 0.158788886722784 0.15756339366097638
3.998390650023373 0.14720334307124158 0.14058156123307114 0.1643911407196187 0.13725522292245054
4.569589314312426 0.13469095592757582 0.13602972986064296 0.15896395716018508 0.1365549411728462
5.140787978601479 0.14982939963225786 0.15213621010154277 0.15318663272594926 0.16141494328380027
5.711986642890533 0.18607927843530603 0.1957287490144129 0.1654415633440252 0.18067269139791958
