0.0 0.26096823259887597 0.28151326334094445 0.2132357927545214 0.22321480768638322
0.5711986642890533 0.20152666997069588 0.21218537013011488 0.16824269034244257 0.1841741001459413
1.1423973285781066 0.11552589216266884 0.10311648762923899 0.1332286028622256 0.1549373370999601
1.7135959928671598 0.08510482909897443 0.06845254102382418 0.10469212156584876 0.12324958793036375
2.284794657156213 0.1250208888264218 0.12465015142957243 0.14058156123307114 0.13830564554685706
2.8559933214452666 0.19917866645731663 0.20430720044706605 0.17612086002549138 0.17156902865306317
3.4271919857343196 0.20222695172030022 0.2093842431316975 0.18067269139791958 0.17769649396210116
3.998390650023373 0.13982978817834885 0.13235325067522016 0.16071466153419592 0.1400563499208679
4.569589314312426 0.09065559179069119 0.08053240120449905 0.1297271941142039 0.11887282699533663
5.140787978601479 0.12009832005714421 0.11239522081149647 0.14495832216809829 0.12902691236459957
5.711986642890533 0.21056854314941073 0.22181424418717455 0.19852987601283026 0.1896012837053749
