0.0 0.2087766457313055 0.21358593362932354 0.1747202965262827 0.18067269139791958
0.5711986642890533 0.1680470233829943 0.16964325384165124 0.15476226666255904 0.18119790271012284
1.1423973285781066 0.10925425119930056 0.09523831794619017 0.13235325067522016 0.13445409592403318
1.7135959928671598 0.10165413456388875 0.09383775444698149 0.13462916636143427 0.12079860180674858
2.284794657156213 0.15811949975625042 0.15703818234877315 0.16859283121724472 0.14548353348030152
2.8559933214452666 0.2206299441694613 0.23564480874186022 0.19467832639000637 0.1896012837053749
3.4271919857343196 0.22319421116433605 0.23687030180366783 0.20745846832028556 0.19135198807938575
3.998390650023373 0.15870650063459524 0.14758437872911453 0.16929311296684907 0.1573883232235753
4.569589314312426 0.11042825295599018 0.09944000844381622 0.13147789848821473 0.13130282805081364
5.140787978601479 0.11663810435321689 0.11414592518550733 0.12815156017759413 0.1446081812932961
5.711986642890533 0.17525580609950953 0.18767550889396298 0.15458719622515796 0.17384494433927727
