0.0 0.18426678449515363 0.18890100195577056 0.1710438173408599 0.16999339471645342
0.5711986642890533 0.17522491131643878 0.18469931145814453 0.15686311191137203 0.16281550678300893
1.1423973285781066 0.1455350247854195 0.15056057616493299 0.15528747797476228 0.16246536590820676
1.7135959928671598 0.137801030756701 0.12657592624098438 0.14793451960391674 0.15896395716018508
2.284794657156213 0.1683662694747257 0.1677174790302393 0.18277353664673263 0.15336170316335035
2.8559933214452666 0.19565666118724775 0.20850889094469208 0.18259846620933154 0.17226931040266752
3.4271919857343196 0.18440066188846033 0.17892198702390874 0.17787156439950222 0.18119790271012284
3.998390650023373 0.14302224909566275 0.1356795889858408 0.13988127948346682 0.14880987179092214
4.569589314312426 0.11663810435321689 0.11064451643748566 0.12885184192719845 0.13830564554685706
5.140787978601479 0.13343456808269746 0.12762634886539087 0.14495832216809829 0.1458336743551037
5.711986642890533 0.166358108575125 0.17086874690345885 0.16264043634560785 0.15668804147397095
