0.0 0.20595492221084097 0.2095593135690986 0.17226931040266752 0.18434917058334238
0.5711986642890533 0.15277470228500553 0.14670902654210913 0.14968522397792758 0.16141494328380027
1.1423973285781066 0.09723618058476725 0.0798321194548947 0.12097367224414964 0.13340367329962668
1.7135959928671598 0.10126280064499221 0.08718507782574027 0.13550451854843967 0.1181725452457323
2.284794657156213 0.16630661727000703 0.16841776077984363 0.16281550678300893 0.15476226666255904
2.8559933214452666 0.2321845930379329 0.2592793177910067 0.21621199019033982 0.19012649501757817
3.4271919857343196 0.214687847558848 0.22636607555960273 0.18820072020616624 0.19030156545497925
3.998390650023373 0.14486563781888592 0.13060254630120932 0.1675424085928382 0.1528364918511471
4.569589314312426 0.10746235378119533 0.08753521870054244 0.132003109800418 0.1412818429826755
5.140787978601479 0.1342584289645849 0.1330535324248245 0.1425073360444831 0.1516109987893395
5.711986642890533 0.19371028985378863 0.22216438506197672 0.16299057722041002 0.1724443808400686
