0.0 0.2493929872083572 0.27170931884648375 0.2037819891348628 0.20658311613328015
0.5711986642890533 0.19599650380102632 0.20780860919508776 0.17331973302707404 0.1747202965262827
1.1423973285781066 0.11147867558039669 0.10854367118867263 0.13480423679883535 0.1272762079905887
1.7135959928671598 0.08772058739896711 0.076330710706873 0.13375381417442883 0.1018909945674314
2.284794657156213 0.12434120359886464 0.10924395293827696 0.14758437872911453 0.1239498696799681
2.8559933214452666 0.1840093279695638 0.1967791716388194 0.1689429720920469 0.16246536590820676
3.4271919857343196 0.2034627430431314 0.21691227193994414 0.17874691658650765 0.18925114283057276
3.998390650023373 0.15255843880351008 0.1400563499208679 0.15091071703973516 0.16719226771803605
4.569589314312426 0.10579403549537324 0.0821080351411088 0.13235325067522016 0.15441212578775687
5.140787978601479 0.12997435237877014 0.11974817918234205 0.14828466047871888 0.14845973091611997
5.711986642890533 0.20597551873288814 0.22146410331237237 0.1782217052743044 0.19450325595260531
