0.0 0.6633224350418883 0.7668085158167517 0.4691887722349075 0.4901972247230377
0.5711986642890533 0.4246430720517425 0.416667641014582 0.42191975413661453 0.4114155278925494
1.1423973285781066 0.11185055722847088 0.07528028808246649 0.18557466364514996 0.18207325489712825
1.7135959928671598 0.02314820227858789 0.0052521131220325465 0.07002817496043395 0.05952394871636886
2.284794657156213 0.00661377207959654 0.0017507043740108488 0.024509861236151884 0.007002817496043395
2.8559933214452666 0.0023342724986811316 0.0 0.007002817496043395 0.0017507043740108488
3.4271919857343196 0.0038904541644685527 0.0 0.008753521870054244 0.0052521131220325465
3.998390650023373 0.0035014087480216977 0.0035014087480216977 0.0052521131220325465 0.010504226244065093
4.569589314312426 0.01809061186477877 0.008753521870054244 0.04551831372428206 0.050770426846314616
5.140787978601479 0.10154085369262923 0.04726901809829292 0.16281550678300893 0.1680676199050415
5.711986642890533 0.39176873436198323 0.4254211628846362 0.35014087480216977 0.3641465097942565
