0.0 0.5298798572006168 0.591738078415667 0.38165355353436503 0.4481803197467773
0.5711986642890533 0.3645355552107034 0.4009113016484844 0.3133760829479419 0.32913242231403955
1.1423973285781066 0.13402614596594165 0.11554648868471602 0.16981832427905233 0.1680676199050415
1.7135959928671598 0.04026620060224952 0.03151267873219527 0.07002817496043395 0.06127465309037971
2.284794657156213 0.01069874895228852 0.0035014087480216977 0.02801126998417358 0.03501408748021698
2.8559933214452666 0.005057590413809119 0.0017507043740108488 0.010504226244065093 0.019257748114119334
3.4271919857343196 0.002917840623351415 0.0 0.0035014087480216977 0.007002817496043395
3.998390650023373 0.015172771241427355 0.008753521870054244 0.019257748114119334 0.04026620060224952
4.569589314312426 0.056411585384794016 0.03851549622823867 0.09803944494460753 0.10504226244065092
5.140787978601479 0.16981832427905233 0.1365549411728462 0.25385213423157305 0.18382395927113912
5.711986642890533 0.42191975413661453 0.42191975413661453 0.40266200602249524 0.35364228355019145
