0.0 0.6672128892063568 0.740547950206589 0.5357155384473197 0.5094549728371569
0.5711986642890533 0.4096648235185386 0.4411775022507339 0.3869056666563976 0.34138735293211553
1.1423973285781066 0.11924242014096113 0.09278733182257498 0.19958029863723675 0.1873253680191608
1.7135959928671598 0.026066042901939302 0.012254930618075942 0.05777324434235801 0.06302535746439054
2.284794657156213 0.004279499580915408 0.0017507043740108488 0.007002817496043395 0.01400563499208679
2.8559933214452666 0.0005835681246702829 0.0017507043740108488 0.0017507043740108488 0.0017507043740108488
3.4271919857343196 0.0009726135411171382 0.0035014087480216977 0.0017507043740108488 0.0
3.998390650023373 0.004279499580915408 0.0 0.007002817496043395 0.021008452488130186
4.569589314312426 0.017312521031885058 0.0052521131220325465 0.04551831372428206 0.05777324434235801
5.140787978601479 0.10562583056532121 0.06302535746439054 0.15056057616493299 0.18557466364514996
5.711986642890533 0.39546466581822837 0.3886563710304084 0.35714369229821313 0.36939862291628905
