0.0 0.6757718883681876 0.7738113333127952 0.5077042684631461 0.497200042219081
0.5711986642890533 0.39371396144421755 0.3851549622823867 0.3991605972744735 0.3606451010462348
1.1423973285781066 0.10426417160775721 0.07703099245647733 0.20133100301124762 0.15231128053894383
1.7135959928671598 0.019452270822342764 0.010504226244065093 0.05952394871636886 0.05252113122032546
2.284794657156213 0.0035014087480216977 0.0 0.015756339366097636 0.012254930618075942
2.8559933214452666 0.0005835681246702829 0.0 0.0017507043740108488 0.0035014087480216977
3.4271919857343196 0.0009726135411171382 0.0 0.0 0.0052521131220325465
3.998390650023373 0.003695931456245125 0.0 0.007002817496043395 0.01400563499208679
4.569589314312426 0.02237011144569418 0.010504226244065093 0.04026620060224952 0.07703099245647733
5.140787978601479 0.11982598826563143 0.07352958370845565 0.18382395927113912 0.21708734237734525
5.711986642890533 0.4065524601869638 0.42016904976260366 0.3343845354360721 0.35889439667222395
