0.0 0.6759664110764111 0.7545535851986758 0.5304634253252871 0.5182084947072112
0.5711986642890533 0.40733055101985743 0.4079141191445278 0.38165355353436503 0.32738171794002874
1.1423973285781066 0.10873819389689604 0.0682774705864231 0.20133100301124762 0.1803225505231174
1.7135959928671598 0.021786543321023893 0.010504226244065093 0.05252113122032546 0.054271835594336314
2.284794657156213 0.004279499580915408 0.0 0.015756339366097636 0.012254930618075942
2.8559933214452666 0.0013616589575639933 0.0 0.0017507043740108488 0.0052521131220325465
3.4271919857343196 0.0013616589575639933 0.0 0.0035014087480216977 0.0052521131220325465
3.998390650023373 0.004863067705585691 0.0 0.019257748114119334 0.015756339366097636
4.569589314312426 0.02139749790457704 0.010504226244065093 0.04376760935027122 0.05952394871636886
5.140787978601479 0.10134633098440579 0.08403380995252074 0.11729719305872688 0.18557466364514996
5.711986642890533 0.40227296060604834 0.4149169366405711 0.38340425790837585 0.3869056666563976
