0.0 0.6676019346228037 0.7668085158167517 0.4621859547388641 0.5024521553411135
0.5711986642890533 0.39468657498533466 0.3991605972744735 0.4114155278925494 0.39215777977843014
1.1423973285781066 0.09667778598704353 0.050770426846314616 0.15056057616493299 0.15056057616493299
1.7135959928671598 0.01711799832366163 0.008753521870054244 0.06652676621241226 0.03151267873219527
2.284794657156213 0.002917840623351415 0.0 0.01400563499208679 0.007002817496043395
2.8559933214452666 0.0009726135411171382 0.0 0.0017507043740108488 0.0017507043740108488
3.4271919857343196 0.0013616589575639933 0.0 0.0035014087480216977 0.007002817496043395
3.998390650023373 0.005057590413809119 0.0 0.015756339366097636 0.012254930618075942
4.569589314312426 0.02626056561016273 0.007002817496043395 0.06652676621241226 0.050770426846314616
5.140787978601479 0.11535196597649258 0.08403380995252074 0.16281550678300893 0.1803225505231174
5.711986642890533 0.42269784496950824 0.4341746847546905 0.3956591885264518 0.4149169366405711
