0.0 0.6294754838110118 0.66001554900209 0.4726901809829292 0.48144370285298344
0.5711986642890533 0.42191975413661453 0.4691887722349075 0.3956591885264518 0.44467891099875556
1.1423973285781066 0.1373330320057399 0.10329155806664007 0.17331973302707404 0.1943281855152042
1.7135959928671598 0.031318156023971845 0.015756339366097636 0.05252113122032546 0.07878169683048819
2.284794657156213 0.005641158538479401 0.0 0.007002817496043395 0.02801126998417358
2.8559933214452666 0.002139749790457704 0.0 0.007002817496043395 0.007002817496043395
3.4271919857343196 0.0013616589575639933 0.0 0.0035014087480216977 0.0017507043740108488
3.998390650023373 0.006030203954926257 0.0017507043740108488 0.021008452488130186 0.007002817496043395
4.569589314312426 0.02139749790457704 0.008753521870054244 0.07352958370845565 0.03326338310620613
5.140787978601479 0.11048889827090691 0.09278733182257498 0.16456621115701978 0.16281550678300893
5.711986642890533 0.3835987806165993 0.3991605972744735 0.37990284916035416 0.3116253785739311
