0.0 0.6819966150313372 0.8280831689071314 0.4849451116010051 0.49194792909704854
0.5711986642890533 0.39040707540441927 0.3623958054202457 0.36589721416826737 0.41841834538859285
1.1423973285781066 0.09473255890480926 0.08403380995252074 0.14880987179092214 0.17507043740108488
1.7135959928671598 0.016145384782544493 0.0 0.05252113122032546 0.03501408748021698
2.284794657156213 0.0038904541644685527 0.0 0.01400563499208679 0.012254930618075942
2.8559933214452666 0.0017507043740108488 0.0 0.0035014087480216977 0.0017507043740108488
3.4271919857343196 0.0019452270822342764 0.0 0.0052521131220325465 0.0017507043740108488
3.998390650023373 0.006808294787819967 0.0017507043740108488 0.02275915686214103 0.01400563499208679
4.569589314312426 0.022564634153917604 0.01400563499208679 0.04726901809829292 0.05252113122032546
5.140787978601479 0.1091272393133429 0.08228310557850989 0.17682114177509572 0.1470591674169113
5.711986642890533 0.4213361860119443 0.37815214478634335 0.42892257163265796 0.4009113016484844
