0.0 0.649122277341578 0.7230409064664804 0.5287127209512763 0.5392169471953414
0.5711986642890533 0.42911709434088136 0.4096648235185386 0.37990284916035416 0.3623958054202457
1.1423973285781066 0.12371644243009998 0.08578451432653159 0.19082677676718252 0.21358593362932354
1.7135959928671598 0.019452270822342764 0.008753521870054244 0.03151267873219527 0.04201690497626037
2.284794657156213 0.005446635830255973 0.0 0.012254930618075942 0.02626056561016273
2.8559933214452666 0.001556181665787421 0.0 0.007002817496043395 0.0052521131220325465
3.4271919857343196 0.0011671362493405658 0.0 0.0052521131220325465 0.0035014087480216977
3.998390650023373 0.00330688603979827 0.0 0.010504226244065093 0.012254930618075942
4.569589314312426 0.021202975196353613 0.012254930618075942 0.06127465309037971 0.04726901809829292
5.140787978601479 0.10095728556795894 0.07002817496043395 0.15231128053894383 0.18207325489712825
5.711986642890533 0.3956591885264518 0.4411775022507339 0.3711493272902999 0.31687749169596363
