0.0 0.501285019091773 0.5882366696676452 0.4079141191445278 0.4114155278925494
0.5711986642890533 0.3645355552107034 0.34313805730612634 0.336135239810083 0.32738171794002874
1.1423973285781066 0.13986182721264445 0.15056057616493299 0.15756339366097638 0.1400563499208679
1.7135959928671598 0.03851549622823867 0.02275915686214103 0.07878169683048819 0.07002817496043395
2.284794657156213 0.0147837258249805 0.015756339366097636 0.02976197435818443 0.021008452488130186
2.8559933214452666 0.00992065811939481 0.0035014087480216977 0.008753521870054244 0.01750704374010849
3.4271919857343196 0.015172771241427355 0.007002817496043395 0.01750704374010849 0.036764791854227825
3.998390650023373 0.02528795206904559 0.008753521870054244 0.036764791854227825 0.0717788793344448
4.569589314312426 0.06360892558906084 0.04201690497626037 0.1260507149287811 0.09628874057059668
5.140787978601479 0.177404709899766 0.1470591674169113 0.19082677676718252 0.2188380467513561
5.711986642890533 0.40032773352381407 0.42191975413661453 0.3606451010462348 0.33963664855810466
