0.0 0.8206559382295097 0.0 1.2581198251414327 1.2038479895470964
0.2026833970057931 0.6808648465471283 0.0 0.9818268439339024 1.0607676957074825
0.4053667940115862 0.3897704556320517 0.0 0.5821887818301531 0.5871225850660019
0.6080501910173793 0.11676667658175388 0.0 0.19241832619810148 0.1578817035471602
0.8107335880231724 0.02631361725786003 0.0 0.0444042291226388 0.03453662265094129
1.0134169850289656 0.0 0.0 0.0 0.0
1.2161003820347587 0.0 0.0 0.0 0.0
1.4187837790405518 0.0 0.0 0.0 0.0
1.6214671760463448 0.0 0.0 0.0 0.0
1.824150573052138 0.0 0.0 0.0 0.0
2.026833970057931 0.0 0.0 0.0 0.0
2.2295173670637243 0.0 0.0 0.0 0.0
2.4322007640695174 0.00822300539308126 0.024669016179243778 0.0 0.0
2.6348841610753104 0.041115026965406296 0.1233450808962189 0.0 0.0
2.8375675580811035 0.2384671563993565 0.7154014691980695 0.0 0.0
3.0402509550868966 0.5279169462358169 1.5837508387074506 0.0 0.0
3.2429343520926897 0.5591643667295256 1.6774931001885771 0.0 0.0
3.4456177490984827 0.22531034777042652 0.6759310433112796 0.0 0.0
3.648301146104276 0.041115026965406296 0.1233450808962189 0.0 0.0
3.850984543110069 0.0032892021572325037 0.009867606471697512 0.0 0.0
4.053667940115862 0.0 0.0 0.0 0.0
4.2563513371216555 0.0 0.0 0.0 0.0
4.4590347341274486 0.0 0.0 0.0 0.0
4.661718131133242 0.0 0.0 0.0 0.0
4.864401528139035 0.0 0.0 0.0 0.0
5.067084925144828 0.0016446010786162518 0.0 0.0 0.004933803235848756
5.269768322150621 0.0032892021572325037 0.0 0.004933803235848756 0.004933803235848756
5.472451719156414 0.03947042588679005 0.0 0.05920563883018507 0.05920563883018507
5.675135116162207 0.11183287334590514 0.0 0.14308029383961393 0.19241832619810148
5.877818513168 0.41279487073267923 0.0 0.626593010952792 0.6117916012452457
6.080501910173793 0.6857986497829771 0.0 1.0410324827640873 1.0163634665848436
