0.0 0.5871225850660019 0.0 0.8930183856886248 0.8683493695093809
0.2026833970057931 0.5081817332924218 0.0 0.7647395015565571 0.7598056983207083
0.4053667940115862 0.42430707828299297 0.0 0.666063436839582 0.606857798009397
0.6080501910173793 0.23682255532074029 0.0 0.3552338329811104 0.3552338329811104
0.8107335880231724 0.12498968197483513 0.0 0.17268311325470645 0.202285932669799
1.0134169850289656 0.057561037751568817 0.0 0.10360986795282387 0.06907324530188258
1.2161003820347587 0.02137981402201127 0.0 0.014801409707546268 0.049338032358487556
1.4187837790405518 0.011512207550313763 0.0 0.019735212943395024 0.014801409707546268
1.6214671760463448 0.0 0.0 0.0 0.0
1.824150573052138 0.0 0.0 0.0 0.0
2.026833970057931 0.0 0.0 0.0 0.0
2.2295173670637243 0.0032892021572325037 0.004933803235848756 0.004933803235848756 0.0
2.4322007640695174 0.03453662265094129 0.10360986795282387 0.0 0.0
2.6348841610753104 0.11347747442452137 0.34043242327356416 0.0 0.0
2.8375675580811035 0.2466901617924378 0.7400704853773133 0.0 0.0
3.0402509550868966 0.43088548259745796 1.2877226445565253 0.004933803235848756 0.0
3.2429343520926897 0.3930596577892842 1.1791789733678526 0.0 0.0
3.4456177490984827 0.28616058767922786 0.8584817630376834 0.0 0.0
3.648301146104276 0.11183287334590514 0.3354986200377154 0.0 0.0
3.850984543110069 0.024669016179243778 0.07400704853773134 0.0 0.0
4.053667940115862 0.0016446010786162518 0.004933803235848756 0.0 0.0
4.2563513371216555 0.0016446010786162518 0.004933803235848756 0.0 0.0
4.4590347341274486 0.0 0.0 0.0 0.0
4.661718131133242 0.004933803235848756 0.0 0.0 0.014801409707546268
4.864401528139035 0.004933803235848756 0.0 0.0 0.014801409707546268
5.067084925144828 0.02137981402201127 0.0 0.024669016179243778 0.03947042588679005
5.269768322150621 0.049338032358487556 0.0 0.09374226148112635 0.05427183559433631
5.472451719156414 0.13814649060376516 0.0 0.1677493100188577 0.2466901617924378
5.675135116162207 0.21544274129872898 0.0 0.33056481680186667 0.3157634070943204
5.877818513168 0.3716798437672729 0.0 0.5575197656509094 0.5575197656509094
6.080501910173793 0.5081817332924218 0.0 0.7598056983207083 0.7647395015565571
