0.0 0.8206559382295097 0.0 1.14957615395276 1.312391660735769
0.2026833970057931 0.6956662562546745 0.0 1.0558338924716337 1.03116487629239
0.4053667940115862 0.35852303513834294 0.0 0.5624535688867581 0.5131155365282706
0.6080501910173793 0.12170047981760264 0.0 0.16281550678300893 0.202285932669799
0.8107335880231724 0.04275962804402254 0.0 0.08387465500942885 0.0444042291226388
1.0134169850289656 0.004933803235848756 0.0 0.004933803235848756 0.009867606471697512
1.2161003820347587 0.004933803235848756 0.004933803235848756 0.009867606471697512 0.0
1.4187837790405518 0.0 0.0 0.0 0.0
1.6214671760463448 0.0016446010786162518 0.004933803235848756 0.0 0.0
1.824150573052138 0.0 0.0 0.0 0.0
2.026833970057931 0.0 0.0 0.0 0.0
2.2295173670637243 0.0 0.0 0.0 0.0
2.4322007640695174 0.009867606471697512 0.029602819415092536 0.0 0.0
2.6348841610753104 0.041115026965406296 0.1233450808962189 0.0 0.0
2.8375675580811035 0.24997936394967027 0.7499380918490108 0.0 0.0
3.0402509550868966 0.5016033289779568 1.5048099869338705 0.0 0.0
3.2429343520926897 0.5394291537861307 1.618287461358392 0.0 0.0
3.4456177490984827 0.24833476287105405 0.745004288613162 0.0 0.0
3.648301146104276 0.049338032358487556 0.14801409707546268 0.0 0.0
3.850984543110069 0.0016446010786162518 0.004933803235848756 0.0 0.0
4.053667940115862 0.0 0.0 0.0 0.0
4.2563513371216555 0.0 0.0 0.0 0.0
4.4590347341274486 0.0 0.0 0.0 0.0
4.661718131133242 0.0 0.0 0.0 0.0
4.864401528139035 0.0 0.0 0.0 0.0
5.067084925144828 0.0016446010786162518 0.0 0.004933803235848756 0.0
5.269768322150621 0.004933803235848756 0.0 0.009867606471697512 0.004933803235848756
5.472451719156414 0.04275962804402254 0.0 0.08387465500942885 0.0444042291226388
5.675135116162207 0.12005587873898638 0.0 0.21215353914149648 0.14801409707546268
5.877818513168 0.39141505671066795 0.0 0.5969901915376994 0.5772549785943044
6.080501910173793 0.6808648465471283 0.0 0.9966282536414487 1.0459662859999361
