0.0 0.7302028789056157 0.0 1.07063530217918 1.1199733345376675
0.2026833970057931 0.666063436839582 0.0 1.0262310730565412 0.9719592374622049
0.4053667940115862 0.3371432211163316 0.0 0.5427183559433632 0.46871130740563177
0.6080501910173793 0.17103851217609017 0.0 0.2466901617924378 0.2664253747358328
0.8107335880231724 0.05098263343710381 0.0 0.06413944206603382 0.0888084582452776
1.0134169850289656 0.013156808628930015 0.0 0.024669016179243778 0.014801409707546268
1.2161003820347587 0.0016446010786162518 0.0 0.004933803235848756 0.0
1.4187837790405518 0.0016446010786162518 0.0 0.0 0.004933803235848756
1.6214671760463448 0.0 0.0 0.0 0.0
1.824150573052138 0.0 0.0 0.0 0.0
2.026833970057931 0.0 0.0 0.0 0.0
2.2295173670637243 0.0016446010786162518 0.004933803235848756 0.0 0.0
2.4322007640695174 0.004933803235848756 0.014801409707546268 0.0 0.0
2.6348841610753104 0.041115026965406296 0.1233450808962189 0.0 0.0
2.8375675580811035 0.24011175747797275 0.7203352724339183 0.0 0.0
3.0402509550868966 0.5344953505502819 1.6034860516508456 0.0 0.0
3.2429343520926897 0.5229831429999681 1.5689494289999044 0.0 0.0
3.4456177490984827 0.24175635855658903 0.7203352724339183 0.004933803235848756 0.0
3.648301146104276 0.04769343127987131 0.14308029383961393 0.0 0.0
3.850984543110069 0.011512207550313763 0.03453662265094129 0.0 0.0
4.053667940115862 0.0016446010786162518 0.0 0.004933803235848756 0.0
4.2563513371216555 0.0 0.0 0.0 0.0
4.4590347341274486 0.0 0.0 0.0 0.0
4.661718131133242 0.0016446010786162518 0.0 0.004933803235848756 0.0
4.864401528139035 0.0 0.0 0.0 0.0
5.067084925144828 0.0016446010786162518 0.0 0.0 0.004933803235848756
5.269768322150621 0.01809061186477877 0.0 0.019735212943395024 0.03453662265094129
5.472451719156414 0.0789408517735801 0.0 0.1233450808962189 0.11347747442452137
5.675135116162207 0.14801409707546268 0.0 0.202285932669799 0.24175635855658903
5.877818513168 0.4029272642609817 0.0 0.5920563883018507 0.6167254044810945
6.080501910173793 0.6627742346823495 0.0 1.0015620568772974 0.9867606471697512
