0.0 0.8387465500942886 0.0 1.2383846121980377 1.2778550380848277
0.2026833970057931 0.6890878519402095 0.0 1.0163634665848436 1.050900089235785
0.4053667940115862 0.37332444484588917 0.0 0.5032479300565731 0.6167254044810945
0.6080501910173793 0.15459250138992767 0.0 0.25162396502828654 0.21215353914149648
0.8107335880231724 0.06085023990880132 0.0 0.09867606471697511 0.08387465500942885
1.0134169850289656 0.011512207550313763 0.0 0.024669016179243778 0.009867606471697512
1.2161003820347587 0.0 0.0 0.0 0.0
1.4187837790405518 0.0016446010786162518 0.0 0.004933803235848756 0.0
1.6214671760463448 0.0 0.0 0.0 0.0
1.824150573052138 0.0 0.0 0.0 0.0
2.026833970057931 0.0 0.0 0.0 0.0
2.2295173670637243 0.0 0.0 0.0 0.0
2.4322007640695174 0.00822300539308126 0.024669016179243778 0.0 0.0
2.6348841610753104 0.04604883020125505 0.13814649060376516 0.0 0.0
2.8375675580811035 0.21050893806288024 0.6315268141886408 0.0 0.0
3.0402509550868966 0.5443629570219793 1.6330888710659381 0.0 0.0
3.2429343520926897 0.5805441807515369 1.7416325422546106 0.0 0.0
3.4456177490984827 0.21379814022011276 0.6413944206603382 0.0 0.0
3.648301146104276 0.03618122372955754 0.10854367118867261 0.0 0.0
3.850984543110069 0.0032892021572325037 0.009867606471697512 0.0 0.0
4.053667940115862 0.0 0.0 0.0 0.0
4.2563513371216555 0.0 0.0 0.0 0.0
4.4590347341274486 0.0 0.0 0.0 0.0
4.661718131133242 0.0 0.0 0.0 0.0
4.864401528139035 0.0 0.0 0.0 0.0
5.067084925144828 0.0016446010786162518 0.0 0.004933803235848756 0.0
5.269768322150621 0.006578404314465007 0.0 0.009867606471697512 0.009867606471697512
5.472451719156414 0.03782582480817379 0.004933803235848756 0.06907324530188258 0.03947042588679005
5.675135116162207 0.10689907011005638 0.0 0.15294790031131142 0.1677493100188577
5.877818513168 0.35852303513834294 0.0 0.5377845527075144 0.5377845527075144
6.080501910173793 0.6496174260534194 0.0 1.0212972698206924 0.9275550083395661
