0.0 0.6101470001666294 0.0 0.8782169759810785 0.9522240245188098
0.2026833970057931 0.5081817332924218 0.0 0.7203352724339183 0.8042099274433472
0.4053667940115862 0.4111502696540629 0.0 0.5920563883018507 0.6413944206603382
0.6080501910173793 0.21708734237734523 0.0 0.3108296038584716 0.34043242327356416
0.8107335880231724 0.1299234852106839 0.0 0.19735212943395022 0.19241832619810148
1.0134169850289656 0.06085023990880132 0.0 0.10854367118867261 0.07400704853773134
1.2161003820347587 0.024669016179243778 0.0 0.0444042291226388 0.029602819415092536
1.4187837790405518 0.011512207550313763 0.0 0.009867606471697512 0.024669016179243778
1.6214671760463448 0.006578404314465007 0.0 0.014801409707546268 0.004933803235848756
1.824150573052138 0.0032892021572325037 0.0 0.004933803235848756 0.004933803235848756
2.026833970057931 0.0032892021572325037 0.004933803235848756 0.004933803235848756 0.0
2.2295173670637243 0.011512207550313763 0.03453662265094129 0.0 0.0
2.4322007640695174 0.04275962804402254 0.1233450808962189 0.004933803235848756 0.0
2.6348841610753104 0.10854367118867261 0.32563101356601787 0.0 0.0
2.8375675580811035 0.25162396502828654 0.7548718950848596 0.0 0.0
3.0402509550868966 0.404571865339598 1.213715596018794 0.0 0.0
3.2429343520926897 0.4226624772043767 1.2679874316131303 0.0 0.0
3.4456177490984827 0.2532685661069028 0.7598056983207083 0.0 0.0
3.648301146104276 0.11183287334590514 0.3354986200377154 0.0 0.0
3.850984543110069 0.031247420493708784 0.09374226148112635 0.0 0.0
4.053667940115862 0.004933803235848756 0.014801409707546268 0.0 0.0
4.2563513371216555 0.0 0.0 0.0 0.0
4.4590347341274486 0.0 0.0 0.0 0.0
4.661718131133242 0.0016446010786162518 0.0 0.004933803235848756 0.0
4.864401528139035 0.006578404314465007 0.0 0.004933803235848756 0.014801409707546268
5.067084925144828 0.027958218336476284 0.0 0.0444042291226388 0.03947042588679005
5.269768322150621 0.0444042291226388 0.0 0.07400704853773134 0.05920563883018507
5.472451719156414 0.10032066579559136 0.0 0.18255071972640394 0.11841127766037014
5.675135116162207 0.21544274129872898 0.0 0.34043242327356416 0.30589580062262284
5.877818513168 0.3700352426886567 0.0 0.5525859624150606 0.5575197656509094
6.080501910173793 0.5377845527075144 0.004933803235848756 0.8387465500942886 0.7696733047924059
