0.0 0.8206559382295097 0.0 1.233450808962189 1.2285170057263401
0.2026833970057931 0.6512620271320357 0.0 0.9423564180471123 1.0114296633489948
0.4053667940115862 0.43417468475469045 0.0 0.6364606174244894 0.666063436839582
0.6080501910173793 0.12827888413206764 0.0 0.1776169164905552 0.20721973590564774
0.8107335880231724 0.0444042291226388 0.0 0.08387465500942885 0.049338032358487556
1.0134169850289656 0.0 0.0 0.0 0.0
1.2161003820347587 0.0 0.0 0.0 0.0
1.4187837790405518 0.0 0.0 0.0 0.0
1.6214671760463448 0.0 0.0 0.0 0.0
1.824150573052138 0.0 0.0 0.0 0.0
2.026833970057931 0.0 0.0 0.0 0.0
2.2295173670637243 0.0 0.0 0.0 0.0
2.4322007640695174 0.004933803235848756 0.014801409707546268 0.0 0.0
2.6348841610753104 0.03947042588679005 0.11841127766037014 0.0 0.0
2.8375675580811035 0.22531034777042652 0.6759310433112796 0.0 0.0
3.0402509550868966 0.5591643667295256 1.6774931001885771 0.0 0.0
3.2429343520926897 0.5246277440785844 1.573883232235753 0.0 0.0
3.4456177490984827 0.24340095963520528 0.7302028789056157 0.0 0.0
3.648301146104276 0.04275962804402254 0.12827888413206764 0.0 0.0
3.850984543110069 0.004933803235848756 0.014801409707546268 0.0 0.0
4.053667940115862 0.0 0.0 0.0 0.0
4.2563513371216555 0.0 0.0 0.0 0.0
4.4590347341274486 0.0 0.0 0.0 0.0
4.661718131133242 0.0 0.0 0.0 0.0
4.864401528139035 0.0 0.0 0.0 0.0
5.067084925144828 0.0 0.0 0.0 0.0
5.269768322150621 0.004933803235848756 0.0 0.004933803235848756 0.009867606471697512
5.472451719156414 0.03782582480817379 0.0 0.049338032358487556 0.06413944206603382
5.675135116162207 0.13156808628930017 0.0 0.21708734237734523 0.1776169164905552
5.877818513168 0.3651014394528079 0.0 0.5871225850660019 0.5081817332924218
6.080501910173793 0.6709972400754308 0.0 1.0015620568772974 1.0114296633489948
