0.0 0.7762517091068708 0.0 1.1545099571886088 1.1742451701320038
0.2026833970057931 0.6381052185031058 0.0 0.8831507792169272 1.03116487629239
0.4053667940115862 0.39470425886790045 0.0 0.6315268141886408 0.5525859624150606
0.6080501910173793 0.14472489491823015 0.0 0.25162396502828654 0.18255071972640394
0.8107335880231724 0.05098263343710381 0.0 0.08387465500942885 0.06907324530188258
1.0134169850289656 0.014801409707546268 0.0 0.029602819415092536 0.014801409707546268
1.2161003820347587 0.0016446010786162518 0.0 0.004933803235848756 0.0
1.4187837790405518 0.0 0.0 0.0 0.0
1.6214671760463448 0.0 0.0 0.0 0.0
1.824150573052138 0.0 0.0 0.0 0.0
2.026833970057931 0.0 0.0 0.0 0.0
2.2295173670637243 0.0 0.0 0.0 0.0
2.4322007640695174 0.009867606471697512 0.029602819415092536 0.0 0.0
2.6348841610753104 0.0444042291226388 0.1332126873679164 0.0 0.0
2.8375675580811035 0.22531034777042652 0.6759310433112796 0.0 0.0
3.0402509550868966 0.5246277440785844 1.573883232235753 0.0 0.0
3.2429343520926897 0.5394291537861307 1.618287461358392 0.0 0.0
3.4456177490984827 0.24833476287105405 0.745004288613162 0.0 0.0
3.648301146104276 0.04604883020125505 0.13814649060376516 0.0 0.0
3.850984543110069 0.004933803235848756 0.014801409707546268 0.0 0.0
4.053667940115862 0.0 0.0 0.0 0.0
4.2563513371216555 0.0032892021572325037 0.004933803235848756 0.004933803235848756 0.0
4.4590347341274486 0.0 0.0 0.0 0.0
4.661718131133242 0.0 0.0 0.0 0.0
4.864401528139035 0.0016446010786162518 0.0 0.0 0.004933803235848756
5.067084925144828 0.0032892021572325037 0.0 0.004933803235848756 0.004933803235848756
5.269768322150621 0.013156808628930015 0.0 0.014801409707546268 0.024669016179243778
5.472451719156414 0.04769343127987131 0.0 0.05920563883018507 0.08387465500942885
5.675135116162207 0.15294790031131142 0.0 0.25162396502828654 0.20721973590564774
5.877818513168 0.4078610674968305 0.0 0.5723211753584557 0.6512620271320357
6.080501910173793 0.6397498195817221 0.0 0.9867606471697512 0.9324888115754149
