0.0 0.8453249544087534 0.0 1.2186493992546426 1.3173254639716179
0.2026833970057931 0.6841540487043607 0.0 0.9719592374622049 1.0805029086508775
0.4053667940115862 0.39141505671066795 0.0 0.5723211753584557 0.6019239947735482
0.6080501910173793 0.1365018895251489 0.0 0.202285932669799 0.20721973590564774
0.8107335880231724 0.027958218336476284 0.0 0.03453662265094129 0.049338032358487556
1.0134169850289656 0.0016446010786162518 0.0 0.004933803235848756 0.0
1.2161003820347587 0.0 0.0 0.0 0.0
1.4187837790405518 0.0 0.0 0.0 0.0
1.6214671760463448 0.0016446010786162518 0.004933803235848756 0.0 0.0
1.824150573052138 0.0 0.0 0.0 0.0
2.026833970057931 0.0 0.0 0.0 0.0
2.2295173670637243 0.0 0.0 0.0 0.0
2.4322007640695174 0.0032892021572325037 0.009867606471697512 0.0 0.0
2.6348841610753104 0.049338032358487556 0.14801409707546268 0.0 0.0
2.8375675580811035 0.20557513482703146 0.6167254044810945 0.0 0.0
3.0402509550868966 0.5344953505502819 1.6034860516508456 0.0 0.0
3.2429343520926897 0.5575197656509094 1.6725592969527283 0.0 0.0
3.4456177490984827 0.228599549927659 0.6857986497829771 0.0 0.0
3.648301146104276 0.06085023990880132 0.18255071972640394 0.0 0.0
3.850984543110069 0.0032892021572325037 0.009867606471697512 0.0 0.0
4.053667940115862 0.0 0.0 0.0 0.0
4.2563513371216555 0.0 0.0 0.0 0.0
4.4590347341274486 0.0 0.0 0.0 0.0
4.661718131133242 0.0 0.0 0.0 0.0
4.864401528139035 0.0 0.0 0.0 0.0
5.067084925144828 0.0016446010786162518 0.0 0.004933803235848756 0.0
5.269768322150621 0.004933803235848756 0.0 0.0 0.014801409707546268
5.472451719156414 0.02137981402201127 0.0 0.014801409707546268 0.049338032358487556
5.675135116162207 0.1365018895251489 0.0 0.19735212943395022 0.21215353914149648
5.877818513168 0.417728673968528 0.0 0.6907324530188258 0.5624535688867581
6.080501910173793 0.620014606638327 0.0 1.0212972698206924 0.8387465500942886
