0.0 0.7926977198930335 0.0 1.2235832024904914 1.1545099571886088
0.2026833970057931 0.7367812832200809 0.0 1.1199733345376675 1.090370515122575
0.4053667940115862 0.34207702435218035 0.0 0.5723211753584557 0.4539098976980855
0.6080501910173793 0.12005587873898638 0.0 0.19735212943395022 0.16281550678300893
0.8107335880231724 0.029602819415092536 0.0 0.03947042588679005 0.049338032358487556
1.0134169850289656 0.0032892021572325037 0.0 0.0 0.009867606471697512
1.2161003820347587 0.0016446010786162518 0.0 0.004933803235848756 0.0
1.4187837790405518 0.0 0.0 0.0 0.0
1.6214671760463448 0.0 0.0 0.0 0.0
1.824150573052138 0.0 0.0 0.0 0.0
2.026833970057931 0.0 0.0 0.0 0.0
2.2295173670637243 0.0 0.0 0.0 0.0
2.4322007640695174 0.0016446010786162518 0.004933803235848756 0.0 0.0
2.6348841610753104 0.04769343127987131 0.14308029383961393 0.0 0.0
2.8375675580811035 0.24833476287105405 0.745004288613162 0.0 0.0
3.0402509550868966 0.5279169462358169 1.5837508387074506 0.0 0.0
3.2429343520926897 0.536139951628898 1.6084198548866944 0.0 0.0
3.4456177490984827 0.22695494884904274 0.6808648465471283 0.0 0.0
3.648301146104276 0.049338032358487556 0.14801409707546268 0.0 0.0
3.850984543110069 0.0032892021572325037 0.009867606471697512 0.0 0.0
4.053667940115862 0.0032892021572325037 0.009867606471697512 0.0 0.0
4.2563513371216555 0.0 0.0 0.0 0.0
4.4590347341274486 0.0 0.0 0.0 0.0
4.661718131133242 0.0 0.0 0.0 0.0
4.864401528139035 0.0016446010786162518 0.0 0.004933803235848756 0.0
5.067084925144828 0.0016446010786162518 0.0 0.0 0.004933803235848756
5.269768322150621 0.0032892021572325037 0.0 0.0 0.009867606471697512
5.472451719156414 0.03289202157232504 0.0 0.049338032358487556 0.049338032358487556
5.675135116162207 0.15130329923269517 0.0 0.19735212943395022 0.2565577682641353
5.877818513168 0.36181223729557543 0.0 0.5032479300565731 0.5821887818301531
6.080501910173793 0.7104676659622208 0.0 1.0212972698206924 1.11010572806597
