0.0 0.32096246856865557 0.3764014404123325 0.22409015987338865 0.21008452488130183
0.5711986642890533 0.24821097569309367 0.2976197435818443 0.19257748114119336 0.23809579486547544
1.1423973285781066 0.13285900971660108 0.13130282805081364 0.15231128053894383 0.13830564554685706
1.7135959928671598 0.08558999161830816 0.0717788793344448 0.13130282805081364 0.12254930618075942
2.284794657156213 0.11068342097913032 0.10329155806664007 0.1435577586688896 0.14530846304290046
2.8559933214452666 0.1394727817961976 0.13830564554685706 0.15756339366097638 0.15056057616493299
3.4271919857343196 0.1408344407537616 0.12079860180674858 0.13830564554685706 0.1365549411728462
3.998390650023373 0.1027079899419698 0.09103662744856413 0.1400563499208679 0.1260507149287811
4.569589314312426 0.0922037636979047 0.06127465309037971 0.11379578431070517 0.12079860180674858
5.140787978601479 0.12780141930279196 0.11029437556268347 0.16981832427905233 0.1330535324248245
5.711986642890533 0.24937811194243426 0.2486000211095405 0.1873253680191608 0.2293422729954212
