0.0 0.2499616800671045 0.3063732654518985 0.1943281855152042 0.21708734237734525
0.5711986642890533 0.21903256945957952 0.2258408642473995 0.18207325489712825 0.2118352292553127
1.1423973285781066 0.15970314345143408 0.15756339366097638 0.1470591674169113 0.1610648024089981
1.7135959928671598 0.12546714680411084 0.11029437556268347 0.15581268928696554 0.1610648024089981
2.284794657156213 0.12235478347253598 0.10154085369262923 0.1365549411728462 0.1260507149287811
2.8559933214452666 0.13616589575639934 0.1365549411728462 0.17507043740108488 0.11379578431070517
3.4271919857343196 0.1274123738863451 0.10504226244065092 0.13130282805081364 0.1365549411728462
3.998390650023373 0.11613005680938629 0.09453803619658584 0.13130282805081364 0.1260507149287811
4.569589314312426 0.11807528389162057 0.12254930618075942 0.1435577586688896 0.1365549411728462
5.140787978601479 0.15464555303762498 0.16456621115701978 0.18207325489712825 0.14530846304290046
5.711986642890533 0.22175588737470753 0.2258408642473995 0.17156902865306317 0.21533663800333439
