0.0 0.31823915065352765 0.3553929879242023 0.1873253680191608 0.2188380467513561
0.5711986642890533 0.23945745382303943 0.25035072548355136 0.20133100301124762 0.21533663800333439
1.1423973285781066 0.13538780492350563 0.11729719305872688 0.15406198491295467 0.1680676199050415
1.7135959928671598 0.08636808245120187 0.06127465309037971 0.12780141930279196 0.14180705429487875
2.284794657156213 0.10543130785709778 0.10504226244065092 0.11904789743273772 0.11904789743273772
2.8559933214452666 0.13538780492350563 0.1260507149287811 0.11379578431070517 0.1260507149287811
3.4271919857343196 0.1400563499208679 0.1260507149287811 0.15931409803498722 0.1365549411728462
3.998390650023373 0.11204507993669433 0.09979014931861838 0.16456621115701978 0.1365549411728462
4.569589314312426 0.088702354949883 0.08228310557850989 0.15581268928696554 0.12780141930279196
5.140787978601479 0.1330535324248245 0.11729719305872688 0.16456621115701978 0.17331973302707404
5.711986642890533 0.256575452146701 0.3098746741999202 0.20308170738525846 0.1873253680191608
