0.0 0.22428468258161208 0.25035072548355136 0.16981832427905233 0.16456621115701978
0.5711986642890533 0.2054159798839396 0.25035072548355136 0.15931409803498722 0.1943281855152042
1.1423973285781066 0.15172771241427357 0.11729719305872688 0.16631691553103062 0.20133100301124762
1.7135959928671598 0.1204095563903017 0.10854367118867263 0.1680676199050415 0.11379578431070517
2.284794657156213 0.1381111228386336 0.12780141930279196 0.15406198491295467 0.1365549411728462
2.8559933214452666 0.14647559929224102 0.13130282805081364 0.1295521236768028 0.1610648024089981
3.4271919857343196 0.15600721199518897 0.1610648024089981 0.17507043740108488 0.14180705429487875
3.998390650023373 0.1324699643001542 0.16281550678300893 0.1365549411728462 0.1400563499208679
4.569589314312426 0.1322754415919308 0.09453803619658584 0.15581268928696554 0.16456621115701978
5.140787978601479 0.14764273554158158 0.15056057616493299 0.17507043740108488 0.16281550678300893
5.711986642890533 0.19588436718099161 0.19607888988921507 0.1610648024089981 0.16981832427905233
