0.0 0.26591254214142557 0.29236763045981173 0.2258408642473995 0.18907607239317167
0.5711986642890533 0.20736120696617388 0.21008452488130183 0.1435577586688896 0.19257748114119336
1.1423973285781066 0.12371644243009998 0.13480423679883535 0.1295521236768028 0.16281550678300893
1.7135959928671598 0.10290251265019322 0.0717788793344448 0.12780141930279196 0.15581268928696554
2.284794657156213 0.12352191972187654 0.11379578431070517 0.12780141930279196 0.1610648024089981
2.8559933214452666 0.16748405178037118 0.17857184614910657 0.14880987179092214 0.1470591674169113
3.4271919857343196 0.16631691553103062 0.16456621115701978 0.15406198491295467 0.14530846304290046
3.998390650023373 0.13110830534259024 0.1295521236768028 0.1400563499208679 0.12430001055477025
4.569589314312426 0.10212442181729951 0.08578451432653159 0.15756339366097638 0.14530846304290046
5.140787978601479 0.1392782590879742 0.1295521236768028 0.19958029863723675 0.14530846304290046
5.711986642890533 0.22097779654181382 0.23984649923948628 0.19607888988921507 0.18207325489712825
