0.0 0.2886716990035666 0.3553929879242023 0.19958029863723675 0.19607888988921507
0.5711986642890533 0.2180599559184624 0.2188380467513561 0.16981832427905233 0.16281550678300893
1.1423973285781066 0.14044539533731476 0.13480423679883535 0.16981832427905233 0.15931409803498722
1.7135959928671598 0.09142567286501099 0.08228310557850989 0.11554648868471602 0.15406198491295467
2.284794657156213 0.11593553410116288 0.10679296681466177 0.10679296681466177 0.15231128053894383
2.8559933214452666 0.15892505261854037 0.14180705429487875 0.16281550678300893 0.15056057616493299
3.4271919857343196 0.16651143823925404 0.14180705429487875 0.15406198491295467 0.1470591674169113
3.998390650023373 0.12099312451497199 0.12430001055477025 0.1435577586688896 0.13130282805081364
4.569589314312426 0.09628874057059668 0.08403380995252074 0.15581268928696554 0.15231128053894383
5.140787978601479 0.1295521236768028 0.14530846304290046 0.15931409803498722 0.14530846304290046
5.711986642890533 0.2238956371651652 0.21533663800333439 0.21358593362932354 0.19958029863723675
