0.0 0.29606356191605687 0.32563101356601787 0.18557466364514996 0.2188380467513561
0.5711986642890533 0.23887388569836915 0.27836199546772494 0.21008452488130183 0.2118352292553127
1.1423973285781066 0.1443358495017833 0.1470591674169113 0.1978295942632259 0.14530846304290046
1.7135959928671598 0.0957051724459264 0.08578451432653159 0.13830564554685706 0.13480423679883535
2.284794657156213 0.1083491484804492 0.11554648868471602 0.15406198491295467 0.10854367118867263
2.8559933214452666 0.1429741905442193 0.12430001055477025 0.1365549411728462 0.1435577586688896
3.4271919857343196 0.13772207742218676 0.09979014931861838 0.13480423679883535 0.13130282805081364
3.998390650023373 0.10017919473506523 0.08928592307455328 0.11729719305872688 0.10854367118867263
4.569589314312426 0.10445869431598064 0.07002817496043395 0.1365549411728462 0.15581268928696554
5.140787978601479 0.14336323596066616 0.1400563499208679 0.17156902865306317 0.1435577586688896
5.711986642890533 0.23867936299014572 0.27486058671970326 0.1680676199050415 0.2486000211095405
