0.0 0.281085313382853 0.323880309192007 0.21358593362932354 0.22233945549937778
0.5711986642890533 0.21164070654708927 0.23459438611745376 0.21008452488130183 0.15406198491295467
1.1423973285781066 0.1217712153478657 0.11554648868471602 0.16281550678300893 0.15231128053894383
1.7135959928671598 0.09803944494460753 0.0682774705864231 0.15231128053894383 0.12780141930279196
2.284794657156213 0.1260507149287811 0.12780141930279196 0.1803225505231174 0.10154085369262923
2.8559933214452666 0.1709854605283929 0.15231128053894383 0.16631691553103062 0.16631691553103062
3.4271919857343196 0.16923475615438205 0.16281550678300893 0.13830564554685706 0.12079860180674858
3.998390650023373 0.1217712153478657 0.11204507993669433 0.11029437556268347 0.15756339366097638
4.569589314312426 0.0951216043212561 0.06652676621241226 0.09979014931861838 0.17507043740108488
5.140787978601479 0.13558232763172906 0.14180705429487875 0.1365549411728462 0.16981832427905233
5.711986642890533 0.21942161487602635 0.24509861236151884 0.1803225505231174 0.20308170738525846
