0.0 0.31921176419464475 0.36764791854227824 0.20658311613328015 0.22409015987338865
0.5711986642890533 0.23381629528456005 0.21358593362932354 0.18907607239317167 0.20308170738525846
1.1423973285781066 0.13752755471396336 0.1295521236768028 0.14880987179092214 0.1260507149287811
1.7135959928671598 0.09278733182257498 0.0682774705864231 0.1435577586688896 0.1435577586688896
2.284794657156213 0.10348608077486351 0.08578451432653159 0.1435577586688896 0.13830564554685706
2.8559933214452666 0.1507550988731564 0.17331973302707404 0.14180705429487875 0.1470591674169113
3.4271919857343196 0.1406399180455382 0.1260507149287811 0.1400563499208679 0.11379578431070517
3.998390650023373 0.10173537640085266 0.07528028808246649 0.14530846304290046 0.1400563499208679
4.569589314312426 0.09434351348836241 0.09803944494460753 0.1365549411728462 0.16631691553103062
5.140787978601479 0.13110830534259024 0.14530846304290046 0.16981832427905233 0.14880987179092214
5.711986642890533 0.24529313506974224 0.26785776922365984 0.18557466364514996 0.19958029863723675
