0.0 0.30462256107788765 0.3764014404123325 0.19607888988921507 0.19958029863723675
0.5711986642890533 0.24937811194243426 0.2906169260858009 0.17331973302707404 0.2048324117592693
1.1423973285781066 0.12430001055477025 0.11029437556268347 0.17331973302707404 0.15581268928696554
1.7135959928671598 0.09862301306927782 0.08753521870054244 0.11554648868471602 0.17857184614910657
2.284794657156213 0.11087794368735376 0.10154085369262923 0.19958029863723675 0.10854367118867263
2.8559933214452666 0.14978248533203928 0.12079860180674858 0.1365549411728462 0.15056057616493299
3.4271919857343196 0.15153318970605012 0.15756339366097638 0.12079860180674858 0.1610648024089981
3.998390650023373 0.10990533014623662 0.08403380995252074 0.12780141930279196 0.1400563499208679
4.569589314312426 0.08558999161830816 0.05777324434235801 0.13130282805081364 0.13480423679883535
5.140787978601479 0.13888921367152735 0.1470591674169113 0.19082677676718252 0.1365549411728462
5.711986642890533 0.22720252320496345 0.21708734237734525 0.18557466364514996 0.1803225505231174
