0.0 0.0017507043740108488 0.0 0.0035014087480216977 0.0017507043740108488
0.5711986642890533 0.0017507043740108488 0.0 0.0035014087480216977 0.0017507043740108488
1.1423973285781066 0.006419249371373112 0.0 0.008753521870054244 0.010504226244065093
1.7135959928671598 0.030929110607524995 0.0035014087480216977 0.04201690497626037 0.04726901809829292
2.284794657156213 0.1949117536398745 0.09103662744856413 0.25735354297959473 0.2363450904914646
2.8559933214452666 0.6390070965139598 0.8175789426630664 0.5339648340733089 0.5654775128055042
3.4271919857343196 0.6372563921399489 0.7458000633286216 0.5602253996834716 0.6057437134077536
3.998390650023373 0.18499109552047968 0.09278733182257498 0.2591042473536056 0.20308170738525846
4.569589314312426 0.0443511774749415 0.0 0.06302535746439054 0.07002817496043395
5.140787978601479 0.007002817496043395 0.0 0.012254930618075942 0.008753521870054244
5.711986642890533 0.0023342724986811316 0.0 0.007002817496043395 0.0
