0.0 0.0052521131220325465 0.0 0.007002817496043395 0.008753521870054244
0.5711986642890533 0.014589203116757073 0.0 0.015756339366097636 0.02801126998417358
1.1423973285781066 0.021008452488130186 0.0017507043740108488 0.02275915686214103 0.03851549622823867
1.7135959928671598 0.0922037636979047 0.02976197435818443 0.13130282805081364 0.11554648868471602
2.284794657156213 0.24568218048618912 0.21008452488130183 0.2521014298575622 0.27486058671970326
2.8559933214452666 0.550888309688747 0.7037831583523613 0.45343243286880985 0.49544933784507017
3.4271919857343196 0.5094549728371569 0.6057437134077536 0.5059535640891353 0.416667641014582
3.998390650023373 0.22409015987338865 0.17507043740108488 0.243347907987508 0.25385213423157305
4.569589314312426 0.05835681246702829 0.02275915686214103 0.08228310557850989 0.07002817496043395
5.140787978601479 0.021592020612800467 0.0017507043740108488 0.02976197435818443 0.03326338310620613
5.711986642890533 0.007586385620713678 0.0 0.007002817496043395 0.015756339366097636
