0.0 0.0 0.0 0.0 0.0
0.5711986642890533 0.0023342724986811316 0.0 0.0017507043740108488 0.0052521131220325465
1.1423973285781066 0.006419249371373112 0.0 0.008753521870054244 0.010504226244065093
1.7135959928671598 0.030929110607524995 0.0035014087480216977 0.03851549622823867 0.050770426846314616
2.284794657156213 0.16690048365570093 0.09103662744856413 0.20658311613328015 0.20308170738525846
2.8559933214452666 0.6296700065192353 0.7090352714743938 0.6039930090337428 0.5759817390495693
3.4271919857343196 0.6716869114954956 0.8438395082732291 0.6022423046597319 0.5689789215535258
3.998390650023373 0.17798827802443629 0.09628874057059668 0.22058875112536694 0.21708734237734525
4.569589314312426 0.05018685872164433 0.007002817496043395 0.05602253996834716 0.08753521870054244
5.140787978601479 0.012254930618075942 0.0 0.008753521870054244 0.02801126998417358
5.711986642890533 0.0023342724986811316 0.0 0.0035014087480216977 0.0035014087480216977
