0.0 0.0011671362493405658 0.0 0.0 0.0035014087480216977
0.5711986642890533 0.0011671362493405658 0.0 0.0017507043740108488 0.0017507043740108488
1.1423973285781066 0.006419249371373112 0.0 0.010504226244065093 0.008753521870054244
1.7135959928671598 0.03151267873219527 0.0035014087480216977 0.04376760935027122 0.04726901809829292
2.284794657156213 0.16865118802971177 0.08228310557850989 0.1978295942632259 0.2258408642473995
2.8559933214452666 0.6594319808774196 0.8018226032969688 0.5707296259275367 0.6057437134077536
3.4271919857343196 0.6816075696148904 0.7913183770529036 0.6670183664981334 0.5864859652936344
3.998390650023373 0.1680676199050415 0.06652676621241226 0.21358593362932354 0.22409015987338865
4.569589314312426 0.02859483810884386 0.0052521131220325465 0.04201690497626037 0.03851549622823867
5.140787978601479 0.0023342724986811316 0.0 0.0035014087480216977 0.0035014087480216977
5.711986642890533 0.0017507043740108488 0.0 0.0 0.0052521131220325465
