0.0 0.0017507043740108488 0.0 0.0017507043740108488 0.0035014087480216977
0.5711986642890533 0.0017507043740108488 0.0 0.0017507043740108488 0.0035014087480216977
1.1423973285781066 0.004084976872691981 0.0 0.007002817496043395 0.0052521131220325465
1.7135959928671598 0.026844133734833013 0.0017507043740108488 0.036764791854227825 0.04201690497626037
2.284794657156213 0.1744868692764146 0.0682774705864231 0.2258408642473995 0.2293422729954212
2.8559933214452666 0.6535962996307169 0.7703099245647734 0.6144972352778079 0.5759817390495693
3.4271919857343196 0.6699362071214847 0.8263324645331206 0.5969901915376995 0.5864859652936344
3.998390650023373 0.17798827802443629 0.07878169683048819 0.20133100301124762 0.25385213423157305
4.569589314312426 0.02801126998417358 0.0035014087480216977 0.04901972247230377 0.03151267873219527
5.140787978601479 0.010504226244065093 0.0017507043740108488 0.012254930618075942 0.01750704374010849
5.711986642890533 0.0017507043740108488 0.0 0.0035014087480216977 0.0017507043740108488
