0.0 0.0005835681246702829 0.0 0.0 0.0017507043740108488
0.5711986642890533 0.0005835681246702829 0.0 0.0 0.0017507043740108488
1.1423973285781066 0.004668544997362263 0.0 0.007002817496043395 0.007002817496043395
1.7135959928671598 0.029178406233514146 0.0 0.04026620060224952 0.04726901809829292
2.284794657156213 0.16923475615438205 0.07352958370845565 0.22058875112536694 0.21358593362932354
2.8559933214452666 0.6617662533761008 0.7773127420608168 0.5934887827896778 0.6144972352778079
3.4271919857343196 0.6769390246175282 0.8070747164190013 0.6215000527738512 0.6022423046597319
3.998390650023373 0.16223193865833863 0.09103662744856413 0.20308170738525846 0.19257748114119336
4.569589314312426 0.03443051935554669 0.0017507043740108488 0.05602253996834716 0.04551831372428206
5.140787978601479 0.008753521870054244 0.0 0.008753521870054244 0.01750704374010849
5.711986642890533 0.0023342724986811316 0.0 0.0 0.007002817496043395
