0.0 0.0011671362493405658 0.0 0.0017507043740108488 0.0017507043740108488
0.5711986642890533 0.002917840623351415 0.0 0.0052521131220325465 0.0035014087480216977
1.1423973285781066 0.006419249371373112 0.0 0.012254930618075942 0.007002817496043395
1.7135959928671598 0.03501408748021698 0.0 0.050770426846314616 0.054271835594336314
2.284794657156213 0.1879089361438311 0.10154085369262923 0.24684931673552965 0.21533663800333439
2.8559933214452666 0.6535962996307169 0.8070747164190013 0.5829845565456127 0.5707296259275367
3.4271919857343196 0.6553470040047278 0.7668085158167517 0.5952394871636886 0.6039930090337428
3.998390650023373 0.17331973302707404 0.07528028808246649 0.20133100301124762 0.243347907987508
4.569589314312426 0.029178406233514146 0.0 0.04201690497626037 0.04551831372428206
5.140787978601479 0.004668544997362263 0.0 0.010504226244065093 0.0035014087480216977
5.711986642890533 0.0011671362493405658 0.0 0.0017507043740108488 0.0017507043740108488
