0.0 0.0011671362493405658 0.0 0.0035014087480216977 0.0
0.5711986642890533 0.0017507043740108488 0.0 0.0035014087480216977 0.0017507043740108488
1.1423973285781066 0.007586385620713678 0.0 0.008753521870054244 0.01400563499208679
1.7135959928671598 0.03151267873219527 0.0035014087480216977 0.04726901809829292 0.04376760935027122
2.284794657156213 0.20074743488657731 0.09453803619658584 0.24159720361349715 0.266107064849649
2.8559933214452666 0.6582648446280791 0.810576125167023 0.5952394871636886 0.5689789215535258
3.4271919857343196 0.6425085052619814 0.7685592201907626 0.591738078415667 0.567228217179515
3.998390650023373 0.17215259677773345 0.07002817496043395 0.22233945549937778 0.22409015987338865
4.569589314312426 0.02567699748549245 0.0035014087480216977 0.02976197435818443 0.04376760935027122
5.140787978601479 0.008753521870054244 0.0 0.007002817496043395 0.019257748114119334
5.711986642890533 0.0005835681246702829 0.0 0.0 0.0017507043740108488
