0.0 0.004084976872691981 0.0 0.0035014087480216977 0.008753521870054244
0.5711986642890533 0.008169953745383962 0.0 0.01750704374010849 0.007002817496043395
1.1423973285781066 0.02275915686214103 0.0 0.04376760935027122 0.024509861236151884
1.7135959928671598 0.0682774705864231 0.02976197435818443 0.07878169683048819 0.09628874057059668
2.284794657156213 0.24159720361349715 0.20658311613328015 0.25735354297959473 0.26085495172761647
2.8559933214452666 0.5217099034552329 0.6355056877659381 0.4726901809829292 0.45693384161683154
3.4271919857343196 0.5456361965667145 0.6652676621241225 0.4831944072269943 0.48844652034902686
3.998390650023373 0.235177954242124 0.1873253680191608 0.2486000211095405 0.2696084735976707
4.569589314312426 0.07878169683048819 0.02626056561016273 0.10329155806664007 0.10679296681466177
5.140787978601479 0.019257748114119334 0.0 0.03326338310620613 0.024509861236151884
5.711986642890533 0.0052521131220325465 0.0 0.008753521870054244 0.007002817496043395
