0.0 0.0023342724986811316 0.0 0.0035014087480216977 0.0035014087480216977
0.5711986642890533 0.0011671362493405658 0.0 0.0017507043740108488 0.0017507043740108488
1.1423973285781066 0.004668544997362263 0.0 0.010504226244065093 0.0035014087480216977
1.7135959928671598 0.02275915686214103 0.0035014087480216977 0.02801126998417358 0.036764791854227825
2.284794657156213 0.16514977928169008 0.09278733182257498 0.19607888988921507 0.20658311613328015
2.8559933214452666 0.6862761146122527 0.7773127420608168 0.6530127315060466 0.6285028702698947
3.4271919857343196 0.6576812765034088 0.7948197858009254 0.5847352609196235 0.5934887827896778
3.998390650023373 0.17507043740108488 0.07703099245647733 0.21708734237734525 0.23109297736943205
4.569589314312426 0.025093429360822164 0.0052521131220325465 0.04201690497626037 0.02801126998417358
5.140787978601479 0.007586385620713678 0.0 0.008753521870054244 0.01400563499208679
5.711986642890533 0.002917840623351415 0.0 0.0052521131220325465 0.0035014087480216977
