0.0 0.3862905543087721 1.0924395293827696 0.1330535324248245 0.09453803619658584
0.5711986642890533 0.13125551171638095 0.32563101356601787 0.11204507993669433 0.08403380995252074
1.1423973285781066 0.012207614283643215 0.02801126998417358 0.05252113122032546 0.04901972247230377
1.7135959928671598 0.006529654151716138 0.0 0.07352958370845565 0.03851549622823867
2.284794657156213 0.0695550116161067 0.0 0.15056057616493299 0.21008452488130183
2.8559933214452666 0.45026223846181723 0.0 0.4271718672586471 0.44467891099875556
3.4271919857343196 0.4605771993681514 0.0 0.4096648235185386 0.416667641014582
3.998390650023373 0.06766235823879767 0.0 0.1330535324248245 0.19958029863723675
4.569589314312426 0.00889547087335242 0.0 0.07703099245647733 0.08753521870054244
5.140787978601479 0.013343206310028631 0.01400563499208679 0.07703099245647733 0.05252113122032546
5.711986642890533 0.1441255546820823 0.2906169260858009 0.10504226244065092 0.07352958370845565
