0.0 0.38666908498423397 0.9908986756901403 0.1260507149287811 0.10504226244065092
0.5711986642890533 0.1352300838087299 0.3606451010462348 0.08753521870054244 0.06652676621241226
1.1423973285781066 0.013532471647759534 0.021008452488130186 0.09803944494460753 0.07002817496043395
1.7135959928671598 0.008611572866756066 0.010504226244065093 0.04551831372428206 0.07352958370845565
2.284794657156213 0.06832478692085582 0.021008452488130186 0.1610648024089981 0.1400563499208679
2.8559933214452666 0.4457198703562756 0.007002817496043395 0.39215777977843014 0.45518313724282067
3.4271919857343196 0.46228058740772954 0.0 0.42016904976260366 0.4131662322665603
3.998390650023373 0.07040670563589575 0.0035014087480216977 0.20658311613328015 0.19607888988921507
4.569589314312426 0.009557899555410579 0.0 0.05602253996834716 0.09803944494460753
5.140787978601479 0.012680777627970471 0.007002817496043395 0.05952394871636886 0.04901972247230377
5.711986642890533 0.1376905331992316 0.32913242231403955 0.09803944494460753 0.08403380995252074
