0.0 0.38193745154096137 0.9313747269737715 0.1295521236768028 0.11554648868471602
0.5711986642890533 0.13437838978894082 0.35364228355019145 0.11554648868471602 0.10154085369262923
1.1423973285781066 0.013532471647759534 0.03501408748021698 0.03501408748021698 0.05602253996834716
1.7135959928671598 0.0073813481715052 0.0 0.05952394871636886 0.04201690497626037
2.284794657156213 0.07002817496043395 0.0 0.24159720361349715 0.19257748114119336
2.8559933214452666 0.4518709938325298 0.007002817496043395 0.3746507360383216 0.4376760935027122
3.4271919857343196 0.4569811579512642 0.02801126998417358 0.4096648235185386 0.4621859547388641
3.998390650023373 0.07135303232455027 0.010504226244065093 0.17857184614910657 0.1610648024089981
4.569589314312426 0.0073813481715052 0.007002817496043395 0.05952394871636886 0.05252113122032546
5.140787978601479 0.015992921038261266 0.04201690497626037 0.05952394871636886 0.05252113122032546
5.711986642890533 0.13986708458313699 0.336135239810083 0.08753521870054244 0.07703099245647733
