0.0 0.3570490596293477 0.973391631950032 0.1365549411728462 0.11204507993669433
0.5711986642890533 0.14535577937733316 0.30812396982590934 0.1295521236768028 0.06652676621241226
1.1423973285781066 0.018926533773090257 0.03501408748021698 0.07002817496043395 0.02801126998417358
1.7135959928671598 0.011166654926123253 0.0035014087480216977 0.06302535746439054 0.05602253996834716
2.284794657156213 0.07466517573484106 0.0035014087480216977 0.1470591674169113 0.18207325489712825
2.8559933214452666 0.4401365428932139 0.0035014087480216977 0.37815214478634335 0.5217099034552329
3.4271919857343196 0.44865348309110453 0.0035014087480216977 0.4131662322665603 0.3991605972744735
3.998390650023373 0.08242505458180807 0.0035014087480216977 0.1400563499208679 0.19607888988921507
4.569589314312426 0.011450552932719606 0.0035014087480216977 0.08753521870054244 0.08053240120449905
5.140787978601479 0.020251391137206576 0.05602253996834716 0.07002817496043395 0.05252113122032546
5.711986642890533 0.14062414593406058 0.35714369229821313 0.11554648868471602 0.05602253996834716
