0.0 0.3631055504367366 0.8263324645331206 0.10504226244065092 0.1400563499208679
0.5711986642890533 0.14062414593406058 0.3711493272902999 0.09103662744856413 0.08403380995252074
1.1423973285781066 0.017128513064646682 0.06302535746439054 0.06302535746439054 0.04551831372428206
1.7135959928671598 0.013343206310028631 0.01400563499208679 0.08053240120449905 0.08753521870054244
2.284794657156213 0.07901827850265182 0.0035014087480216977 0.17857184614910657 0.17507043740108488
2.8559933214452666 0.44515207434308285 0.03151267873219527 0.37815214478634335 0.36764791854227824
3.4271919857343196 0.4367297668140577 0.01400563499208679 0.3851549622823867 0.38165355353436503
3.998390650023373 0.0811948298865572 0.0035014087480216977 0.18207325489712825 0.22058875112536694
4.569589314312426 0.010693491581795996 0.0035014087480216977 0.10154085369262923 0.06302535746439054
5.140787978601479 0.01750704374010849 0.05602253996834716 0.06652676621241226 0.06652676621241226
5.711986642890533 0.14620747339712223 0.3641465097942565 0.11904789743273772 0.11904789743273772
