0.0 0.39035975906998654 0.973391631950032 0.1400563499208679 0.10854367118867263
0.5711986642890533 0.13996171725200246 0.36764791854227824 0.10854367118867263 0.05602253996834716
1.1423973285781066 0.013816369654355887 0.01750704374010849 0.05952394871636886 0.04901972247230377
1.7135959928671598 0.010125695568603288 0.0 0.07703099245647733 0.11554648868471602
2.284794657156213 0.07315105303299385 0.0 0.17156902865306317 0.19607888988921507
2.8559933214452666 0.4569811579512642 0.0 0.3886563710304084 0.4271718672586471
3.4271919857343196 0.4519656265013953 0.0035014087480216977 0.3851549622823867 0.4131662322665603
3.998390650023373 0.0656750721926232 0.007002817496043395 0.21358593362932354 0.18207325489712825
4.569589314312426 0.006718919489447041 0.0035014087480216977 0.04551831372428206 0.06302535746439054
5.140787978601479 0.011734450939315959 0.024509861236151884 0.05952394871636886 0.04901972247230377
5.711986642890533 0.13021455235886098 0.35364228355019145 0.10154085369262923 0.09103662744856413
