0.0 0.2677158202203617 0.6197493483998404 0.1330535324248245 0.07352958370845565
0.5711986642890533 0.15387271957522378 0.4271718672586471 0.11204507993669433 0.10854367118867263
1.1423973285781066 0.047600232439321995 0.11554648868471602 0.10854367118867263 0.04201690497626037
1.7135959928671598 0.03577114883114059 0.03151267873219527 0.1260507149287811 0.09453803619658584
2.284794657156213 0.14043488059632972 0.010504226244065093 0.18557466364514996 0.23809579486547544
2.8559933214452666 0.372852715329878 0.007002817496043395 0.30462256107788765 0.35714369229821313
3.4271919857343196 0.35421007956338413 0.0 0.2731098823456924 0.35364228355019145
3.998390650023373 0.13627104316624983 0.007002817496043395 0.18907607239317167 0.23109297736943205
4.569589314312426 0.03416239346042791 0.021008452488130186 0.10854367118867263 0.1435577586688896
5.140787978601479 0.04949288581663102 0.09803944494460753 0.09453803619658584 0.04901972247230377
5.711986642890533 0.15832045501189998 0.4131662322665603 0.11554648868471602 0.05952394871636886
