0.0 0.3840193702560013 1.0014029019342054 0.15056057616493299 0.11904789743273772
0.5711986642890533 0.1408134112717915 0.34313805730612634 0.10854367118867263 0.05252113122032546
1.1423973285781066 0.015141227018472205 0.01400563499208679 0.08053240120449905 0.06302535746439054
1.7135959928671598 0.007759878846967006 0.0 0.05602253996834716 0.07703099245647733
2.284794657156213 0.06681066421900861 0.0 0.11904789743273772 0.16456621115701978
2.8559933214452666 0.45357438187210797 0.0 0.451681728494799 0.4656873634868858
3.4271919857343196 0.4597255053483624 0.0 0.40616341477051693 0.4271718672586471
3.998390650023373 0.06993354229156849 0.0 0.16456621115701978 0.20308170738525846
4.569589314312426 0.005299429456465272 0.0 0.03501408748021698 0.05252113122032546
5.140787978601479 0.014100267660952242 0.02801126998417358 0.06652676621241226 0.05602253996834716
5.711986642890533 0.13352669576915174 0.3641465097942565 0.11204507993669433 0.07002817496043395
