0.0 0.2677158202203617 0.5707296259275367 0.11554648868471602 0.15406198491295467
0.5711986642890533 0.15765802632984183 0.3746507360383216 0.11204507993669433 0.10504226244065092
1.1423973285781066 0.0481680284525147 0.1295521236768028 0.10154085369262923 0.09103662744856413
1.7135959928671598 0.03264827075858069 0.01750704374010849 0.1330535324248245 0.10854367118867263
2.284794657156213 0.1334320631002863 0.010504226244065093 0.17507043740108488 0.21358593362932354
2.8559933214452666 0.35714369229821313 0.007002817496043395 0.32563101356601787 0.2521014298575622
3.4271919857343196 0.3620645910792166 0.02801126998417358 0.30812396982590934 0.33963664855810466
3.998390650023373 0.14422018735094774 0.024509861236151884 0.18907607239317167 0.20658311613328015
4.569589314312426 0.03700137352639145 0.03851549622823867 0.11904789743273772 0.10854367118867263
5.140787978601479 0.048451926459111054 0.11204507993669433 0.08753521870054244 0.07703099245647733
5.711986642890533 0.1622003944353835 0.4376760935027122 0.08403380995252074 0.09453803619658584
