0.0 0.3773004507665543 1.0329155806664008 0.1610648024089981 0.06302535746439054
0.5711986642890533 0.13504081847099897 0.32563101356601787 0.10154085369262923 0.10154085369262923
1.1423973285781066 0.012018348945912312 0.03851549622823867 0.02801126998417358 0.06302535746439054
1.7135959928671598 0.007097450164908847 0.0035014087480216977 0.06302535746439054 0.05602253996834716
2.284794657156213 0.07116376698681937 0.0035014087480216977 0.20658311613328015 0.20308170738525846
2.8559933214452666 0.4545207085607625 0.0035014087480216977 0.38165355353436503 0.4831944072269943
3.4271919857343196 0.4602933013615551 0.0 0.4131662322665603 0.4271718672586471
3.998390650023373 0.06529654151716138 0.0 0.1400563499208679 0.19257748114119336
4.569589314312426 0.00899010354221787 0.0035014087480216977 0.07002817496043395 0.06652676621241226
5.140787978601479 0.014951961680741302 0.02801126998417358 0.05252113122032546 0.03851549622823867
5.711986642890533 0.14403092201321685 0.3116253785739311 0.1330535324248245 0.05602253996834716
