0.0 0.6271434998147805 0.6796234379910114 0.4621859547388641 0.4634114478006716
0.5711986642890533 0.41447411141655666 0.4422279248751404 0.35084115655177406 0.40476285127130823
1.1423973285781066 0.12816185843861772 0.10014029019342055 0.17962226877351306 0.20150607344864868
1.7135959928671598 0.023727193398358798 0.009278733182257498 0.060749441778176455 0.0682774705864231
2.284794657156213 0.00453123485038102 0.0007002817496043395 0.014530846304290045 0.020483241175926932
2.8559933214452666 0.0009783347972413567 0.0 0.0033263383106206124 0.003676479185422782
3.4271919857343196 0.0011534052346424417 0.00035014087480216976 0.0057773244342358004 0.0045518313724282064
3.998390650023373 0.00421198875864963 0.0015756339366097638 0.018557466364514996 0.011729719305872686
4.569589314312426 0.02338735078458022 0.009278733182257498 0.07335451327105456 0.053396483407330886
5.140787978601479 0.12062353136934749 0.09296240225997607 0.1943281855152042 0.16666705640583282
5.711986642890533 0.40231186514769307 0.414566795765769 0.3874308779686008 0.35224172005098275
