0.0 0.7433387789439828 0.8212554218484892 0.5472701873157912 0.5449942716295773
0.5711986642890533 0.4036712356028074 0.39390848415244095 0.3912824275914247 0.377451863036739
1.1423973285781066 0.08042941859426311 0.050245215534111355 0.16526649290662412 0.15563761884956445
1.7135959928671598 0.008516661866511599 0.0017507043740108488 0.031687749169596366 0.041141552789254944
2.284794657156213 0.0011843000177132212 0.0 0.004901972247230376 0.009278733182257498
2.8559933214452666 0.0008444574039346447 0.0 0.0007002817496043395 0.002976197435818443
3.4271919857343196 0.0013181774110199332 0.0 0.0008753521870054244 0.004376760935027122
3.998390650023373 0.002131740031883798 0.001225493061807594 0.00682774705864231 0.0071778879334444805
4.569589314312426 0.011410473214141296 0.0035014087480216977 0.04026620060224952 0.04271718672586471
5.140787978601479 0.08506363605488006 0.06460099140100033 0.16736733815543714 0.1573883232235753
5.711986642890533 0.41279549486971095 0.4142166548909668 0.3942586250272432 0.4075639782697256
