0.0 0.7714736280604395 0.819154576599676 0.5801834295471953 0.5677534284917182
0.5711986642890533 0.41462858533191055 0.410540175705544 0.4150920070779722 0.41019003483074185
1.1423973285781066 0.0760423593982124 0.05199591990812221 0.15441212578775687 0.15843874584798182
1.7135959928671598 0.008434275778322854 0.0015756339366097638 0.033613523981008295 0.03711493272902999
2.284794657156213 0.0008444574039346447 0.0 0.004901972247230376 0.004901972247230376
2.8559933214452666 0.00015447391535389841 0.0 0.00035014087480216976 0.001400563499208679
3.4271919857343196 7.20878271651526e-05 0.0 0.0010504226244065092 0.0
3.998390650023373 0.0005355095732268478 0.00017507043740108488 0.0022759156862141032 0.0031512678732195276
4.569589314312426 0.006776255753524345 0.0021008452488130184 0.03116253785739311 0.0323880309192007
5.140787978601479 0.07008996452657551 0.054446906031737394 0.132003109800418 0.14880987179092214
5.711986642890533 0.40165277644218306 0.41071524614294513 0.3956591885264518 0.3865555257815954
