0.0 0.766952691471082 0.8296588028437412 0.5721301894267453 0.5700293441779324
0.5711986642890533 0.4080994878429524 0.3968846815882594 0.40073623121108326 0.40353735820950065
1.1423973285781066 0.0722217045584593 0.05217099034552329 0.1412818429826755 0.14600874479250478
1.7135959928671598 0.007991450554308345 0.002450986123615188 0.03133760829479419 0.03378859441840938
2.284794657156213 0.0015035461094446113 0.0008753521870054244 0.006302535746439055 0.005427183559433631
2.8559933214452666 0.0009680365362177634 0.0010504226244065092 0.00035014087480216976 0.0026260565610162732
3.4271919857343196 0.0004634217460616952 0.0007002817496043395 0.0007002817496043395 0.001225493061807594
3.998390650023373 0.000720878271651526 0.0 0.005952394871636886 0.003676479185422782
4.569589314312426 0.006992519235019801 0.004201690497626037 0.03308831266880504 0.027135917797168157
5.140787978601479 0.07328242544388941 0.04866958159750159 0.15458719622515796 0.14548353348030152
5.711986642890533 0.41150821224176176 0.4140415844535657 0.40423763995910494 0.4117656687673516
