0.0 0.7738937194009838 0.8230061262225 0.5714299076771411 0.5696792033031303
0.5711986642890533 0.413629654012622 0.4121158096421538 0.4133413027039614 0.40336228777209954
1.1423973285781066 0.07204663412105822 0.051820849470721124 0.15073564660233407 0.14653395610470804
1.7135959928671598 0.008115029686591464 0.0026260565610162732 0.032738171794002874 0.033613523981008295
2.284794657156213 0.001215194800784001 0.0008753521870054244 0.006302535746439055 0.004201690497626037
2.8559933214452666 0.0006075974003920005 0.0007002817496043395 0.0015756339366097638 0.0007002817496043395
3.4271919857343196 0.0007723695767694922 0.0008753521870054244 0.0010504226244065092 0.00017507043740108488
3.998390650023373 0.001081317407477289 0.0005252113122032546 0.0038515496228238673 0.004726901809829292
4.569589314312426 0.007713397506671327 0.002450986123615188 0.03308831266880504 0.030812396982590938
5.140787978601479 0.06984280626200927 0.050245215534111355 0.13953113860866465 0.15563761884956445
5.711986642890533 0.4017866538354898 0.4054631330209126 0.3970597520256605 0.4012614425232865
