0.0 0.7612680513860586 0.8135523226028414 0.5625013153696856 0.5661777945551085
0.5711986642890533 0.4122805818185313 0.3923328502158312 0.4110653870177473 0.4282222898830536
1.1423973285781066 0.07153172106987857 0.04814437028529834 0.1437328291062907 0.1549373370999601
1.7135959928671598 0.007383853153916344 0.0045518313724282064 0.02906169260858009 0.030462256107788768
2.284794657156213 0.0011637034956660348 0.00035014087480216976 0.005602253996834716 0.003676479185422782
2.8559933214452666 0.001441756543303052 0.0017507043740108488 0.0017507043740108488 0.0015756339366097638
3.4271919857343196 0.0008959487090526108 0.00017507043740108488 0.0021008452488130184 0.0008753521870054244
3.998390650023373 0.0008753521870054244 0.0005252113122032546 0.004726901809829292 0.0031512678732195276
4.569589314312426 0.007610414896435396 0.0026260565610162732 0.03396366485581047 0.029411833483382256
5.140787978601479 0.07585699069978771 0.055672399093544996 0.1598393093471905 0.14670902654210913
5.711986642890533 0.41039600005121374 0.43102341688147094 0.3963594702760561 0.3855051031571889
