0.0 0.6160419744313469 0.6831248467390332 0.4562335598672272 0.4487055310589805
0.5711986642890533 0.41171417746223365 0.4361004595661024 0.3700989046658934 0.37132439772770104
1.1423973285781066 0.1336405333031693 0.11414592518550733 0.18207325489712825 0.20308170738525846
1.7135959928671598 0.028701253472754325 0.013480423679883535 0.07160380889704371 0.07107859758484045
2.284794657156213 0.005478674864551597 0.0008753521870054244 0.017156902865306318 0.019958029863723675
2.8559933214452666 0.0015550374145625774 0.0 0.004376760935027122 0.008053240120449903
3.4271919857343196 0.0009062469700762039 0.0 0.002801126998417358 0.004901972247230376
3.998390650023373 0.0035529000531396636 0.00017507043740108488 0.015931409803498723 0.016281550678300893
4.569589314312426 0.022635577729857914 0.011204507993669432 0.06039930090337429 0.07020324539783503
5.140787978601479 0.1246913444736668 0.09243719094777281 0.18802564976876515 0.18452424102074344
5.711986642890533 0.4017866538354898 0.3991605972744735 0.3820036944091672 0.35259186092578493
