0.0 0.7598983826699207 0.8207302105362859 0.5505965256264119 0.5653024423681031
0.5711986642890533 0.40947945482011394 0.4168427114519831 0.38252890572137044 0.3933832728402377
1.1423973285781066 0.07993510206513063 0.05497211734394065 0.16334071809521217 0.15476226666255904
1.7135959928671598 0.009937821887767465 0.0038515496228238673 0.03886563710304084 0.036764791854227825
2.284794657156213 0.002039055682671459 0.0015756339366097638 0.0077030992456477345 0.007002817496043395
2.8559933214452666 0.0015241426314917977 0.001400563499208679 0.0007002817496043395 0.0031512678732195276
3.4271919857343196 0.0012769843669255604 0.0 0.001400563499208679 0.0035014087480216977
3.998390650023373 0.0009577382751941702 0.0 0.004201690497626037 0.006652676621241225
4.569589314312426 0.00807383664249709 0.0015756339366097638 0.03501408748021698 0.03483901704281589
5.140787978601479 0.07416807589191843 0.05304634253252872 0.15668804147397095 0.15248635097634491
5.711986642890533 0.40341377907721754 0.3967096111508583 0.4096648235185386 0.39285806152803443
