0.0 0.754574181720723 0.829308661968939 0.5591749770590652 0.554623145686637
0.5711986642890533 0.41303235487325357 0.4136914435787636 0.412641020954357 0.37762693347414006
1.1423973285781066 0.07822559073521416 0.05234606078292438 0.15108578747713625 0.1433826882314885
1.7135959928671598 0.009958418409814651 0.0031512678732195276 0.04149169366405711 0.031862819606997446
2.284794657156213 0.0013284756720435263 0.0 0.010154085369262923 0.0031512678732195276
2.8559933214452666 0.00016477217637749165 0.0 0.0010504226244065092 0.001400563499208679
3.4271919857343196 0.0004737200070852884 0.0 0.0015756339366097638 0.0031512678732195276
3.998390650023373 0.002039055682671459 0.0005252113122032546 0.0064776061838401405 0.008578451432653159
4.569589314312426 0.011111823644457092 0.0031512678732195276 0.03466394660541481 0.04551831372428206
5.140787978601479 0.07974973336670596 0.05252113122032546 0.15791353453577855 0.1734948034644751
5.711986642890533 0.4000462477225025 0.396009329401254 0.37447566560092055 0.4079141191445278
