0.0 0.7695478532490276 0.8406882404000096 0.577557372986179 0.5689789215535258
0.5711986642890533 0.39873836857250616 0.38760594840600193 0.3946087659020453 0.38708073709379864
1.1423973285781066 0.06975012191279693 0.05234606078292438 0.1458336743551037 0.14180705429487875
1.7135959928671598 0.006621781838170446 0.002976197435818443 0.029236763045981173 0.027661129109371414
2.284794657156213 0.000628193922439187 0.0005252113122032546 0.0033263383106206124 0.002976197435818443
2.8559933214452666 0.00011328087125952549 0.00017507043740108488 0.00017507043740108488 0.00017507043740108488
3.4271919857343196 8.238608818874582e-05 0.00017507043740108488 0.0007002817496043395 0.0
3.998390650023373 0.0009062469700762039 0.0 0.0052521131220325465 0.00682774705864231
4.569589314312426 0.008413679256275668 0.001225493061807594 0.03623958054202457 0.03956591885264518
5.140787978601479 0.07915243422733755 0.05112056772111678 0.15546254841216336 0.15843874584798182
5.711986642890533 0.41675002710277076 0.41386651401616464 0.40231186514769307 0.41719285232678527
