0.0 0.030151019774631287 0.03453662265094129 0.029602819415092536 0.024669016179243778
0.2026833970057931 0.02631361725786003 0.014801409707546268 0.03947042588679005 0.029602819415092536
0.4053667940115862 0.04001862624632879 0.03453662265094129 0.03453662265094129 0.03947042588679005
0.6080501910173793 0.0422114276844838 0.05427183559433631 0.024669016179243778 0.03453662265094129
0.8107335880231724 0.03508482301048004 0.024669016179243778 0.019735212943395024 0.06413944206603382
1.0134169850289656 0.03344022193186379 0.03947042588679005 0.0444042291226388 0.0444042291226388
1.2161003820347587 0.05262723451572006 0.03453662265094129 0.0444042291226388 0.0888084582452776
1.4187837790405518 0.06304304134695632 0.049338032358487556 0.1233450808962189 0.08387465500942885
1.6214671760463448 0.09154946004297135 0.06413944206603382 0.09867606471697511 0.11841127766037014
1.824150573052138 0.1299234852106839 0.18255071972640394 0.08387465500942885 0.19735212943395022
2.026833970057931 0.17597231541193895 0.13814649060376516 0.1332126873679164 0.1776169164905552
2.2295173670637243 0.25600956790459656 0.2713591779716816 0.2565577682641353 0.30589580062262284
2.4322007640695174 0.30370299918446786 0.3651014394528079 0.3206972103301691 0.2466901617924378
2.6348841610753104 0.3535892319024942 0.3700352426886567 0.30589580062262284 0.3453662265094129
2.8375675580811035 0.43088548259745796 0.5673873721226069 0.29602819415092535 0.32563101356601787
3.0402509550868966 0.45994010165301175 0.4884465203490268 0.34043242327356416 0.38483665239620296
3.2429343520926897 0.4539098976980855 0.4588437009339343 0.4539098976980855 0.3897704556320517
3.4456177490984827 0.404571865339598 0.37990284916035416 0.42430707828299297 0.3552338329811104
3.648301146104276 0.35139643046433916 0.404571865339598 0.3453662265094129 0.3453662265094129
3.850984543110069 0.30370299918446786 0.2762929812075303 0.3996380621037492 0.21708734237734523
4.053667940115862 0.22585854812996525 0.21215353914149648 0.2664253747358328 0.20721973590564774
4.2563513371216555 0.14253209348007514 0.0789408517735801 0.1578817035471602 0.18255071972640394
4.4590347341274486 0.1321162866488389 0.09374226148112635 0.16281550678300893 0.14801409707546268
4.661718131133242 0.10909187154821139 0.0888084582452776 0.17268311325470645 0.1776169164905552
4.864401528139035 0.07016964602096008 0.05427183559433631 0.1233450808962189 0.07400704853773134
5.067084925144828 0.05372363523479756 0.029602819415092536 0.06413944206603382 0.05920563883018507
5.269768322150621 0.05098263343710381 0.03947042588679005 0.0444042291226388 0.09374226148112635
5.472451719156414 0.03453662265094129 0.019735212943395024 0.029602819415092536 0.06413944206603382
5.675135116162207 0.024669016179243778 0.014801409707546268 0.024669016179243778 0.03453662265094129
5.877818513168 0.023572615460166275 0.024669016179243778 0.024669016179243778 0.03453662265094129
6.080501910173793 0.028506418696015032 0.024669016179243778 0.0444042291226388 0.03947042588679005
