0.0 0.004385602876310005 0.0 0.0 0.014801409707546268
0.2026833970057931 0.007126604674003758 0.0 0.009867606471697512 0.014801409707546268
0.4053667940115862 0.00931940611215876 0.009867606471697512 0.024669016179243778 0.004933803235848756
0.6080501910173793 0.01041580683123626 0.014801409707546268 0.024669016179243778 0.0
0.8107335880231724 0.013156808628930015 0.014801409707546268 0.024669016179243778 0.009867606471697512
1.0134169850289656 0.01754241150524002 0.024669016179243778 0.004933803235848756 0.024669016179243778
1.2161003820347587 0.030699220134170032 0.024669016179243778 0.049338032358487556 0.019735212943395024
1.4187837790405518 0.04385602876310005 0.03453662265094129 0.06413944206603382 0.0789408517735801
1.6214671760463448 0.06962144566142132 0.029602819415092536 0.11841127766037014 0.10360986795282387
1.824150573052138 0.10744727046959512 0.08387465500942885 0.13814649060376516 0.14308029383961393
2.026833970057931 0.16446010786162518 0.11841127766037014 0.1578817035471602 0.2466901617924378
2.2295173670637243 0.22969595064673654 0.19241832619810148 0.3354986200377154 0.25162396502828654
2.4322007640695174 0.3261792139255566 0.3552338329811104 0.3157634070943204 0.33056481680186667
2.6348841610753104 0.40512006569913667 0.43417468475469045 0.30589580062262284 0.35030002974526164
2.8375675580811035 0.5218867422808906 0.6117916012452457 0.39470425886790045 0.43910848799053925
3.0402509550868966 0.5832851825492307 0.6216592077169432 0.4588437009339343 0.5081817332924218
3.2429343520926897 0.5608089678081419 0.7154014691980695 0.38483665239620296 0.5180493397641194
3.4456177490984827 0.5268205455167393 0.5772549785943044 0.4539098976980855 0.4933803235848756
3.648301146104276 0.44733149338362055 0.4144394718112955 0.43910848799053925 0.3453662265094129
3.850984543110069 0.3042511995440066 0.2713591779716816 0.36016763621695913 0.32563101356601787
4.053667940115862 0.23188875208489151 0.202285932669799 0.29602819415092535 0.2713591779716816
4.2563513371216555 0.1507550988731564 0.09374226148112635 0.23682255532074029 0.1578817035471602
4.4590347341274486 0.08277825429035134 0.03453662265094129 0.1677493100188577 0.10360986795282387
4.661718131133242 0.04056682660586755 0.024669016179243778 0.11841127766037014 0.05427183559433631
4.864401528139035 0.01699421114570127 0.009867606471697512 0.014801409707546268 0.049338032358487556
5.067084925144828 0.00822300539308126 0.0 0.014801409707546268 0.019735212943395024
5.269768322150621 0.007126604674003758 0.004933803235848756 0.004933803235848756 0.024669016179243778
5.472451719156414 0.002741001797693753 0.0 0.004933803235848756 0.004933803235848756
5.675135116162207 0.0021928014381550026 0.0 0.009867606471697512 0.004933803235848756
5.877818513168 0.0032892021572325037 0.009867606471697512 0.0 0.009867606471697512
6.080501910173793 0.003837402516771254 0.004933803235848756 0.0 0.009867606471697512
