0.0 0.1540443010303889 0.1677493100188577 0.11347747442452137 0.14801409707546268
0.2026833970057931 0.12170047981760264 0.1677493100188577 0.06413944206603382 0.09374226148112635
0.4053667940115862 0.11841127766037014 0.09867606471697511 0.14801409707546268 0.12827888413206764
0.6080501910173793 0.08826025788573885 0.06907324530188258 0.11841127766037014 0.08387465500942885
0.8107335880231724 0.07181424709957633 0.0444042291226388 0.0888084582452776 0.10854367118867261
1.0134169850289656 0.06797684458280508 0.03947042588679005 0.10360986795282387 0.10360986795282387
1.2161003820347587 0.06962144566142132 0.029602819415092536 0.10854367118867261 0.12827888413206764
1.4187837790405518 0.09154946004297135 0.03947042588679005 0.11841127766037014 0.13814649060376516
1.6214671760463448 0.11786307730083138 0.0789408517735801 0.14308029383961393 0.14801409707546268
1.824150573052138 0.1523996999517727 0.1332126873679164 0.14801409707546268 0.22695494884904274
2.026833970057931 0.19132192547902396 0.22695494884904274 0.1776169164905552 0.19241832619810148
2.2295173670637243 0.23791895603981777 0.25162396502828654 0.25162396502828654 0.25162396502828654
2.4322007640695174 0.2708109776121428 0.23682255532074029 0.23188875208489151 0.2664253747358328
2.6348841610753104 0.3272756146446341 0.4193732750471443 0.28122678444337906 0.2713591779716816
2.8375675580811035 0.3552338329811104 0.4292408815188417 0.2664253747358328 0.29109439091507655
3.0402509550868966 0.35797483477880415 0.3206972103301691 0.29602819415092535 0.2466901617924378
3.2429343520926897 0.33056481680186667 0.44897609446223674 0.28616058767922786 0.2466901617924378
3.4456177490984827 0.2932871923532316 0.3009619973867741 0.28122678444337906 0.23188875208489151
3.648301146104276 0.23682255532074029 0.21708734237734523 0.28122678444337906 0.20721973590564774
3.850984543110069 0.1743277143333227 0.16281550678300893 0.2466901617924378 0.14801409707546268
4.053667940115862 0.13047168557022265 0.1332126873679164 0.1677493100188577 0.10854367118867261
4.2563513371216555 0.0920976604025101 0.05920563883018507 0.14801409707546268 0.10854367118867261
4.4590347341274486 0.06852504494234382 0.07400704853773134 0.11347747442452137 0.0888084582452776
4.661718131133242 0.07784445105450259 0.06907324530188258 0.10360986795282387 0.1578817035471602
4.864401528139035 0.04769343127987131 0.029602819415092536 0.05920563883018507 0.0789408517735801
5.067084925144828 0.07181424709957633 0.014801409707546268 0.07400704853773134 0.11347747442452137
5.269768322150621 0.08058545285219633 0.0789408517735801 0.0789408517735801 0.0789408517735801
5.472451719156414 0.10086886615513012 0.09374226148112635 0.0888084582452776 0.11841127766037014
5.675135116162207 0.1332126873679164 0.10854367118867261 0.10854367118867261 0.18255071972640394
5.877818513168 0.1365018895251489 0.19735212943395022 0.10854367118867261 0.10360986795282387
6.080501910173793 0.16500830822116394 0.19241832619810148 0.12827888413206764 0.1332126873679164
