0.0 0.054820035953875065
0.2026833970057931 0.16446010786162518
0.4053667940115862 0.10964007190775013
0.6080501910173793 0.21928014381550026
0.8107335880231724 0.2741001797693753
1.0134169850289656 0.21928014381550026
1.2161003820347587 0.10964007190775013
1.4187837790405518 0.10964007190775013
1.6214671760463448 0.054820035953875065
1.824150573052138 0.10964007190775013
2.026833970057931 0.10964007190775013
2.2295173670637243 0.054820035953875065
2.4322007640695174 0.10964007190775013
2.6348841610753104 0.38374025167712544
2.8375675580811035 0.054820035953875065
3.0402509550868966 0.10964007190775013
3.2429343520926897 0.0
3.4456177490984827 0.16446010786162518
3.648301146104276 0.21928014381550026
3.850984543110069 0.21928014381550026
4.053667940115862 0.2741001797693753
4.2563513371216555 0.38374025167712544
4.4590347341274486 0.32892021572325036
4.661718131133242 0.21928014381550026
4.864401528139035 0.10964007190775013
5.067084925144828 0.10964007190775013
5.269768322150621 0.16446010786162518
5.472451719156414 0.16446010786162518
5.675135116162207 0.054820035953875065
5.877818513168 0.10964007190775013
6.080501910173793 0.16446010786162518
