0.0 0.11018827226728888 0.11841127766037014 0.11347747442452137 0.11347747442452137
0.2026833970057931 0.0888084582452776 0.07400704853773134 0.08387465500942885 0.09374226148112635
0.4053667940115862 0.08223005393081259 0.08387465500942885 0.049338032358487556 0.11347747442452137
0.6080501910173793 0.06413944206603382 0.06907324530188258 0.0789408517735801 0.049338032358487556
0.8107335880231724 0.05810923811110757 0.0444042291226388 0.06413944206603382 0.09867606471697511
1.0134169850289656 0.0455006298417163 0.049338032358487556 0.0444042291226388 0.06413944206603382
1.2161003820347587 0.051530833796642556 0.03453662265094129 0.049338032358487556 0.07400704853773134
1.4187837790405518 0.05591643667295257 0.029602819415092536 0.08387465500942885 0.0888084582452776
1.6214671760463448 0.07455524889727008 0.049338032358487556 0.11841127766037014 0.0888084582452776
1.824150573052138 0.08168185357127385 0.049338032358487556 0.1233450808962189 0.11841127766037014
2.026833970057931 0.13924289132284265 0.10854367118867261 0.16281550678300893 0.20721973590564774
2.2295173670637243 0.18693632260271395 0.17268311325470645 0.1776169164905552 0.19241832619810148
2.4322007640695174 0.24723836215197653 0.24175635855658903 0.3108296038584716 0.23682255532074029
2.6348841610753104 0.29712459487000287 0.3206972103301691 0.29109439091507655 0.19735212943395022
2.8375675580811035 0.4040236649800592 0.5081817332924218 0.36016763621695913 0.32563101356601787
3.0402509550868966 0.4007344628228267 0.3996380621037492 0.3354986200377154 0.3700352426886567
3.2429343520926897 0.3716798437672729 0.42430707828299297 0.26149157149998403 0.30589580062262284
3.4456177490984827 0.34262522471171913 0.33056481680186667 0.2565577682641353 0.29109439091507655
3.648301146104276 0.2795821833647628 0.2713591779716816 0.2565577682641353 0.32563101356601787
3.850984543110069 0.202285932669799 0.1677493100188577 0.1776169164905552 0.28122678444337906
4.053667940115862 0.1688457107379352 0.14801409707546268 0.202285932669799 0.19735212943395022
4.2563513371216555 0.12553788233437388 0.14801409707546268 0.1578817035471602 0.18255071972640394
4.4590347341274486 0.10196526687420762 0.08387465500942885 0.12827888413206764 0.1233450808962189
4.661718131133242 0.11676667658175388 0.14801409707546268 0.15294790031131142 0.1233450808962189
4.864401528139035 0.09264586076204887 0.06907324530188258 0.10854367118867261 0.10854367118867261
5.067084925144828 0.12060407909852515 0.13814649060376516 0.12827888413206764 0.0789408517735801
5.269768322150621 0.1266342830534514 0.11347747442452137 0.14801409707546268 0.10854367118867261
5.472451719156414 0.12553788233437388 0.13814649060376516 0.11841127766037014 0.10360986795282387
5.675135116162207 0.10909187154821139 0.11841127766037014 0.11841127766037014 0.0789408517735801
5.877818513168 0.12937528485114516 0.1332126873679164 0.15294790031131142 0.07400704853773134
6.080501910173793 0.13266448700837766 0.14801409707546268 0.11841127766037014 0.11841127766037014
