0.0 0.0016446010786162518 0.0 0.009867606471697512 0.0
0.2026833970057931 0.0005482003595387506 0.0 0.0 0.004933803235848756
0.4053667940115862 0.0005482003595387506 0.0 0.0 0.004933803235848756
0.6080501910173793 0.003837402516771254 0.0 0.014801409707546268 0.004933803235848756
0.8107335880231724 0.007126604674003758 0.0 0.009867606471697512 0.019735212943395024
1.0134169850289656 0.012060407909852513 0.004933803235848756 0.019735212943395024 0.029602819415092536
1.2161003820347587 0.02521721653878253 0.009867606471697512 0.03947042588679005 0.06413944206603382
1.4187837790405518 0.04275962804402254 0.019735212943395024 0.05427183559433631 0.09374226148112635
1.6214671760463448 0.08497105572850634 0.06413944206603382 0.10360986795282387 0.13814649060376516
1.824150573052138 0.11567027586267638 0.09374226148112635 0.16281550678300893 0.15294790031131142
2.026833970057931 0.17816511685009392 0.14308029383961393 0.20721973590564774 0.14308029383961393
2.2295173670637243 0.26587717437629405 0.26149157149998403 0.28122678444337906 0.3108296038584716
2.4322007640695174 0.3492036290261841 0.33056481680186667 0.3996380621037492 0.3453662265094129
2.6348841610753104 0.465970305607938 0.49831412682072435 0.5081817332924218 0.42430707828299297
2.8375675580811035 0.5301097476739718 0.5525859624150606 0.42430707828299297 0.444042291226388
3.0402509550868966 0.5882189857850794 0.6019239947735482 0.4785789138773293 0.5229831429999681
3.2429343520926897 0.5646463703249132 0.7006000594905233 0.40950566857544674 0.3897704556320517
3.4456177490984827 0.4478796937431593 0.5081817332924218 0.37990284916035416 0.3749690459245054
3.648301146104276 0.3897704556320517 0.38483665239620296 0.3996380621037492 0.44897609446223674
3.850984543110069 0.27245557869075904 0.29109439091507655 0.222021145613194 0.3108296038584716
4.053667940115862 0.2011895319507215 0.15294790031131142 0.21215353914149648 0.24175635855658903
4.2563513371216555 0.13156808628930017 0.11347747442452137 0.202285932669799 0.15294790031131142
4.4590347341274486 0.0811336532117351 0.06413944206603382 0.11841127766037014 0.09374226148112635
4.661718131133242 0.057561037751568817 0.029602819415092536 0.0888084582452776 0.06907324530188258
4.864401528139035 0.038374025167712544 0.049338032358487556 0.06413944206603382 0.03947042588679005
5.067084925144828 0.025765416898321278 0.0444042291226388 0.03453662265094129 0.029602819415092536
5.269768322150621 0.022476214741088775 0.009867606471697512 0.03947042588679005 0.024669016179243778
5.472451719156414 0.013705008988468766 0.004933803235848756 0.014801409707546268 0.014801409707546268
5.675135116162207 0.007674805033542508 0.0 0.024669016179243778 0.019735212943395024
5.877818513168 0.005482003595387506 0.0 0.009867606471697512 0.019735212943395024
6.080501910173793 0.0021928014381550026 0.0 0.0 0.0
