0.0 0.01589781042662377 0.009867606471697512 0.019735212943395024 0.004933803235848756
0.2026833970057931 0.020283413302933775 0.014801409707546268 0.019735212943395024 0.019735212943395024
0.4053667940115862 0.01809061186477877 0.009867606471697512 0.014801409707546268 0.019735212943395024
0.6080501910173793 0.019735212943395024 0.009867606471697512 0.019735212943395024 0.049338032358487556
0.8107335880231724 0.027958218336476284 0.024669016179243778 0.03453662265094129 0.05920563883018507
1.0134169850289656 0.025765416898321278 0.024669016179243778 0.03453662265094129 0.0444042291226388
1.2161003820347587 0.03234382121278629 0.029602819415092536 0.0444042291226388 0.0444042291226388
1.4187837790405518 0.04769343127987131 0.0444042291226388 0.03947042588679005 0.03947042588679005
1.6214671760463448 0.052079034156181314 0.049338032358487556 0.10360986795282387 0.05920563883018507
1.824150573052138 0.06194664062787882 0.0444042291226388 0.0789408517735801 0.07400704853773134
2.026833970057931 0.11292927406498263 0.10854367118867261 0.1874845229622527 0.11841127766037014
2.2295173670637243 0.16171910606393144 0.18255071972640394 0.10854367118867261 0.17268311325470645
2.4322007640695174 0.250527564309209 0.26149157149998403 0.26149157149998403 0.29602819415092535
2.6348841610753104 0.30041379702723536 0.29602819415092535 0.2664253747358328 0.26149157149998403
2.8375675580811035 0.34481802614987417 0.39470425886790045 0.3009619973867741 0.3651014394528079
3.0402509550868966 0.43088548259745796 0.37990284916035416 0.3897704556320517 0.3651014394528079
3.2429343520926897 0.47200050956286427 0.5032479300565731 0.444042291226388 0.4292408815188417
3.4456177490984827 0.46871130740563177 0.46377750416978303 0.37990284916035416 0.4884465203490268
3.648301146104276 0.457199099855318 0.48351271711317806 0.46377750416978303 0.3897704556320517
3.850984543110069 0.42156607648529926 0.3552338329811104 0.4588437009339343 0.33056481680186667
4.053667940115862 0.3223418114087853 0.3700352426886567 0.2762929812075303 0.3552338329811104
4.2563513371216555 0.24943116359013154 0.21708734237734523 0.23188875208489151 0.2664253747358328
4.4590347341274486 0.19515932799579522 0.2466901617924378 0.21215353914149648 0.21215353914149648
4.661718131133242 0.13485728844653266 0.12827888413206764 0.16281550678300893 0.14801409707546268
4.864401528139035 0.08551925608804509 0.07400704853773134 0.09867606471697511 0.10854367118867261
5.067084925144828 0.07181424709957633 0.07400704853773134 0.05427183559433631 0.07400704853773134
5.269768322150621 0.04056682660586755 0.03947042588679005 0.05427183559433631 0.06413944206603382
5.472451719156414 0.02631361725786003 0.014801409707546268 0.05427183559433631 0.019735212943395024
5.675135116162207 0.023024415100627527 0.029602819415092536 0.029602819415092536 0.019735212943395024
5.877818513168 0.023024415100627527 0.019735212943395024 0.06413944206603382 0.029602819415092536
6.080501910173793 0.019187012583856272 0.029602819415092536 0.024669016179243778 0.004933803235848756
