0.0 0.1523996999517727 0.1332126873679164 0.16281550678300893 0.09867606471697511
0.2026833970057931 0.16171910606393144 0.21708734237734523 0.18255071972640394 0.1233450808962189
0.4053667940115862 0.10635086975051763 0.0888084582452776 0.11841127766037014 0.0888084582452776
0.6080501910173793 0.07948905213311884 0.08387465500942885 0.05427183559433631 0.06413944206603382
0.8107335880231724 0.07345884817819258 0.0789408517735801 0.03947042588679005 0.08387465500942885
1.0134169850289656 0.06413944206603382 0.06907324530188258 0.09374226148112635 0.0444042291226388
1.2161003820347587 0.04385602876310005 0.019735212943395024 0.05427183559433631 0.05920563883018507
1.4187837790405518 0.03618122372955754 0.019735212943395024 0.07400704853773134 0.0444042291226388
1.6214671760463448 0.0444042291226388 0.03453662265094129 0.0789408517735801 0.05920563883018507
1.824150573052138 0.07236244745911508 0.0444042291226388 0.16281550678300893 0.0789408517735801
2.026833970057931 0.10306166759328511 0.0789408517735801 0.1874845229622527 0.1233450808962189
2.2295173670637243 0.1540443010303889 0.10854367118867261 0.23682255532074029 0.19241832619810148
2.4322007640695174 0.22805134956812026 0.22695494884904274 0.222021145613194 0.1578817035471602
2.6348841610753104 0.2751965804884528 0.3108296038584716 0.24175635855658903 0.19241832619810148
2.8375675580811035 0.3272756146446341 0.39470425886790045 0.29602819415092535 0.2762929812075303
3.0402509550868966 0.33988422291402537 0.3749690459245054 0.23188875208489151 0.28616058767922786
3.2429343520926897 0.34372162543079665 0.3651014394528079 0.3700352426886567 0.26149157149998403
3.4456177490984827 0.31137780421801037 0.3354986200377154 0.2565577682641353 0.3354986200377154
3.648301146104276 0.25107576466874776 0.25162396502828654 0.17268311325470645 0.26149157149998403
3.850984543110069 0.20064133159118272 0.19241832619810148 0.1776169164905552 0.24175635855658903
4.053667940115862 0.17103851217609017 0.19735212943395022 0.14801409707546268 0.20721973590564774
4.2563513371216555 0.16720110965931895 0.14801409707546268 0.13814649060376516 0.23682255532074029
4.4590347341274486 0.15459250138992767 0.1578817035471602 0.14801409707546268 0.17268311325470645
4.661718131133242 0.1233450808962189 0.08387465500942885 0.11841127766037014 0.1578817035471602
4.864401528139035 0.11731487694129263 0.05427183559433631 0.11347747442452137 0.1874845229622527
5.067084925144828 0.11018827226728888 0.07400704853773134 0.10360986795282387 0.17268311325470645
5.269768322150621 0.13047168557022265 0.12827888413206764 0.11347747442452137 0.22695494884904274
5.472451719156414 0.14965869815407892 0.16281550678300893 0.15294790031131142 0.14801409707546268
5.675135116162207 0.13376088772745515 0.1332126873679164 0.15294790031131142 0.0888084582452776
5.877818513168 0.15514070174946643 0.1677493100188577 0.1578817035471602 0.1677493100188577
6.080501910173793 0.1523996999517727 0.19735212943395022 0.17268311325470645 0.09374226148112635
