0.0 0.16062270534485393 0.222021145613194 0.10360986795282387 0.1332126873679164
0.2026833970057931 0.16117090570439266 0.1874845229622527 0.14801409707546268 0.10360986795282387
0.4053667940115862 0.16829751037839646 0.21215353914149648 0.13814649060376516 0.16281550678300893
0.6080501910173793 0.14691769635638516 0.18255071972640394 0.11347747442452137 0.14308029383961393
0.8107335880231724 0.13485728844653266 0.09867606471697511 0.13814649060376516 0.14801409707546268
1.0134169850289656 0.0888084582452776 0.0444042291226388 0.10360986795282387 0.09867606471697511
1.2161003820347587 0.08003725249265758 0.05920563883018507 0.1578817035471602 0.07400704853773134
1.4187837790405518 0.0866156568071226 0.0444042291226388 0.08387465500942885 0.13814649060376516
1.6214671760463448 0.09483866220020387 0.09374226148112635 0.10360986795282387 0.15294790031131142
1.824150573052138 0.11128467298636636 0.0888084582452776 0.12827888413206764 0.17268311325470645
2.026833970057931 0.12005587873898638 0.09374226148112635 0.16281550678300893 0.1578817035471602
2.2295173670637243 0.1743277143333227 0.14801409707546268 0.18255071972640394 0.222021145613194
2.4322007640695174 0.21379814022011276 0.21708734237734523 0.19241832619810148 0.20721973590564774
2.6348841610753104 0.2757447808479916 0.30589580062262284 0.23188875208489151 0.28616058767922786
2.8375675580811035 0.35852303513834294 0.43417468475469045 0.32563101356601787 0.3009619973867741
3.0402509550868966 0.39086685635112917 0.4193732750471443 0.2762929812075303 0.37990284916035416
3.2429343520926897 0.3667460405314242 0.37990284916035416 0.28616058767922786 0.28122678444337906
3.4456177490984827 0.34755902794756793 0.3700352426886567 0.23188875208489151 0.3453662265094129
3.648301146104276 0.26258797221906155 0.28616058767922786 0.23682255532074029 0.2713591779716816
3.850984543110069 0.206671535546109 0.21215353914149648 0.22695494884904274 0.1874845229622527
4.053667940115862 0.12279688053668013 0.0789408517735801 0.1874845229622527 0.14801409707546268
4.2563513371216555 0.0964832632788201 0.07400704853773134 0.13814649060376516 0.10854367118867261
4.4590347341274486 0.07619984997588634 0.0444042291226388 0.202285932669799 0.09867606471697511
4.661718131133242 0.06578404314465008 0.024669016179243778 0.0789408517735801 0.0789408517735801
4.864401528139035 0.05920563883018507 0.029602819415092536 0.06907324530188258 0.0789408517735801
5.067084925144828 0.06194664062787882 0.03947042588679005 0.1332126873679164 0.03947042588679005
5.269768322150621 0.06468764242557258 0.05920563883018507 0.09867606471697511 0.09374226148112635
5.472451719156414 0.07016964602096008 0.049338032358487556 0.10854367118867261 0.05427183559433631
5.675135116162207 0.09045305932389386 0.09374226148112635 0.03453662265094129 0.06907324530188258
5.877818513168 0.12553788233437388 0.15294790031131142 0.1776169164905552 0.09374226148112635
6.080501910173793 0.15020689851361768 0.1874845229622527 0.1332126873679164 0.10360986795282387
