0.0 0.05932828175692059 0.05164577903332004 0.07668085158167517 0.06460099140100033
0.5711986642890533 0.05838084174275 0.04149169366405711 0.09191197963556956 0.07738113333127952
1.1423973285781066 0.07914213596631396 0.056897892155352583 0.11029437556268347 0.1041669102536455
1.7135959928671598 0.151168173565325 0.142332265607082 0.16456621115701978 0.17331973302707404
2.284794657156213 0.26541708136106823 0.3044474906404866 0.22846692080841577 0.22531565293519626
2.8559933214452666 0.3474942217191063 0.39530904765164965 0.27293481190829133 0.30147129320466814
3.4271919857343196 0.3306050736404134 0.3391114372459014 0.2690832622854675 0.2930679122094161
3.998390650023373 0.2145951632096357 0.20693325700808232 0.22286466681158104 0.21446128581632898
4.569589314312426 0.11029437556268347 0.09313747269737714 0.14110677254527443 0.1425073360444831
5.140787978601479 0.06942057756004194 0.06109958265297862 0.09138676832336631 0.08893578219975111
5.711986642890533 0.06485844792659015 0.058298455654561265 0.08140775339150447 0.06547634358800575
