0.0 0.0676904697080783 0.0682774705864231 0.058473526091962345 0.054446906031737394
0.5711986642890533 0.052562324264419834 0.05584746953094607 0.049544933784507014 0.05812338521716018
1.1423973285781066 0.03687807272548735 0.028186340421574665 0.06320042790179164 0.06967803408563178
1.7135959928671598 0.07715457158876046 0.05584746953094607 0.1309526871760115 0.11169493906189214
2.284794657156213 0.22479044162299294 0.23056776605722878 0.23564480874186022 0.228992132120619
2.8559933214452666 0.44144525703734727 0.4726901809829292 0.342437775556522 0.35416749486239474
3.4271919857343196 0.45061070934834524 0.49492412653286694 0.3587193262348229 0.3746507360383216
3.998390650023373 0.23527407134501088 0.22619100512220167 0.23652016092886566 0.2486000211095405
4.569589314312426 0.08071776990292372 0.05777324434235801 0.13673001161024728 0.1285017010523963
5.140787978601479 0.035044982263287755 0.021708734237734523 0.07493014720766432 0.06722704796201659
5.711986642890533 0.04853570420419488 0.03869056666563976 0.0635505687765938 0.05462197646913848
