0.0 0.06899834885807463 0.07247916108404914 0.06407578008879707 0.06057437134077536
0.5711986642890533 0.05518838082543611 0.05252113122032546 0.06285028702698947 0.06372563921399489
1.1423973285781066 0.04742349201364681 0.03851549622823867 0.06897775233602743 0.07895676726788928
1.7135959928671598 0.08786476305329742 0.07072845671003829 0.12692606711578652 0.13585465942324187
2.284794657156213 0.23686000354264422 0.22233945549937778 0.2358198791792613 0.243347907987508
2.8559933214452666 0.4317648916751697 0.46323637736327056 0.3378859441840938 0.3643215802316576
3.4271919857343196 0.41804760799174345 0.44975595368338706 0.338236085058896 0.3398117189955057
3.998390650023373 0.21903371371080438 0.21813776500175175 0.23669523136626672 0.2291672025580201
4.569589314312426 0.07916273248836114 0.06512620271320357 0.1309526871760115 0.12184902443115507
5.140787978601479 0.04754707114592993 0.04079141191445278 0.07808141508088386 0.056897892155352583
5.711986642890533 0.05881336870574092 0.057072962592753664 0.07020324539783503 0.056197610405748236
