0.0 0.07376644371199828 0.08018226032969687 0.060924512215577535 0.06197493483998405
0.5711986642890533 0.06072884525612926 0.06582648446280792 0.06670183664981334 0.05812338521716018
1.1423973285781066 0.04224346671877942 0.034488876168013716 0.07563042895726867 0.05882366696676451
1.7135959928671598 0.07600116635411802 0.05794831477975909 0.13690508204764837 0.12097367224414964
2.284794657156213 0.21478053190806035 0.19082677676718252 0.22741649818400922 0.23687030180366783
2.8559933214452666 0.4154627444748216 0.4336494734424872 0.3426128459939231 0.336135239810083
3.4271919857343196 0.432516664729892 0.4873960977246203 0.332108619749858 0.3455890434297415
3.998390650023373 0.24581949063317035 0.2521014298575622 0.23231847043123965 0.2582288951666002
4.569589314312426 0.09052171439738448 0.07738113333127952 0.12762634886539087 0.14268240648188418
5.140787978601479 0.042006606715236774 0.02293422729954212 0.07440493589546107 0.0728293019588513
5.711986642890533 0.05685669911125821 0.04796929984789726 0.0740547950206589 0.058473526091962345
