0.0 0.08077955946906527 0.07212902020924697 0.07965704901749361 0.08070747164190013
0.5711986642890533 0.08129447252024494 0.07895676726788928 0.08876071176235004 0.09558845882099234
1.1423973285781066 0.08828699175526475 0.07528028808246649 0.11046944600008456 0.12097367224414964
1.7135959928671598 0.15046789181572065 0.14478325173069717 0.1734948034644751 0.16229029547080567
2.284794657156213 0.26071077607328613 0.2746855162823022 0.243347907987508 0.24352297842490905
2.8559933214452666 0.350336541761618 0.3925079206532323 0.292892841772015 0.2745104458449011
3.4271919857343196 0.32475566137901246 0.3366604511222862 0.2745104458449011 0.2741603049700989
3.998390650023373 0.19731468121204623 0.18697522714435866 0.20133100301124762 0.2072833978828845
4.569589314312426 0.09468221185091613 0.08490916213952616 0.12447508099217133 0.13340367329962668
5.140787978601479 0.057145050419918825 0.04989507465930919 0.08158282382890555 0.08315845776551531
5.711986642890533 0.06493053575375529 0.05392169471953414 0.08018226032969687 0.0751052176450654
