0.0 0.07266452978247381 0.07930690814269145 0.06302535746439054 0.05934887827896777
0.5711986642890533 0.05279918426796248 0.053396483407330886 0.06197493483998405 0.056197610405748236
1.1423973285781066 0.033582629197937516 0.020833382050729102 0.07020324539783503 0.05532225821874283
1.7135959928671598 0.07748411594151546 0.05164577903332004 0.13112775761341255 0.12044846093194639
2.284794657156213 0.23297755913674958 0.2200635398131637 0.2340691748052505 0.2486000211095405
2.8559933214452666 0.4329491916928829 0.47829243497976387 0.35119129742657623 0.35416749486239474
3.4271919857343196 0.4378202691570425 0.48984708384823544 0.34103721205731335 0.35801904448521854
3.998390650023373 0.23487243916509076 0.22479044162299294 0.23722044267847 0.2358198791792613
4.569589314312426 0.08292159776197267 0.056897892155352583 0.12990226455160497 0.1307776167386104
5.140787978601479 0.038680268404616164 0.024684931673552967 0.07528028808246649 0.07370465414585672
5.711986642890533 0.05395258950260492 0.0509454972837157 0.055672399093544996 0.058298455654561265
