0.0 0.05320081644788261 0.05479704690653957 0.060224230465973194 0.04901972247230377
0.5711986642890533 0.04432371544554525 0.03921577797784301 0.053396483407330886 0.05164577903332004
1.1423973285781066 0.043695521523106066 0.030812396982590938 0.07090352714743937 0.06512620271320357
1.7135959928671598 0.08413679256275668 0.058298455654561265 0.1262257853661822 0.11729719305872688
2.284794657156213 0.2218245424481981 0.22969241387022338 0.22794170949621254 0.22776663905881142
2.8559933214452666 0.40461867561697795 0.4329491916928829 0.33561002849787974 0.3338593241238689
3.4271919857343196 0.4290049577208467 0.4634114478006716 0.33736073287189056 0.35084115655177406
3.998390650023373 0.26085495172761647 0.26575692397484685 0.2545524159811774 0.25980452910320995
4.569589314312426 0.10901739119575792 0.10119071281782706 0.13760536379725272 0.15406198491295467
5.140787978601479 0.051522199901036916 0.03518915791761806 0.0798321194548947 0.08368366907771857
5.711986642890533 0.048504809421124104 0.039390848415244095 0.0670519775246155 0.057598173904956924
