0.0 0.07944078553599816 0.07913183770529036 0.076330710706873 0.06810240014902201
0.5711986642890533 0.058998737404165606 0.053571553844731966 0.07440493589546107 0.061799864402582956
1.1423973285781066 0.04615680590774485 0.03641465097942565 0.08315845776551531 0.06547634358800575
1.7135959928671598 0.09317866574147152 0.0717788793344448 0.13357874373702777 0.14478325173069717
2.284794657156213 0.2496916367780414 0.25630312035518826 0.2384459357402776 0.2550776272933806
2.8559933214452666 0.4360386699999609 0.4828442663521921 0.33053298581324825 0.35276693136318604
3.4271919857343196 0.4060398356382338 0.4254211628846362 0.32598115444082004 0.34523890255493933
3.998390650023373 0.20420421783683013 0.19485339682740746 0.2118352292553127 0.22566579380999838
4.569589314312426 0.07508462112301822 0.05987408959117103 0.12657592624098438 0.11239522081149647
5.140787978601479 0.04146079888098633 0.031687749169596366 0.08648479607613592 0.06127465309037971
5.711986642890533 0.06040959916439788 0.05882366696676451 0.06337549833919273 0.05812338521716018
