0.0 0.07776216898915246 0.08035733076709796 0.07965704901749361 0.06057437134077536
0.5711986642890533 0.05850442087503313 0.05987408959117103 0.06740211839941768 0.06512620271320357
1.1423973285781066 0.04844301985498254 0.03623958054202457 0.06792732971162094 0.08070747164190013
1.7135959928671598 0.08157252556788196 0.05532225821874283 0.11799747480833121 0.11659691130912253
2.284794657156213 0.203751094351792 0.2034318482600606 0.22776663905881142 0.2258408642473995
2.8559933214452666 0.39045856670953727 0.4149169366405711 0.32790692925223197 0.3235301683172048
3.4271919857343196 0.42049859411535867 0.46831342004790205 0.3298327040636439 0.33736073287189056
3.998390650023373 0.24699349238985996 0.24509861236151884 0.23564480874186022 0.2466742462981286
4.569589314312426 0.09997551801704306 0.0798321194548947 0.1332286028622256 0.14478325173069717
5.140787978601479 0.05505450343212939 0.04131662322665603 0.0821080351411088 0.0798321194548947
5.711986642890533 0.0676904697080783 0.066001554900209 0.08123268295410338 0.06967803408563178
