0.0 0.0605228800356574 0.05637268084314933 0.06547634358800575 0.05987408959117103
0.5711986642890533 0.0500289520526159 0.0509454972837157 0.06127465309037971 0.05234606078292438
1.1423973285781066 0.04667171895892451 0.03834042579083759 0.07317944283365348 0.07230409064664806
1.7135959928671598 0.09144855788950787 0.07598056983207084 0.12552550361657785 0.1400563499208679
2.284794657156213 0.23993918358869865 0.23336889305564615 0.24474847148671666 0.25297678204456764
2.8559933214452666 0.42643039246494835 0.45938482774044676 0.3406870711825112 0.34523890255493933
3.4271919857343196 0.4261008481121934 0.46393665911287496 0.3520666496135817 0.3335091832490667
3.998390650023373 0.2309899947591961 0.2242652303107897 0.23214339999383854 0.2466742462981286
4.569589314312426 0.08497095170566772 0.07265423152145023 0.12062353136934749 0.12867677148979736
5.140787978601479 0.04375731108924762 0.03308831266880504 0.07072845671003829 0.06460099140100033
5.711986642890533 0.04984358335419122 0.04236704585106254 0.06425085052619815 0.054446906031737394
