0.0 0.09361119270446244 0.09278733182257498 0.07352958370845565 0.14530846304290046
0.5711986642890533 0.1068959494248977 0.09803944494460753 0.09453803619658584 0.15931409803498722
1.1423973285781066 0.14088021080275534 0.12780141930279196 0.12079860180674858 0.17507043740108488
1.7135959928671598 0.17713008960580354 0.19257748114119336 0.18382395927113912 0.19257748114119336
2.284794657156213 0.2214126120072544 0.25385213423157305 0.2188380467513561 0.17682114177509572
2.8559933214452666 0.267651804003188 0.26435636047563815 0.24684931673552965 0.21008452488130183
3.4271919857343196 0.23809579486547544 0.2118352292553127 0.25735354297959473 0.19958029863723675
3.998390650023373 0.1792927244207581 0.1873253680191608 0.21008452488130183 0.11554648868471602
4.569589314312426 0.1266686105901967 0.15581268928696554 0.11554648868471602 0.1260507149287811
5.140787978601479 0.10998542773197567 0.10154085369262923 0.1435577586688896 0.1400563499208679
5.711986642890533 0.08907995785408142 0.0647760618384014 0.08578451432653159 0.11029437556268347
