0.0 0.08187117513756617 0.08403380995252074 0.11204507993669433 0.13130282805081364
0.5711986642890533 0.10287962762569634 0.09453803619658584 0.12254930618075942 0.11904789743273772
1.1423973285781066 0.14499951521219265 0.10679296681466177 0.15406198491295467 0.15756339366097638
1.7135959928671598 0.20761294223563947 0.21533663800333439 0.17682114177509572 0.17331973302707404
2.284794657156213 0.21337996840885168 0.26085495172761647 0.17682114177509572 0.20308170738525846
2.8559933214452666 0.20143398562148354 0.2363450904914646 0.14530846304290046 0.2048324117592693
3.4271919857343196 0.19401923768449642 0.20658311613328015 0.18907607239317167 0.19257748114119336
3.998390650023373 0.17589429828297232 0.15756339366097638 0.19257748114119336 0.18207325489712825
4.569589314312426 0.1690974460074008 0.1260507149287811 0.17507043740108488 0.13830564554685706
5.140787978601479 0.15694549799956078 0.14880987179092214 0.18382395927113912 0.13830564554685706
5.711986642890533 0.10257067979498856 0.11379578431070517 0.12254930618075942 0.11029437556268347
