0.0 0.23696298615288017 0.25735354297959473 0.20133100301124762 0.24684931673552965
0.5711986642890533 0.20699504657422388 0.22759156862141033 0.17857184614910657 0.22759156862141033
1.1423973285781066 0.13645195856261028 0.08053240120449905 0.18907607239317167 0.1400563499208679
1.7135959928671598 0.08300398385016142 0.05777324434235801 0.1610648024089981 0.06302535746439054
2.284794657156213 0.07558923591317429 0.054271835594336314 0.13130282805081364 0.0717788793344448
2.8559933214452666 0.08290100123992548 0.08403380995252074 0.10679296681466177 0.07878169683048819
3.4271919857343196 0.11626736695636754 0.11729719305872688 0.09278733182257498 0.1330535324248245
3.998390650023373 0.15323812403106724 0.17857184614910657 0.11729719305872688 0.15931409803498722
4.569589314312426 0.19103274198765438 0.24159720361349715 0.18382395927113912 0.16981832427905233
5.140787978601479 0.22532595119621981 0.2258408642473995 0.19257748114119336 0.2293422729954212
5.711986642890533 0.24293597754656424 0.2258408642473995 0.19607888988921507 0.23109297736943205
