0.0 0.11750315827919873 0.08403380995252074 0.1610648024089981 0.16631691553103062
0.5711986642890533 0.16312445461371672 0.1610648024089981 0.17857184614910657 0.16456621115701978
1.1423973285781066 0.20987855966082997 0.18557466364514996 0.2188380467513561 0.17507043740108488
1.7135959928671598 0.2399494818497222 0.243347907987508 0.23809579486547544 0.17331973302707404
2.284794657156213 0.22027980329465913 0.27661129109371413 0.19082677676718252 0.17331973302707404
2.8559933214452666 0.1853686984246781 0.20133100301124762 0.1873253680191608 0.16456621115701978
3.4271919857343196 0.15756339366097638 0.11729719305872688 0.13480423679883535 0.17507043740108488
3.998390650023373 0.12790440191302788 0.11204507993669433 0.1330535324248245 0.1470591674169113
4.569589314312426 0.12069561919651264 0.13830564554685706 0.10679296681466177 0.13830564554685706
5.140787978601479 0.1078227929170211 0.14180705429487875 0.09453803619658584 0.15056057616493299
5.711986642890533 0.10061401020050584 0.08928592307455328 0.10679296681466177 0.12254930618075942
