0.0 0.1911357245978903 0.1400563499208679 0.208333820507291 0.19082677676718252
0.5711986642890533 0.19607888988921507 0.21533663800333439 0.2048324117592693 0.17331973302707404
1.1423973285781066 0.1831030809994876 0.17331973302707404 0.21708734237734525 0.15581268928696554
1.7135959928671598 0.14283688039723805 0.15581268928696554 0.17331973302707404 0.11029437556268347
2.284794657156213 0.10967647990126789 0.1295521236768028 0.13480423679883535 0.10504226244065092
2.8559933214452666 0.1068959494248977 0.11204507993669433 0.07878169683048819 0.12079860180674858
3.4271919857343196 0.11328087125952552 0.08578451432653159 0.09803944494460753 0.1435577586688896
3.998390650023373 0.1496337326728096 0.15931409803498722 0.09453803619658584 0.16981832427905233
4.569589314312426 0.1643602459365479 0.16456621115701978 0.16456621115701978 0.17857184614910657
5.140787978601479 0.19597590727897912 0.20308170738525846 0.19958029863723675 0.1978295942632259
5.711986642890533 0.19772661165299 0.2118352292553127 0.17682114177509572 0.2048324117592693
