0.0 0.11379578431070517 0.10329155806664007 0.09628874057059668 0.11204507993669433
0.5711986642890533 0.1202836887555689 0.1400563499208679 0.14880987179092214 0.11554648868471602
1.1423973285781066 0.13377441069647605 0.1295521236768028 0.11204507993669433 0.11904789743273772
1.7135959928671598 0.15694549799956078 0.15756339366097638 0.16456621115701978 0.1610648024089981
2.284794657156213 0.17290780258613028 0.15231128053894383 0.20658311613328015 0.1978295942632259
2.8559933214452666 0.24417176886939546 0.2486000211095405 0.2048324117592693 0.2591042473536056
3.4271919857343196 0.25848635169219003 0.2906169260858009 0.20658311613328015 0.208333820507291
3.998390650023373 0.19803555948369778 0.19257748114119336 0.15581268928696554 0.17857184614910657
4.569589314312426 0.1345982715783635 0.13830564554685706 0.17331973302707404 0.11379578431070517
5.140787978601479 0.11626736695636754 0.09278733182257498 0.14530846304290046 0.1400563499208679
5.711986642890533 0.10143787108239329 0.10504226244065092 0.1365549411728462 0.14530846304290046
