0.0 0.1078227929170211 0.09628874057059668 0.16281550678300893 0.10154085369262923
0.5711986642890533 0.12687457581066858 0.08928592307455328 0.13480423679883535 0.1400563499208679
1.1423973285781066 0.1412921412436991 0.12079860180674858 0.13130282805081364 0.1610648024089981
1.7135959928671598 0.16209462851135742 0.15756339366097638 0.11204507993669433 0.20658311613328015
2.284794657156213 0.19576994205850726 0.23109297736943205 0.12430001055477025 0.2486000211095405
2.8559933214452666 0.2264587599088151 0.29236763045981173 0.13130282805081364 0.2521014298575622
3.4271919857343196 0.24036141229066593 0.3308831266880504 0.17682114177509572 0.18557466364514996
3.998390650023373 0.21008452488130183 0.24159720361349715 0.19257748114119336 0.1365549411728462
4.569589314312426 0.14407267172006927 0.09628874057059668 0.17857184614910657 0.12430001055477025
5.140787978601479 0.1078227929170211 0.04726901809829292 0.2188380467513561 0.09979014931861838
5.711986642890533 0.08805013175172209 0.04726901809829292 0.1873253680191608 0.09453803619658584
