0.0 0.14438161955077705 0.15231128053894383 0.1330535324248245 0.12430001055477025
0.5711986642890533 0.11503157563353637 0.09103662744856413 0.13130282805081364 0.13130282805081364
1.1423973285781066 0.08042941859426311 0.05777324434235801 0.11904789743273772 0.08578451432653159
1.7135959928671598 0.0625104444132109 0.04026620060224952 0.09803944494460753 0.07002817496043395
2.284794657156213 0.06055377481872818 0.04901972247230377 0.05777324434235801 0.11204507993669433
2.8559933214452666 0.1065870015941899 0.07528028808246649 0.1400563499208679 0.1400563499208679
3.4271919857343196 0.16734674163338994 0.15056057616493299 0.15406198491295467 0.1803225505231174
3.998390650023373 0.2505566907040232 0.24684931673552965 0.266107064849649 0.2696084735976707
4.569589314312426 0.2978257088023162 0.3641465097942565 0.22759156862141033 0.2836141085897575
5.140787978601479 0.26693092573153643 0.3308831266880504 0.2363450904914646 0.18207325489712825
5.711986642890533 0.19855047253487743 0.19257748114119336 0.1873253680191608 0.17156902865306317
