0.0 0.19999222907818048 0.16981832427905233 0.19257748114119336 0.21008452488130183
0.5711986642890533 0.18639852452703742 0.20133100301124762 0.17682114177509572 0.18207325489712825
1.1423973285781066 0.1538560196924828 0.19082677676718252 0.13480423679883535 0.10679296681466177
1.7135959928671598 0.1234761496728828 0.11204507993669433 0.15056057616493299 0.1260507149287811
2.284794657156213 0.12265228879099535 0.11204507993669433 0.11029437556268347 0.1330535324248245
2.8559933214452666 0.14499951521219265 0.1680676199050415 0.15756339366097638 0.14180705429487875
3.4271919857343196 0.15303215881059537 0.13480423679883535 0.1295521236768028 0.1295521236768028
3.998390650023373 0.1423219673460584 0.1435577586688896 0.12430001055477025 0.17331973302707404
4.569589314312426 0.1458233760940801 0.13480423679883535 0.17331973302707404 0.1680676199050415
5.140787978601479 0.17671815916485978 0.16631691553103062 0.20133100301124762 0.18907607239317167
5.711986642890533 0.20143398562148354 0.21708734237734525 0.19958029863723675 0.19082677676718252
