0.0 0.19591411771283757 0.21060973619350512 0.19520353770220963 0.18207325489712825
0.5711986642890533 0.2090958918230369 0.2293422729954212 0.19888001688763243 0.16649198596843173
1.1423973285781066 0.19471951943410076 0.2034318482600606 0.2048324117592693 0.169118042529448
1.7135959928671598 0.172156029531408 0.16351578853261325 0.17892198702390874 0.17156902865306317
2.284794657156213 0.16720256597905964 0.16701719728063497 0.1551124075373612 0.17086874690345885
2.8559933214452666 0.16199164590112147 0.16841776077984363 0.14390789954369176 0.16018945022199266
3.4271919857343196 0.14327970562125258 0.14635888566730695 0.1458336743551037 0.14688409697951021
3.998390650023373 0.1181725452457323 0.11151986862449108 0.13130282805081364 0.13182803936301693
4.569589314312426 0.11028407730165989 0.08771028913794351 0.12097367224414964 0.1412818429826755
5.140787978601479 0.12345555315083562 0.11624677043432036 0.12745127842798978 0.15073564660233407
5.711986642890533 0.15443272230980404 0.14653395610470804 0.14828466047871888 0.1596642389097894
