0.0 0.16357757809875484 0.1586138162853829 0.16229029547080567 0.16666705640583282
0.5711986642890533 0.16964325384165124 0.1551124075373612 0.18557466364514996 0.16264043634560785
1.1423973285781066 0.16670824944992718 0.16246536590820676 0.18119790271012284 0.16631691553103062
1.7135959928671598 0.16401010506174574 0.17437015565148054 0.16351578853261325 0.15231128053894383
2.284794657156213 0.16278461199993816 0.1617650841586024 0.1617650841586024 0.15651297103656986
2.8559933214452666 0.1650090363810343 0.18347381839633695 0.16088973197159698 0.15196113966414168
3.4271919857343196 0.16668765292788 0.17507043740108488 0.16018945022199266 0.16281550678300893
3.998390650023373 0.15462838926925232 0.1481095900413178 0.1458336743551037 0.15931409803498722
4.569589314312426 0.14726513263738317 0.14845973091611997 0.13252832111262125 0.1586138162853829
5.140787978601479 0.1414157203759822 0.1446081812932961 0.14320761779408742 0.15546254841216336
5.711986642890533 0.14897464396729962 0.13865578642165924 0.15371184403815252 0.15808860497317964
