0.0 0.1656166337814263 0.16684212684323388 0.1818981844597272 0.13130282805081364
0.5711986642890533 0.15652326929759347 0.16001437978459157 0.1769962122124968 0.1481095900413178
1.1423973285781066 0.14738871176966628 0.140231420358269 0.1596642389097894 0.16649198596843173
1.7135959928671598 0.16670824944992718 0.16159001372120133 0.16246536590820676 0.1839990297085402
2.284794657156213 0.18285592273492135 0.17839677571170548 0.1598393093471905 0.19362790376559988
2.8559933214452666 0.17557505219124095 0.19310269245339662 0.15581268928696554 0.17577071915068923
3.4271919857343196 0.1579959206239673 0.15213621010154277 0.14916001266572432 0.16018945022199266
3.998390650023373 0.141446615159053 0.14303254735668633 0.14075663167047223 0.15423705535035576
4.569589314312426 0.14211600212558653 0.1437328291062907 0.1332286028622256 0.1538869144755536
5.140787978601479 0.15087982225666438 0.15353677360075144 0.15301156228854818 0.13830564554685706
5.711986642890533 0.163598174620802 0.15808860497317964 0.17787156439950222 0.14478325173069717
