0.0 0.20318468999549438 0.21358593362932354 0.20658311613328015 0.1675424085928382
0.5711986642890533 0.17066278168298696 0.1631656476578111 0.17542057827588703 0.16351578853261325
1.1423973285781066 0.1371625385732382 0.13217818023781908 0.14793451960391674 0.15441212578775687
1.7135959928671598 0.11574215564416429 0.09979014931861838 0.12675099667838546 0.13480423679883535
2.284794657156213 0.12173574355989554 0.11397085474810627 0.13025240542640715 0.12675099667838546
2.8559933214452666 0.14654425436573162 0.1458336743551037 0.13585465942324187 0.15826367541058073
3.4271919857343196 0.15299096576650098 0.1631656476578111 0.13953113860866465 0.15353677360075144
3.998390650023373 0.14886136309604012 0.15353677360075144 0.13813057510945595 0.16071466153419592
4.569589314312426 0.15977751978104893 0.15458719622515796 0.15913902759758614 0.1724443808400686
5.140787978601479 0.18758282454475064 0.18627494539475428 0.18715029758175972 0.18469931145814453
5.711986642890533 0.20645953700099703 0.22461537118559188 0.2039570595722639 0.17402001477667836
