0.0 0.22485223118913455 0.2478997393599362 0.1971293125136216 0.18995142458017708
0.5711986642890533 0.20814845180886632 0.21848790587655392 0.18890100195577056 0.18224832533452934
1.1423973285781066 0.167295250328272 0.15826367541058073 0.17594578958809032 0.17769649396210116
1.7135959928671598 0.14485533955786234 0.13550451854843967 0.15773846409837747 0.16141494328380027
2.284794657156213 0.14617351696888228 0.14145691342007657 0.1495101535405265 0.15056057616493299
2.8559933214452666 0.1500868561578477 0.15651297103656986 0.13550451854843967 0.15248635097634491
3.4271919857343196 0.1385631020724469 0.1400563499208679 0.12902691236459957 0.1388308568590603
3.998390650023373 0.12044846093194639 0.11537141824731494 0.13813057510945595 0.13060254630120932
4.569589314312426 0.11539201476936212 0.10504226244065092 0.14058156123307114 0.1293770532394017
5.140787978601479 0.14475235694762642 0.1332286028622256 0.15406198491295467 0.15406198491295467
5.711986642890533 0.19013679327860178 0.19888001688763243 0.1841741001459413 0.18347381839633695
