0.0 0.1984474899246415 0.216562131065142 0.18364888883373803 0.1771712826498979
0.5711986642890533 0.19144467242859808 0.19520353770220963 0.19958029863723675 0.1803225505231174
1.1423973285781066 0.1735359965085695 0.1687679016546458 0.17577071915068923 0.16456621115701978
1.7135959928671598 0.15479316144562982 0.15668804147397095 0.1631656476578111 0.15318663272594926
2.284794657156213 0.1522288944507551 0.15091071703973516 0.15826367541058073 0.15721325278617423
2.8559933214452666 0.15133294574170247 0.14145691342007657 0.158788886722784 0.1621152250334046
3.4271919857343196 0.1525069474983921 0.15108578747713625 0.15581268928696554 0.14163198385747766
3.998390650023373 0.13102477500317664 0.13182803936301693 0.134103955049231 0.14075663167047223
4.569589314312426 0.12276556966225488 0.12097367224414964 0.11397085474810627 0.1400563499208679
5.140787978601479 0.14285747691928527 0.1271011375531876 0.14075663167047223 0.15651297103656986
5.711986642890533 0.1797664444278434 0.19012649501757817 0.16684212684323388 0.1771712826498979
