0.0 0.17419508521407945 0.1803225505231174 0.17874691658650765 0.1675424085928382
0.5711986642890533 0.1654518616050488 0.16701719728063497 0.17139395821566208 0.14723423785431236
1.1423973285781066 0.14413446128621082 0.13445409592403318 0.15791353453577855 0.14040649079567005
1.7135959928671598 0.13468065766655224 0.13112775761341255 0.14530846304290046 0.13602972986064296
2.284794657156213 0.1508283309515464 0.158788886722784 0.1502104352901308 0.1538869144755536
2.8559933214452666 0.17908675920028624 0.18680015670695757 0.15808860497317964 0.1654415633440252
3.4271919857343196 0.17923093485461652 0.1887259315183695 0.16334071809521217 0.18154804358492502
3.998390650023373 0.16219761112159334 0.15196113966414168 0.1551124075373612 0.17839677571170548
4.569589314312426 0.1499426805035174 0.1446081812932961 0.15756339366097638 0.1678925494676404
5.140787978601479 0.15131234921965528 0.14495832216809829 0.15598775972436663 0.16053959109679483
5.711986642890533 0.15964364238774223 0.1619401545960035 0.15703818234877315 0.1517860692267406
