0.0 0.17536908697076908 0.17331973302707404 0.1596642389097894 0.18837579064356733
0.5711986642890533 0.1690974460074008 0.17191916952786535 0.1549373370999601 0.1677174790302393
1.1423973285781066 0.15237307010508538 0.1549373370999601 0.14986029441532864 0.15213621010154277
1.7135959928671598 0.1504061022495791 0.1573883232235753 0.1435577586688896 0.14880987179092214
2.284794657156213 0.15093131356178233 0.15336170316335035 0.1598393093471905 0.1412818429826755
2.8559933214452666 0.16503993116410506 0.15301156228854818 0.18119790271012284 0.1631656476578111
3.4271919857343196 0.16786165468456962 0.16001437978459157 0.17629593046289246 0.15896395716018508
3.998390650023373 0.15688370843341923 0.15528747797476228 0.16491635203182195 0.1528364918511471
4.569589314312426 0.14530846304290046 0.14390789954369176 0.14775944916651565 0.14986029441532864
5.140787978601479 0.15323812403106724 0.16299057722041002 0.15336170316335035 0.15598775972436663
5.711986642890533 0.1641954737601704 0.16456621115701978 0.15931409803498722 0.17156902865306317
