0.0 0.2084368031175269 0.2116601588179116 0.20168114388604977 0.18014748008571635
0.5711986642890533 0.18307218621641683 0.1885508610809684 0.17139395821566208 0.16981832427905233
1.1423973285781066 0.14856271352635592 0.15301156228854818 0.152661421413746 0.15843874584798182
1.7135959928671598 0.13317711155710762 0.13147789848821473 0.14268240648188418 0.15441212578775687
2.284794657156213 0.13864548816063563 0.11974817918234205 0.13515437767363753 0.1481095900413178
2.8559933214452666 0.14998387354761178 0.15441212578775687 0.13848071598425815 0.15073564660233407
3.4271919857343196 0.14624560479604742 0.15423705535035576 0.14478325173069717 0.1365549411728462
3.998390650023373 0.13466006114450504 0.12990226455160497 0.1307776167386104 0.14758437872911453
4.569589314312426 0.139294278605122 0.13532944811103859 0.15406198491295467 0.15686311191137203
5.140787978601479 0.16777926859638087 0.16841776077984363 0.17769649396210116 0.1621152250334046
5.711986642890533 0.20084698474313872 0.2039570595722639 0.20133100301124762 0.18592480451995214
