0.0 0.5874073886483768 0.6512620271320357 0.38165355353436503 0.4481803197467773
0.5711986642890533 0.3927106337912757 0.4009113016484844 0.323880309192007 0.3063732654518985
1.1423973285781066 0.13646279883737195 0.17507043740108488 0.1943281855152042 0.16631691553103062
1.7135959928671598 0.0363962225123308 0.019257748114119334 0.10504226244065092 0.08228310557850989
2.284794657156213 0.01382135032113828 0.0017507043740108488 0.05602253996834716 0.03326338310620613
2.8559933214452666 0.012899926966395726 0.0017507043740108488 0.050770426846314616 0.015756339366097636
3.4271919857343196 0.007832098515311692 0.0017507043740108488 0.03151267873219527 0.02275915686214103
3.998390650023373 0.0115177919342819 0.0017507043740108488 0.04726901809829292 0.05952394871636886
4.569589314312426 0.035843368499485266 0.024509861236151884 0.08403380995252074 0.07528028808246649
5.140787978601479 0.14143848495298172 0.1295521236768028 0.1803225505231174 0.2118352292553127
5.711986642890533 0.37437430903189883 0.34313805730612634 0.2958690392078335 0.32913242231403955
