0.0 0.45767098030062553 0.5234606078292438 0.28886622171179005 0.3028718567038768
0.5711986642890533 0.34949587845384994 0.3711493272902999 0.27836199546772494 0.2591042473536056
1.1423973285781066 0.1803225505231174 0.14880987179092214 0.208333820507291 0.19257748114119336
1.7135959928671598 0.07150245232802203 0.04376760935027122 0.1365549411728462 0.10154085369262923
2.284794657156213 0.03049911304197847 0.012254930618075942 0.05777324434235801 0.09803944494460753
2.8559933214452666 0.023404153210460823 0.0035014087480216977 0.07703099245647733 0.07878169683048819
3.4271919857343196 0.021745591171924226 0.0 0.0647760618384014 0.06302535746439054
3.998390650023373 0.0275505583068023 0.012254930618075942 0.0682774705864231 0.09803944494460753
4.569589314312426 0.06615819687051523 0.04376760935027122 0.11204507993669433 0.12254930618075942
5.140787978601479 0.16511906516986533 0.16281550678300893 0.16281550678300893 0.18207325489712825
5.711986642890533 0.3572358346336874 0.42892257163265796 0.2958690392078335 0.2521014298575622
