0.0 0.46439737079024623 0.4726901809829292 0.2976197435818443 0.28536481296376837
0.5711986642890533 0.34313805730612634 0.39390848415244095 0.2486000211095405 0.3343845354360721
1.1423973285781066 0.16760690822767021 0.16281550678300893 0.20133100301124762 0.17156902865306317
1.7135959928671598 0.06597391219956672 0.04026620060224952 0.10504226244065092 0.14180705429487875
2.284794657156213 0.02782698531322507 0.01750704374010849 0.06652676621241226 0.07528028808246649
2.8559933214452666 0.015848481701571892 0.007002817496043395 0.05252113122032546 0.04201690497626037
3.4271919857343196 0.01898132110769657 0.010504226244065093 0.07878169683048819 0.05252113122032546
3.998390650023373 0.031881248074092296 0.01750704374010849 0.10154085369262923 0.07002817496043395
4.569589314312426 0.07537243041794076 0.04551831372428206 0.14180705429487875 0.12079860180674858
5.140787978601479 0.17516257973655913 0.1680676199050415 0.17857184614910657 0.19082677676718252
5.711986642890533 0.36451507913615355 0.4149169366405711 0.27836199546772494 0.266107064849649
