0.0 0.6240800381671304 0.6985310452303287 0.416667641014582 0.38165355353436503
0.5711986642890533 0.39215777977843014 0.3974098929004627 0.3098746741999202 0.3711493272902999
1.1423973285781066 0.12328644486455347 0.09103662744856413 0.17507043740108488 0.21533663800333439
1.7135959928671598 0.02957768968723592 0.012254930618075942 0.07352958370845565 0.10854367118867263
2.284794657156213 0.011425649598807644 0.0017507043740108488 0.054271835594336314 0.021008452488130186
2.8559933214452666 0.009214233547425519 0.0 0.04201690497626037 0.015756339366097636
3.4271919857343196 0.007555671508888926 0.0 0.036764791854227825 0.02275915686214103
3.998390650023373 0.00939851821837403 0.0052521131220325465 0.04551831372428206 0.03501408748021698
4.569589314312426 0.023772722552357843 0.015756339366097636 0.0682774705864231 0.07352958370845565
5.140787978601479 0.12347072953550196 0.12254930618075942 0.16981832427905233 0.18557466364514996
5.711986642890533 0.3967648965521429 0.40616341477051693 0.35889439667222395 0.3203789004439853
