0.0 0.6077708447881873 0.6810240014902201 0.4131662322665603 0.40616341477051693
0.5711986642890533 0.3881035170175629 0.439426797876723 0.31862819606997445 0.2941183348338226
1.1423973285781066 0.11867932809084068 0.10679296681466177 0.17507043740108488 0.19958029863723675
1.7135959928671598 0.02662913495205975 0.02626056561016273 0.07703099245647733 0.08578451432653159
2.284794657156213 0.010319941573116583 0.0 0.03326338310620613 0.02976197435818443
2.8559933214452666 0.009029948876477008 0.0035014087480216977 0.03501408748021698 0.03151267873219527
3.4271919857343196 0.011241364927859133 0.0 0.036764791854227825 0.024509861236151884
3.998390650023373 0.013913492656612535 0.0 0.06302535746439054 0.036764791854227825
4.569589314312426 0.030222686035555703 0.012254930618075942 0.09979014931861838 0.09803944494460753
5.140787978601479 0.12724856528994644 0.08928592307455328 0.15581268928696554 0.17682114177509572
5.711986642890533 0.40754554980263075 0.39215777977843014 0.34313805730612634 0.36764791854227824
