0.0 0.5781010127654771 0.6495113227580249 0.3378859441840938 0.33963664855810466
0.5711986642890533 0.38598424330165504 0.45518313724282067 0.2941183348338226 0.2958690392078335
1.1423973285781066 0.13535709081168087 0.1365549411728462 0.20133100301124762 0.18557466364514996
1.7135959928671598 0.04035834293772378 0.021008452488130186 0.08928592307455328 0.11029437556268347
2.284794657156213 0.015664197030623384 0.0017507043740108488 0.05777324434235801 0.03501408748021698
2.8559933214452666 0.015479912359674872 0.0 0.05952394871636886 0.04901972247230377
3.4271919857343196 0.013268496308292748 0.0 0.04726901809829292 0.04026620060224952
3.998390650023373 0.018704894101273805 0.0017507043740108488 0.05952394871636886 0.0682774705864231
4.569589314312426 0.03547479915758825 0.021008452488130186 0.10679296681466177 0.09278733182257498
5.140787978601479 0.13379067110861853 0.12079860180674858 0.1610648024089981 0.19958029863723675
5.711986642890533 0.37852071412824034 0.34313805730612634 0.336135239810083 0.3343845354360721
