0.0 0.613115100245694 0.647760618384014 0.39390848415244095 0.4359253891287013
0.5711986642890533 0.38487853527596394 0.3956591885264518 0.3028718567038768 0.33963664855810466
1.1423973285781066 0.12383929887739897 0.10154085369262923 0.19082677676718252 0.16981832427905233
1.7135959928671598 0.028840551003441878 0.02801126998417358 0.08228310557850989 0.09103662744856413
2.284794657156213 0.009029948876477008 0.0017507043740108488 0.03501408748021698 0.04726901809829292
2.8559933214452666 0.008292810192682968 0.0 0.03151267873219527 0.02626056561016273
3.4271919857343196 0.009859229895745305 0.0 0.04901972247230377 0.024509861236151884
3.998390650023373 0.013084211637344238 0.0035014087480216977 0.06302535746439054 0.04026620060224952
4.569589314312426 0.033631952448103145 0.019257748114119334 0.11729719305872688 0.08753521870054244
5.140787978601479 0.12816998864468898 0.12079860180674858 0.19257748114119336 0.18557466364514996
5.711986642890533 0.3979627469133082 0.43242398038067964 0.29236763045981173 0.3028718567038768
