0.0 0.6073101331108159 0.6442592096359924 0.39390848415244095 0.3886563710304084
0.5711986642890533 0.404044141054609 0.4096648235185386 0.30462256107788765 0.3553929879242023
1.1423973285781066 0.12430001055477025 0.11904789743273772 0.15581268928696554 0.23109297736943205
1.7135959928671598 0.02644485028111124 0.01750704374010849 0.08753521870054244 0.07528028808246649
2.284794657156213 0.008753521870054244 0.0017507043740108488 0.06127465309037971 0.03851549622823867
2.8559933214452666 0.007832098515311692 0.0 0.03501408748021698 0.0052521131220325465
3.4271919857343196 0.007555671508888926 0.0 0.04026620060224952 0.01400563499208679
3.998390650023373 0.0115177919342819 0.0 0.054271835594336314 0.02275915686214103
4.569589314312426 0.03243410208693783 0.012254930618075942 0.09453803619658584 0.10154085369262923
5.140787978601479 0.12540571858046132 0.11379578431070517 0.21358593362932354 0.17331973302707404
5.711986642890533 0.39510633451360627 0.43242398038067964 0.3098746741999202 0.3448887616801372
