0.0 0.6057437134077536 0.6792732971162093 0.3764014404123325 0.3764014404123325
0.5711986642890533 0.40312271769986646 0.3711493272902999 0.3466394660541481 0.3641465097942565
1.1423973285781066 0.1268799959480494 0.12079860180674858 0.17331973302707404 0.19607888988921507
1.7135959928671598 0.03446123346737145 0.01400563499208679 0.09453803619658584 0.11554648868471602
2.284794657156213 0.01114922259238488 0.0 0.036764791854227825 0.03326338310620613
2.8559933214452666 0.009029948876477008 0.0 0.019257748114119334 0.019257748114119334
3.4271919857343196 0.01133350726333339 0.0017507043740108488 0.05252113122032546 0.02275915686214103
3.998390650023373 0.014282061998509555 0.0 0.050770426846314616 0.05952394871636886
4.569589314312426 0.03151267873219527 0.02801126998417358 0.09278733182257498 0.08403380995252074
5.140787978601479 0.12061431713580005 0.11904789743273772 0.1873253680191608 0.18382395927113912
5.711986642890533 0.3825749768891076 0.416667641014582 0.3203789004439853 0.2958690392078335
