0.0 0.599754461601927 0.6547634358800575 0.3623958054202457 0.40441271039650606
0.5711986642890533 0.40892768483474456 0.4411775022507339 0.336135239810083 0.36589721416826737
1.1423973285781066 0.1340670981150413 0.10504226244065092 0.19257748114119336 0.20133100301124762
1.7135959928671598 0.030683397712926982 0.010504226244065093 0.11204507993669433 0.08053240120449905
2.284794657156213 0.011978503611653176 0.0 0.04201690497626037 0.04551831372428206
2.8559933214452666 0.008384952528157224 0.0 0.03326338310620613 0.021008452488130186
3.4271919857343196 0.007647813844363181 0.0 0.02976197435818443 0.02275915686214103
3.998390650023373 0.008292810192682968 0.0 0.05602253996834716 0.01750704374010849
4.569589314312426 0.02681341962300826 0.01400563499208679 0.09278733182257498 0.07528028808246649
5.140787978601479 0.12393144121287324 0.12254930618075942 0.17682114177509572 0.208333820507291
5.711986642890533 0.39022279073347077 0.40266200602249524 0.31687749169596363 0.30812396982590934
