0.0 0.36726938786681645 0.8648479607613593 0.4236704585106254 0.18557466364514996
0.5711986642890533 0.18283031624805188 0.35714369229821313 0.2941183348338226 0.1435577586688896
1.1423973285781066 0.031134148056733476 0.04551831372428206 0.1260507149287811 0.07002817496043395
1.7135959928671598 0.016655349720319425 0.0035014087480216977 0.05952394871636886 0.08053240120449905
2.284794657156213 0.09510583220977854 0.0 0.09103662744856413 0.1295521236768028
2.8559933214452666 0.36726938786681645 0.0 0.09803944494460753 0.36764791854227824
3.4271919857343196 0.3611182643905621 0.0035014087480216977 0.09103662744856413 0.31512678732195276
3.998390650023373 0.09084736211083323 0.0 0.03151267873219527 0.16456621115701978
4.569589314312426 0.016276819044857622 0.0035014087480216977 0.07352958370845565 0.09103662744856413
5.140787978601479 0.03179657673879163 0.04201690497626037 0.1400563499208679 0.07002817496043395
5.711986642890533 0.19040092975728798 0.43067327600666877 0.3221296048179962 0.1330535324248245
