0.0 0.531173170341778 1.1729719305872688 0.5707296259275367 0.3221296048179962
0.5711986642890533 0.12983602168339917 0.2836141085897575 0.30112115232986597 0.15406198491295467
1.1423973285781066 0.006813552158312492 0.007002817496043395 0.05952394871636886 0.04901972247230377
1.7135959928671598 0.003785306754618051 0.0 0.03851549622823867 0.03151267873219527
2.284794657156213 0.034257026129293364 0.0 0.08753521870054244 0.10154085369262923
2.8559933214452666 0.43067327600666877 0.0 0.11554648868471602 0.40616341477051693
3.4271919857343196 0.4372975628272504 0.0 0.10854367118867263 0.3991605972744735
3.998390650023373 0.03331069944063885 0.0 0.02801126998417358 0.1470591674169113
4.569589314312426 0.0021765513839053794 0.0 0.007002817496043395 0.010504226244065093
5.140787978601479 0.006435021482850687 0.0035014087480216977 0.06302535746439054 0.01400563499208679
5.711986642890533 0.13494618580213352 0.2836141085897575 0.3711493272902999 0.11554648868471602
