0.0 0.5406364372283231 1.13445643435903 0.6232507571478622 0.2696084735976707
0.5711986642890533 0.13646030850398075 0.2941183348338226 0.31512678732195276 0.15756339366097638
1.1423973285781066 0.0073813481715052 0.007002817496043395 0.04201690497626037 0.04901972247230377
1.7135959928671598 0.0032175107414253437 0.0 0.024509861236151884 0.04201690497626037
2.284794657156213 0.03832623089050777 0.0 0.07002817496043395 0.17156902865306317
2.8559933214452666 0.4276450306029743 0.0 0.1610648024089981 0.37815214478634335
3.4271919857343196 0.42158853979558547 0.0 0.10154085369262923 0.3746507360383216
3.998390650023373 0.03331069944063885 0.0 0.04551831372428206 0.06652676621241226
4.569589314312426 0.0021765513839053794 0.0 0.021008452488130186 0.007002817496043395
5.140787978601479 0.0073813481715052 0.0035014087480216977 0.07352958370845565 0.04201690497626037
5.711986642890533 0.13258036908049725 0.3116253785739311 0.2731098823456924 0.19257748114119336
