0.0 0.532214129699298 1.2009832005714423 0.612746530903797 0.22759156862141033
0.5711986642890533 0.13646030850398075 0.266107064849649 0.31862819606997445 0.17156902865306317
1.1423973285781066 0.005677960131927077 0.0035014087480216977 0.05252113122032546 0.021008452488130186
1.7135959928671598 0.0022711840527708306 0.0 0.010504226244065093 0.007002817496043395
2.284794657156213 0.033594597447235204 0.0 0.02801126998417358 0.10154085369262923
2.8559933214452666 0.4320927660396505 0.0 0.12254930618075942 0.4691887722349075
3.4271919857343196 0.4341746847546905 0.0 0.15056057616493299 0.3466394660541481
3.998390650023373 0.03643357751319874 0.0 0.06302535746439054 0.1330535324248245
4.569589314312426 0.0021765513839053794 0.0 0.03151267873219527 0.01750704374010849
5.140787978601479 0.006151123476254333 0.0035014087480216977 0.03851549622823867 0.07352958370845565
5.711986642890533 0.12945749100793735 0.27661129109371413 0.3221296048179962 0.18207325489712825
