0.0 0.512057371230957 1.179974748083312 0.5707296259275367 0.2906169260858009
0.5711986642890533 0.14828939211216216 0.266107064849649 0.30462256107788765 0.1610648024089981
1.1423973285781066 0.009179368879948774 0.021008452488130186 0.08403380995252074 0.04201690497626037
1.7135959928671598 0.003028245403694441 0.0 0.021008452488130186 0.01750704374010849
2.284794657156213 0.040313516936682246 0.0 0.05602253996834716 0.08053240120449905
2.8559933214452666 0.4090970275053459 0.0 0.1610648024089981 0.37815214478634335
3.4271919857343196 0.42395435651722174 0.0 0.12254930618075942 0.3466394660541481
3.998390650023373 0.044004191022434844 0.0 0.06302535746439054 0.17156902865306317
4.569589314312426 0.003879939423483503 0.0 0.021008452488130186 0.04551831372428206
5.140787978601479 0.010125695568603288 0.01750704374010849 0.04551831372428206 0.05252113122032546
5.711986642890533 0.14677526941031493 0.266107064849649 0.30112115232986597 0.16456621115701978
