0.0 0.5317409663549707 1.179974748083312 0.5812338521716018 0.31862819606997445
0.5711986642890533 0.13882612522561705 0.30812396982590934 0.33963664855810466 0.1610648024089981
1.1423973285781066 0.004731633443272564 0.01400563499208679 0.03501408748021698 0.021008452488130186
1.7135959928671598 0.0029336127348289897 0.0 0.01400563499208679 0.01400563499208679
2.284794657156213 0.032932168765177045 0.0 0.04201690497626037 0.1610648024089981
2.8559933214452666 0.44032580823094486 0.0 0.19958029863723675 0.4376760935027122
3.4271919857343196 0.42575237722566533 0.0 0.11204507993669433 0.33263383106206124
3.998390650023373 0.03179657673879163 0.0 0.04901972247230377 0.09103662744856413
4.569589314312426 0.003406776079156246 0.0 0.01400563499208679 0.024509861236151884
5.140787978601479 0.007854511515832456 0.007002817496043395 0.04551831372428206 0.04201690497626037
5.711986642890533 0.13040381769659184 0.24159720361349715 0.31862819606997445 0.1470591674169113
