0.0 0.382694512891885 0.8648479607613593 0.40266200602249524 0.19257748114119336
0.5711986642890533 0.18699415367813174 0.40266200602249524 0.31862819606997445 0.19607888988921507
1.1423973285781066 0.030944882719002573 0.04551831372428206 0.08403380995252074 0.11204507993669433
1.7135959928671598 0.018453370428763 0.0035014087480216977 0.08053240120449905 0.07352958370845565
2.284794657156213 0.10049989433510925 0.0 0.07002817496043395 0.17156902865306317
2.8559933214452666 0.3539261815567878 0.0 0.10854367118867263 0.2836141085897575
3.4271919857343196 0.3461663027098208 0.0 0.1295521236768028 0.3116253785739311
3.998390650023373 0.09463266886545128 0.0 0.07703099245647733 0.11204507993669433
4.569589314312426 0.014951961680741302 0.007002817496043395 0.06302535746439054 0.06652676621241226
5.140787978601479 0.03510872014908243 0.04551831372428206 0.1435577586688896 0.08403380995252074
5.711986642890533 0.18633172499607356 0.38165355353436503 0.2731098823456924 0.1470591674169113
