0.0 0.5051491864037789 1.2044846093194639 0.5182084947072112 0.2626056561016273
0.5711986642890533 0.14147583995384966 0.2626056561016273 0.36764791854227824 0.11904789743273772
1.1423973285781066 0.010882756919526898 0.007002817496043395 0.07703099245647733 0.04901972247230377
1.7135959928671598 0.0035014087480216977 0.0 0.024509861236151884 0.02801126998417358
2.284794657156213 0.03927255757916228 0.0 0.01750704374010849 0.15056057616493299
2.8559933214452666 0.41751933503437105 0.0 0.07703099245647733 0.3851549622823867
3.4271919857343196 0.4345532154301523 0.0 0.15756339366097638 0.3991605972744735
3.998390650023373 0.042773966327183985 0.0 0.07352958370845565 0.11904789743273772
4.569589314312426 0.003974572092348954 0.0 0.024509861236151884 0.03501408748021698
5.140787978601479 0.010220328237468738 0.010504226244065093 0.06652676621241226 0.06302535746439054
5.711986642890533 0.1413812072849842 0.266107064849649 0.3466394660541481 0.1400563499208679
