0.0 0.5331604563879525 1.1379578431070516 0.5952394871636886 0.2906169260858009
0.5711986642890533 0.1313501443852464 0.27661129109371413 0.30462256107788765 0.19607888988921507
1.1423973285781066 0.009179368879948774 0.007002817496043395 0.06652676621241226 0.03851549622823867
1.7135959928671598 0.004163837430079856 0.0 0.01400563499208679 0.010504226244065093
2.284794657156213 0.031418046063329826 0.0 0.03851549622823867 0.07703099245647733
2.8559933214452666 0.42972694931801425 0.0 0.1365549411728462 0.3886563710304084
3.4271919857343196 0.43152497002645784 0.0 0.15056057616493299 0.4376760935027122
3.998390650023373 0.03170194406992618 0.0 0.05602253996834716 0.09803944494460753
4.569589314312426 0.0035014087480216977 0.0 0.021008452488130186 0.03851549622823867
5.140787978601479 0.007759878846967006 0.010504226244065093 0.08053240120449905 0.04201690497626037
5.711986642890533 0.13721736985490438 0.31862819606997445 0.2871155173377792 0.1330535324248245
