0.0 0.16048123428432778 0.1873253680191608 0.15406198491295467 0.1400563499208679
0.5711986642890533 0.15989766615965753 0.16281550678300893 0.16281550678300893 0.15406198491295467
1.1423973285781066 0.15639625741163582 0.15231128053894383 0.15231128053894383 0.16456621115701978
1.7135959928671598 0.15464555303762498 0.14530846304290046 0.16281550678300893 0.15581268928696554
2.284794657156213 0.15114414428960327 0.1400563499208679 0.17507043740108488 0.13830564554685706
2.8559933214452666 0.1307192599261434 0.14180705429487875 0.1260507149287811 0.12430001055477025
3.4271919857343196 0.1528948486636141 0.1610648024089981 0.1435577586688896 0.15406198491295467
3.998390650023373 0.17565400552575516 0.16631691553103062 0.16631691553103062 0.1943281855152042
4.569589314312426 0.16748405178037118 0.1470591674169113 0.18207325489712825 0.17331973302707404
5.140787978601479 0.17623757365042544 0.18907607239317167 0.17156902865306317 0.1680676199050415
5.711986642890533 0.16514977928169008 0.15756339366097638 0.15406198491295467 0.18382395927113912
