0.0 0.16573334740636034 0.15406198491295467 0.18207325489712825 0.1610648024089981
0.5711986642890533 0.15873052991031697 0.17331973302707404 0.16456621115701978 0.13830564554685706
1.1423973285781066 0.16573334740636034 0.17682114177509572 0.16456621115701978 0.15581268928696554
1.7135959928671598 0.17331973302707404 0.1610648024089981 0.1978295942632259 0.1610648024089981
2.284794657156213 0.16514977928169008 0.16456621115701978 0.15931409803498722 0.17156902865306317
2.8559933214452666 0.16223193865833863 0.1680676199050415 0.15581268928696554 0.16281550678300893
3.4271919857343196 0.1499770080402627 0.14180705429487875 0.1680676199050415 0.1400563499208679
3.998390650023373 0.14239062241954903 0.14530846304290046 0.13830564554685706 0.1435577586688896
4.569589314312426 0.13888921367152735 0.14180705429487875 0.11379578431070517 0.1610648024089981
5.140787978601479 0.15581268928696554 0.15056057616493299 0.1470591674169113 0.16981832427905233
5.711986642890533 0.17273616490240373 0.17331973302707404 0.15931409803498722 0.18557466364514996
