0.0 0.16223193865833863 0.15931409803498722 0.15931409803498722 0.1680676199050415
0.5711986642890533 0.17273616490240373 0.15931409803498722 0.17156902865306317 0.1873253680191608
1.1423973285781066 0.16048123428432778 0.15231128053894383 0.17857184614910657 0.15056057616493299
1.7135959928671598 0.16690048365570093 0.17682114177509572 0.15231128053894383 0.17156902865306317
2.284794657156213 0.16631691553103062 0.16981832427905233 0.16631691553103062 0.16281550678300893
2.8559933214452666 0.16048123428432778 0.16981832427905233 0.16281550678300893 0.14880987179092214
3.4271919857343196 0.15522912116229526 0.15231128053894383 0.14530846304290046 0.1680676199050415
3.998390650023373 0.15114414428960327 0.15406198491295467 0.1365549411728462 0.16281550678300893
4.569589314312426 0.15522912116229526 0.1610648024089981 0.16281550678300893 0.14180705429487875
5.140787978601479 0.14880987179092214 0.1330535324248245 0.15056057616493299 0.16281550678300893
5.711986642890533 0.15114414428960327 0.16281550678300893 0.16456621115701978 0.1260507149287811
