0.0 0.15347841678828442 0.16456621115701978 0.1610648024089981 0.13480423679883535
0.5711986642890533 0.16514977928169008 0.16281550678300893 0.1610648024089981 0.17156902865306317
1.1423973285781066 0.16865118802971177 0.1873253680191608 0.17156902865306317 0.1470591674169113
1.7135959928671598 0.16923475615438205 0.17156902865306317 0.1680676199050415 0.1680676199050415
2.284794657156213 0.16865118802971177 0.16981832427905233 0.15406198491295467 0.18207325489712825
2.8559933214452666 0.16573334740636034 0.15581268928696554 0.19082677676718252 0.15056057616493299
3.4271919857343196 0.16690048365570093 0.17156902865306317 0.1610648024089981 0.1680676199050415
3.998390650023373 0.1569798255363061 0.15406198491295467 0.15406198491295467 0.16281550678300893
4.569589314312426 0.15056057616493299 0.15931409803498722 0.1400563499208679 0.15231128053894383
5.140787978601479 0.14472489491823015 0.13480423679883535 0.15056057616493299 0.14880987179092214
5.711986642890533 0.1406399180455382 0.11904789743273772 0.13830564554685706 0.16456621115701978
