0.0 0.16690048365570093 0.17507043740108488 0.1803225505231174 0.14530846304290046
0.5711986642890533 0.1744868692764146 0.19257748114119336 0.1680676199050415 0.16281550678300893
1.1423973285781066 0.17156902865306317 0.15231128053894383 0.1803225505231174 0.18207325489712825
1.7135959928671598 0.16339907490767921 0.17507043740108488 0.16281550678300893 0.15231128053894383
2.284794657156213 0.16748405178037118 0.16631691553103062 0.16456621115701978 0.17156902865306317
2.8559933214452666 0.15581268928696554 0.13830564554685706 0.14880987179092214 0.1803225505231174
3.4271919857343196 0.14472489491823015 0.14530846304290046 0.15231128053894383 0.1365549411728462
3.998390650023373 0.1435577586688896 0.15231128053894383 0.12780141930279196 0.15056057616493299
4.569589314312426 0.15231128053894383 0.15406198491295467 0.1435577586688896 0.15931409803498722
5.140787978601479 0.1470591674169113 0.1260507149287811 0.16981832427905233 0.14530846304290046
5.711986642890533 0.16339907490767921 0.17331973302707404 0.15231128053894383 0.16456621115701978
