0.0 0.16456621115701978 0.16456621115701978 0.18207325489712825 0.1470591674169113
0.5711986642890533 0.1744868692764146 0.16631691553103062 0.1978295942632259 0.15931409803498722
1.1423973285781066 0.15522912116229526 0.16281550678300893 0.15406198491295467 0.14880987179092214
1.7135959928671598 0.16048123428432778 0.17156902865306317 0.1435577586688896 0.16631691553103062
2.284794657156213 0.15756339366097638 0.1400563499208679 0.16281550678300893 0.16981832427905233
2.8559933214452666 0.15347841678828442 0.15231128053894383 0.15581268928696554 0.15231128053894383
3.4271919857343196 0.16690048365570093 0.15406198491295467 0.1803225505231174 0.16631691553103062
3.998390650023373 0.14472489491823015 0.15581268928696554 0.12430001055477025 0.15406198491295467
4.569589314312426 0.14530846304290046 0.1435577586688896 0.1295521236768028 0.16281550678300893
5.140787978601479 0.16339907490767921 0.17857184614910657 0.16456621115701978 0.1470591674169113
5.711986642890533 0.16456621115701978 0.1610648024089981 0.15581268928696554 0.17682114177509572
