0.0 0.1470591674169113 0.14530846304290046 0.15231128053894383 0.1435577586688896
0.5711986642890533 0.12896855555213252 0.10329155806664007 0.13830564554685706 0.14530846304290046
1.1423973285781066 0.16690048365570093 0.15756339366097638 0.17682114177509572 0.16631691553103062
1.7135959928671598 0.15172771241427357 0.17507043740108488 0.1470591674169113 0.1330535324248245
2.284794657156213 0.1803225505231174 0.16456621115701978 0.19607888988921507 0.1803225505231174
2.8559933214452666 0.17215259677773345 0.1943281855152042 0.14530846304290046 0.17682114177509572
3.4271919857343196 0.181489686772458 0.16981832427905233 0.1803225505231174 0.1943281855152042
3.998390650023373 0.1803225505231174 0.17507043740108488 0.18907607239317167 0.17682114177509572
4.569589314312426 0.15989766615965753 0.17682114177509572 0.17507043740108488 0.12780141930279196
5.140787978601479 0.14180705429487875 0.1470591674169113 0.12254930618075942 0.15581268928696554
5.711986642890533 0.1400563499208679 0.14180705429487875 0.12780141930279196 0.15056057616493299
