0.0 0.1499770080402627 0.12254930618075942 0.1873253680191608 0.1400563499208679
0.5711986642890533 0.1394727817961976 0.15931409803498722 0.1295521236768028 0.1295521236768028
1.1423973285781066 0.177404709899766 0.19257748114119336 0.15756339366097638 0.18207325489712825
1.7135959928671598 0.1499770080402627 0.15406198491295467 0.1365549411728462 0.15931409803498722
2.284794657156213 0.17623757365042544 0.1680676199050415 0.17331973302707404 0.1873253680191608
2.8559933214452666 0.16164837053366837 0.15406198491295467 0.1610648024089981 0.16981832427905233
3.4271919857343196 0.1639826430323495 0.17331973302707404 0.17156902865306317 0.1470591674169113
3.998390650023373 0.16690048365570093 0.16631691553103062 0.18207325489712825 0.15231128053894383
4.569589314312426 0.1610648024089981 0.14880987179092214 0.15756339366097638 0.17682114177509572
5.140787978601479 0.1610648024089981 0.17682114177509572 0.14880987179092214 0.15756339366097638
5.711986642890533 0.1429741905442193 0.13480423679883535 0.14530846304290046 0.14880987179092214
