0.0 0.14764273554158158 0.14180705429487875 0.17331973302707404 0.12780141930279196
0.5711986642890533 0.1704018924037226 0.1680676199050415 0.15056057616493299 0.19257748114119336
1.1423973285781066 0.16223193865833863 0.1680676199050415 0.15056057616493299 0.1680676199050415
1.7135959928671598 0.15989766615965753 0.14530846304290046 0.17682114177509572 0.15756339366097638
2.284794657156213 0.14822630366625186 0.17156902865306317 0.1435577586688896 0.1295521236768028
2.8559933214452666 0.14939343991559242 0.14530846304290046 0.1470591674169113 0.15581268928696554
3.4271919857343196 0.16048123428432778 0.14880987179092214 0.15406198491295467 0.17857184614910657
3.998390650023373 0.16456621115701978 0.15931409803498722 0.1680676199050415 0.16631691553103062
4.569589314312426 0.17507043740108488 0.17682114177509572 0.17507043740108488 0.17331973302707404
5.140787978601479 0.15056057616493299 0.15581268928696554 0.1330535324248245 0.16281550678300893
5.711986642890533 0.16223193865833863 0.16981832427905233 0.17857184614910657 0.13830564554685706
