0.0 0.15347841678828442 0.15581268928696554 0.1435577586688896 0.1610648024089981
0.5711986642890533 0.177404709899766 0.1610648024089981 0.1978295942632259 0.17331973302707404
1.1423973285781066 0.15873052991031697 0.18207325489712825 0.16631691553103062 0.12780141930279196
1.7135959928671598 0.15931409803498722 0.1295521236768028 0.15931409803498722 0.18907607239317167
2.284794657156213 0.1803225505231174 0.1978295942632259 0.1803225505231174 0.16281550678300893
2.8559933214452666 0.1739033011517443 0.17331973302707404 0.16281550678300893 0.18557466364514996
3.4271919857343196 0.14939343991559242 0.14880987179092214 0.1435577586688896 0.15581268928696554
3.998390650023373 0.1569798255363061 0.15931409803498722 0.15931409803498722 0.15231128053894383
4.569589314312426 0.15231128053894383 0.1610648024089981 0.12079860180674858 0.17507043740108488
5.140787978601479 0.14122348617020847 0.1400563499208679 0.1610648024089981 0.12254930618075942
5.711986642890533 0.14764273554158158 0.14180705429487875 0.15581268928696554 0.14530846304290046
