0.0 0.3535892319024942 0.0 0.0 1.0607676957074825
0.2026833970057931 0.3124742049370879 0.0 0.0 0.9374226148112635
0.4053667940115862 0.17103851217609017 0.0 0.0 0.5131155365282706
0.6080501910173793 0.10032066579559136 0.0 0.004933803235848756 0.29602819415092535
0.8107335880231724 0.0444042291226388 0.0 0.0 0.1332126873679164
1.0134169850289656 0.013156808628930015 0.0 0.0 0.03947042588679005
1.2161003820347587 0.0032892021572325037 0.0 0.0 0.009867606471697512
1.4187837790405518 0.0032892021572325037 0.0 0.0 0.009867606471697512
1.6214671760463448 0.0032892021572325037 0.0 0.0 0.009867606471697512
1.824150573052138 0.0 0.0 0.0 0.0
2.026833970057931 0.011512207550313763 0.0 0.024669016179243778 0.009867606471697512
2.2295173670637243 0.027958218336476284 0.0 0.0789408517735801 0.004933803235848756
2.4322007640695174 0.07071784638049883 0.03453662265094129 0.1776169164905552 0.0
2.6348841610753104 0.21215353914149648 0.202285932669799 0.43417468475469045 0.0
2.8375675580811035 0.4703559084842481 0.7154014691980695 0.6956662562546745 0.0
3.0402509550868966 0.8650601673521485 1.4850747739904755 1.11010572806597 0.0
3.2429343520926897 0.7926977198930335 1.4258691351602903 0.9522240245188098 0.0
3.4456177490984827 0.5394291537861307 0.828878943622591 0.7894085177358009 0.0
3.648301146104276 0.202285932669799 0.20721973590564774 0.3996380621037492 0.0
3.850984543110069 0.06578404314465008 0.029602819415092536 0.1677493100188577 0.0
4.053667940115862 0.024669016179243778 0.004933803235848756 0.06907324530188258 0.0
4.2563513371216555 0.004933803235848756 0.0 0.014801409707546268 0.0
4.4590347341274486 0.0 0.0 0.0 0.0
4.661718131133242 0.0 0.0 0.0 0.0
4.864401528139035 0.0016446010786162518 0.0 0.0 0.004933803235848756
5.067084925144828 0.006578404314465007 0.0 0.004933803235848756 0.014801409707546268
5.269768322150621 0.009867606471697512 0.0 0.0 0.029602819415092536
5.472451719156414 0.03618122372955754 0.0 0.004933803235848756 0.10360986795282387
5.675135116162207 0.11347747442452137 0.0 0.0 0.34043242327356416
5.877818513168 0.18583992188363646 0.0 0.004933803235848756 0.5525859624150606
6.080501910173793 0.28780518875784405 0.0 0.0 0.8634155662735322
