0.0 0.36016763621695913 0.0 0.0 1.0805029086508775
0.2026833970057931 0.3141188060157041 0.0 0.0 0.9423564180471123
0.4053667940115862 0.1874845229622527 0.0 0.0 0.5624535688867581
0.6080501910173793 0.09703146363835885 0.0 0.0 0.29109439091507655
0.8107335880231724 0.031247420493708784 0.0 0.0 0.09374226148112635
1.0134169850289656 0.009867606471697512 0.0 0.0 0.029602819415092536
1.2161003820347587 0.0016446010786162518 0.0 0.0 0.004933803235848756
1.4187837790405518 0.0 0.0 0.0 0.0
1.6214671760463448 0.0 0.0 0.0 0.0
1.824150573052138 0.0032892021572325037 0.0 0.009867606471697512 0.0
2.026833970057931 0.009867606471697512 0.0 0.029602819415092536 0.0
2.2295173670637243 0.01644601078616252 0.0 0.049338032358487556 0.0
2.4322007640695174 0.06907324530188258 0.029602819415092536 0.1776169164905552 0.0
2.6348841610753104 0.21215353914149648 0.17268311325470645 0.46377750416978303 0.0
2.8375675580811035 0.4703559084842481 0.6611296336037333 0.7499380918490108 0.0
3.0402509550868966 0.828878943622591 1.5393466095848118 0.9472902212829611 0.0
3.2429343520926897 0.9012413910817061 1.5196113966414166 1.1841127766037014 0.0
3.4456177490984827 0.5164047386855031 0.7844747144999522 0.7647395015565571 0.0
3.648301146104276 0.17926151756917147 0.19241832619810148 0.3453662265094129 0.0
3.850984543110069 0.057561037751568817 0.024669016179243778 0.14801409707546268 0.0
4.053667940115862 0.019735212943395024 0.009867606471697512 0.049338032358487556 0.0
4.2563513371216555 0.0016446010786162518 0.0 0.004933803235848756 0.0
4.4590347341274486 0.0032892021572325037 0.0 0.009867606471697512 0.0
4.661718131133242 0.0016446010786162518 0.0 0.0 0.004933803235848756
4.864401528139035 0.0016446010786162518 0.0 0.0 0.004933803235848756
5.067084925144828 0.0016446010786162518 0.0 0.0 0.004933803235848756
5.269768322150621 0.014801409707546268 0.0 0.0 0.0444042291226388
5.472451719156414 0.03618122372955754 0.0 0.0 0.10854367118867261
5.675135116162207 0.09374226148112635 0.0 0.0 0.28122678444337906
5.877818513168 0.20721973590564774 0.0 0.0 0.6216592077169432
6.080501910173793 0.28616058767922786 0.0 0.0 0.8584817630376834
