0.0 0.24340095963520528 0.004933803235848756 0.0 0.7252690756697671
0.2026833970057931 0.26313617257860034 0.004933803235848756 0.0 0.7844747144999522
0.4053667940115862 0.18583992188363646 0.009867606471697512 0.0 0.5476521591792118
0.6080501910173793 0.13156808628930017 0.004933803235848756 0.0 0.3897704556320517
0.8107335880231724 0.07729625069496383 0.004933803235848756 0.0 0.22695494884904274
1.0134169850289656 0.05098263343710381 0.0 0.0 0.15294790031131142
1.2161003820347587 0.02137981402201127 0.0 0.0 0.06413944206603382
1.4187837790405518 0.006578404314465007 0.0 0.0 0.019735212943395024
1.6214671760463448 0.006578404314465007 0.0 0.014801409707546268 0.004933803235848756
1.824150573052138 0.014801409707546268 0.004933803235848756 0.03453662265094129 0.004933803235848756
2.026833970057931 0.02137981402201127 0.004933803235848756 0.05920563883018507 0.0
2.2295173670637243 0.07729625069496383 0.05427183559433631 0.17268311325470645 0.004933803235848756
2.4322007640695174 0.14143569276099766 0.09867606471697511 0.32563101356601787 0.0
2.6348841610753104 0.25491316718551904 0.3897704556320517 0.3749690459245054 0.0
2.8375675580811035 0.48351271711317806 0.7894085177358009 0.6611296336037333 0.0
3.0402509550868966 0.633171415267257 1.0212972698206924 0.8782169759810785 0.0
3.2429343520926897 0.5969901915376994 1.0953043183584237 0.6956662562546745 0.0
3.4456177490984827 0.46048830201255053 0.7548718950848596 0.626593010952792 0.0
3.648301146104276 0.34043242327356416 0.4539098976980855 0.5673873721226069 0.0
3.850984543110069 0.15294790031131142 0.18255071972640394 0.2762929812075303 0.0
4.053667940115862 0.05427183559433631 0.019735212943395024 0.14308029383961393 0.0
4.2563513371216555 0.031247420493708784 0.004933803235848756 0.0789408517735801 0.009867606471697512
4.4590347341274486 0.009867606471697512 0.0 0.019735212943395024 0.009867606471697512
4.661718131133242 0.0032892021572325037 0.0 0.004933803235848756 0.004933803235848756
4.864401528139035 0.0032892021572325037 0.0 0.0 0.009867606471697512
5.067084925144828 0.023024415100627527 0.004933803235848756 0.0 0.06413944206603382
5.269768322150621 0.03289202157232504 0.0 0.0 0.09867606471697511
5.472451719156414 0.08058545285219633 0.0 0.0 0.24175635855658903
5.675135116162207 0.11841127766037014 0.004933803235848756 0.0 0.35030002974526164
5.877818513168 0.1743277143333227 0.009867606471697512 0.0 0.5131155365282706
6.080501910173793 0.2384671563993565 0.009867606471697512 0.0 0.705533862726372
