0.0 0.33056481680186667 0.0 0.0 0.9916944504055999
0.2026833970057931 0.3108296038584716 0.0 0.0 0.9324888115754149
0.4053667940115862 0.19899673051256647 0.0 0.0 0.5969901915376994
0.6080501910173793 0.09703146363835885 0.0 0.0 0.29109439091507655
0.8107335880231724 0.024669016179243778 0.0 0.0 0.07400704853773134
1.0134169850289656 0.00822300539308126 0.0 0.0 0.024669016179243778
1.2161003820347587 0.0 0.0 0.0 0.0
1.4187837790405518 0.0 0.0 0.0 0.0
1.6214671760463448 0.0 0.0 0.0 0.0
1.824150573052138 0.0016446010786162518 0.0 0.004933803235848756 0.0
2.026833970057931 0.0032892021572325037 0.0 0.009867606471697512 0.0
2.2295173670637243 0.02137981402201127 0.0 0.06413944206603382 0.0
2.4322007640695174 0.057561037751568817 0.014801409707546268 0.1578817035471602 0.0
2.6348841610753104 0.18583992188363646 0.1874845229622527 0.3700352426886567 0.0
2.8375675580811035 0.5246277440785844 0.828878943622591 0.745004288613162 0.0
3.0402509550868966 0.8864399813741598 1.4801409707546267 1.1791789733678526 0.0
3.2429343520926897 0.8107883317578122 1.4456043481036853 0.9867606471697512 0.0
3.4456177490984827 0.5048925311351893 0.7203352724339183 0.7943423209716497 0.0
3.648301146104276 0.19899673051256647 0.22695494884904274 0.3700352426886567 0.0
3.850984543110069 0.07729625069496383 0.029602819415092536 0.202285932669799 0.0
4.053667940115862 0.011512207550313763 0.0 0.03453662265094129 0.0
4.2563513371216555 0.004933803235848756 0.0 0.014801409707546268 0.0
4.4590347341274486 0.0 0.0 0.0 0.0
4.661718131133242 0.0016446010786162518 0.0 0.0 0.004933803235848756
4.864401528139035 0.0 0.0 0.0 0.0
5.067084925144828 0.0016446010786162518 0.0 0.0 0.004933803235848756
5.269768322150621 0.011512207550313763 0.0 0.0 0.03453662265094129
5.472451719156414 0.03453662265094129 0.0 0.0 0.10360986795282387
5.675135116162207 0.09867606471697511 0.0 0.0 0.29602819415092535
5.877818513168 0.16939391109747395 0.0 0.0 0.5081817332924218
6.080501910173793 0.35687843405972663 0.0 0.0 1.07063530217918
