0.0 0.38483665239620296 0.004933803235848756 0.0 1.14957615395276
0.2026833970057931 0.3042511995440066 0.0 0.0 0.9127535986320198
0.4053667940115862 0.18583992188363646 0.0 0.0 0.5575197656509094
0.6080501910173793 0.09703146363835885 0.0 0.0 0.29109439091507655
0.8107335880231724 0.024669016179243778 0.004933803235848756 0.0 0.06907324530188258
1.0134169850289656 0.006578404314465007 0.0 0.0 0.019735212943395024
1.2161003820347587 0.0 0.0 0.0 0.0
1.4187837790405518 0.0 0.0 0.0 0.0
1.6214671760463448 0.0 0.0 0.0 0.0
1.824150573052138 0.0 0.0 0.0 0.0
2.026833970057931 0.0016446010786162518 0.0 0.004933803235848756 0.0
2.2295173670637243 0.013156808628930015 0.004933803235848756 0.03453662265094129 0.0
2.4322007640695174 0.07071784638049883 0.03947042588679005 0.17268311325470645 0.0
2.6348841610753104 0.19241832619810148 0.16281550678300893 0.4144394718112955 0.0
2.8375675580811035 0.5262723451572007 0.7746071080282546 0.8042099274433472 0.0
3.0402509550868966 0.8963075878458573 1.5689494289999044 1.1199733345376675 0.0
3.2429343520926897 0.7795409112641034 1.4160015286885927 0.9226212051037173 0.0
3.4456177490984827 0.5164047386855031 0.6759310433112796 0.8732831727452297 0.0
3.648301146104276 0.21215353914149648 0.22695494884904274 0.40950566857544674 0.0
3.850984543110069 0.04275962804402254 0.014801409707546268 0.11347747442452137 0.0
4.053667940115862 0.01644601078616252 0.0 0.049338032358487556 0.0
4.2563513371216555 0.004933803235848756 0.004933803235848756 0.009867606471697512 0.0
4.4590347341274486 0.0 0.0 0.0 0.0
4.661718131133242 0.0032892021572325037 0.004933803235848756 0.0 0.004933803235848756
4.864401528139035 0.0016446010786162518 0.004933803235848756 0.0 0.0
5.067084925144828 0.0032892021572325037 0.004933803235848756 0.004933803235848756 0.0
5.269768322150621 0.011512207550313763 0.004933803235848756 0.0 0.029602819415092536
5.472451719156414 0.02631361725786003 0.0 0.0 0.0789408517735801
5.675135116162207 0.08223005393081259 0.0 0.0 0.2466901617924378
5.877818513168 0.21379814022011276 0.004933803235848756 0.0 0.6364606174244894
6.080501910173793 0.3157634070943204 0.009867606471697512 0.0 0.9374226148112635
