0.0 0.40950566857544674 0.0 0.0 1.2285170057263401
0.2026833970057931 0.33220941788048286 0.0 0.0 0.9966282536414487
0.4053667940115862 0.19570752835533398 0.0 0.0 0.5871225850660019
0.6080501910173793 0.09045305932389386 0.0 0.0 0.2713591779716816
0.8107335880231724 0.023024415100627527 0.0 0.0 0.06907324530188258
1.0134169850289656 0.0032892021572325037 0.0 0.0 0.009867606471697512
1.2161003820347587 0.0032892021572325037 0.0 0.0 0.009867606471697512
1.4187837790405518 0.0 0.0 0.0 0.0
1.6214671760463448 0.0 0.0 0.0 0.0
1.824150573052138 0.0032892021572325037 0.004933803235848756 0.004933803235848756 0.0
2.026833970057931 0.0032892021572325037 0.0 0.009867606471697512 0.0
2.2295173670637243 0.019735212943395024 0.004933803235848756 0.05427183559433631 0.0
2.4322007640695174 0.04769343127987131 0.024669016179243778 0.11841127766037014 0.0
2.6348841610753104 0.21379814022011276 0.1578817035471602 0.48351271711317806 0.0
2.8375675580811035 0.4917357225062593 0.7351366821414645 0.7400704853773133 0.0
3.0402509550868966 0.835457347937056 1.4998761836980217 1.0064958601131462 0.0
3.2429343520926897 0.8486141565659859 1.5146775934055678 1.03116487629239 0.0
3.4456177490984827 0.5377845527075144 0.7894085177358009 0.8239451403867423 0.0
3.648301146104276 0.1940629272767177 0.1677493100188577 0.4144394718112955 0.0
3.850984543110069 0.06907324530188258 0.03453662265094129 0.17268311325470645 0.0
4.053667940115862 0.01644601078616252 0.0 0.049338032358487556 0.0
4.2563513371216555 0.006578404314465007 0.0 0.019735212943395024 0.0
4.4590347341274486 0.0016446010786162518 0.0 0.004933803235848756 0.0
4.661718131133242 0.0 0.0 0.0 0.0
4.864401528139035 0.0 0.0 0.0 0.0
5.067084925144828 0.0 0.0 0.0 0.0
5.269768322150621 0.004933803235848756 0.0 0.0 0.014801409707546268
5.472451719156414 0.02631361725786003 0.0 0.0 0.0789408517735801
5.675135116162207 0.10032066579559136 0.0 0.0 0.3009619973867741
5.877818513168 0.18255071972640394 0.0 0.0 0.5476521591792118
6.080501910173793 0.2730037790502978 0.0 0.0 0.8190113371508935
