0.0 0.4111502696540629 0.0 0.0 1.233450808962189
0.2026833970057931 0.3157634070943204 0.0 0.0 0.9472902212829611
0.4053667940115862 0.18255071972640394 0.0 0.0 0.5476521591792118
0.6080501910173793 0.10032066579559136 0.0 0.0 0.3009619973867741
0.8107335880231724 0.027958218336476284 0.0 0.0 0.08387465500942885
1.0134169850289656 0.004933803235848756 0.0 0.0 0.014801409707546268
1.2161003820347587 0.0016446010786162518 0.0 0.0 0.004933803235848756
1.4187837790405518 0.0 0.0 0.0 0.0
1.6214671760463448 0.0 0.0 0.0 0.0
1.824150573052138 0.0016446010786162518 0.0 0.004933803235848756 0.0
2.026833970057931 0.006578404314465007 0.0 0.019735212943395024 0.0
2.2295173670637243 0.014801409707546268 0.0 0.0444042291226388 0.0
2.4322007640695174 0.07236244745911508 0.014801409707546268 0.202285932669799 0.0
2.6348841610753104 0.18255071972640394 0.20721973590564774 0.34043242327356416 0.0
2.8375675580811035 0.5640981699653743 0.8584817630376834 0.8338127468584398 0.0
3.0402509550868966 0.8568371619590672 1.5985522484149968 0.9719592374622049 0.0
3.2429343520926897 0.8371019490156721 1.411067725452744 1.1002381215942725 0.0
3.4456177490984827 0.49831412682072435 0.6512620271320357 0.8436803533301372 0.0
3.648301146104276 0.1841953208050202 0.16281550678300893 0.3897704556320517 0.0
3.850984543110069 0.05427183559433631 0.029602819415092536 0.1332126873679164 0.0
4.053667940115862 0.014801409707546268 0.0 0.0444042291226388 0.0
4.2563513371216555 0.0 0.0 0.0 0.0
4.4590347341274486 0.0016446010786162518 0.0 0.004933803235848756 0.0
4.661718131133242 0.0 0.0 0.0 0.0
4.864401528139035 0.0 0.0 0.0 0.0
5.067084925144828 0.0032892021572325037 0.0 0.0 0.009867606471697512
5.269768322150621 0.00822300539308126 0.0 0.0 0.024669016179243778
5.472451719156414 0.02631361725786003 0.0 0.0 0.0789408517735801
5.675135116162207 0.09538686255974262 0.0 0.0 0.28616058767922786
5.877818513168 0.1677493100188577 0.0 0.0 0.5032479300565731
6.080501910173793 0.29931739630815785 0.0 0.0 0.8979521889244735
