0.0 0.3486554286666454 0.009867606471697512 0.0 1.0360986795282388
0.2026833970057931 0.2795821833647628 0.0 0.0 0.8387465500942886
0.4053667940115862 0.208864336984264 0.009867606471697512 0.0 0.6167254044810945
0.6080501910173793 0.08387465500942885 0.004933803235848756 0.0 0.2466901617924378
0.8107335880231724 0.0444042291226388 0.0 0.0 0.1332126873679164
1.0134169850289656 0.004933803235848756 0.0 0.0 0.014801409707546268
1.2161003820347587 0.004933803235848756 0.0 0.0 0.014801409707546268
1.4187837790405518 0.0016446010786162518 0.004933803235848756 0.0 0.0
1.6214671760463448 0.0016446010786162518 0.0 0.004933803235848756 0.0
1.824150573052138 0.0032892021572325037 0.0 0.009867606471697512 0.0
2.026833970057931 0.009867606471697512 0.004933803235848756 0.024669016179243778 0.0
2.2295173670637243 0.027958218336476284 0.004933803235848756 0.0789408517735801 0.0
2.4322007640695174 0.05427183559433631 0.03947042588679005 0.1233450808962189 0.0
2.6348841610753104 0.20393053374841524 0.20721973590564774 0.404571865339598 0.0
2.8375675580811035 0.5131155365282706 0.7844747144999522 0.7548718950848596 0.0
3.0402509550868966 0.828878943622591 1.4505381513395341 1.0360986795282388 0.0
3.2429343520926897 0.7976315231288821 1.4258691351602903 0.9670254342263561 0.0
3.4456177490984827 0.5213385419213519 0.7154014691980695 0.8486141565659859 0.0
3.648301146104276 0.202285932669799 0.18255071972640394 0.42430707828299297 0.0
3.850984543110069 0.07729625069496383 0.049338032358487556 0.18255071972640394 0.0
4.053667940115862 0.023024415100627527 0.014801409707546268 0.05427183559433631 0.0
4.2563513371216555 0.004933803235848756 0.0 0.014801409707546268 0.0
4.4590347341274486 0.0016446010786162518 0.0 0.004933803235848756 0.0
4.661718131133242 0.0 0.0 0.0 0.0
4.864401528139035 0.0 0.0 0.0 0.0
5.067084925144828 0.0016446010786162518 0.0 0.0 0.004933803235848756
5.269768322150621 0.009867606471697512 0.0 0.0 0.029602819415092536
5.472451719156414 0.03947042588679005 0.0 0.0 0.11841127766037014
5.675135116162207 0.11018827226728888 0.0 0.0 0.33056481680186667
5.877818513168 0.19899673051256647 0.0 0.0 0.5969901915376994
6.080501910173793 0.32563101356601787 0.024669016179243778 0.0 0.9522240245188098
