0.0 0.3881258545534354 0.0 0.0 1.1643775636603062
0.2026833970057931 0.2976727952295416 0.0 0.0 0.8930183856886248
0.4053667940115862 0.18583992188363646 0.0 0.0 0.5575197656509094
0.6080501910173793 0.08716385716666135 0.0 0.0 0.26149157149998403
0.8107335880231724 0.03453662265094129 0.0 0.0 0.10360986795282387
1.0134169850289656 0.00822300539308126 0.0 0.0 0.024669016179243778
1.2161003820347587 0.0016446010786162518 0.0 0.0 0.004933803235848756
1.4187837790405518 0.0 0.0 0.0 0.0
1.6214671760463448 0.0016446010786162518 0.0 0.004933803235848756 0.0
1.824150573052138 0.0 0.0 0.0 0.0
2.026833970057931 0.0032892021572325037 0.004933803235848756 0.004933803235848756 0.0
2.2295173670637243 0.00822300539308126 0.009867606471697512 0.014801409707546268 0.0
2.4322007640695174 0.05591643667295257 0.03947042588679005 0.12827888413206764 0.0
2.6348841610753104 0.20393053374841524 0.1776169164905552 0.43417468475469045 0.0
2.8375675580811035 0.48351271711317806 0.7203352724339183 0.7302028789056157 0.0
3.0402509550868966 0.914398199710636 1.5442804128206604 1.1989141863112476 0.0
3.2429343520926897 0.8321681457798235 1.4653395610470803 1.03116487629239 0.0
3.4456177490984827 0.49995872789934054 0.705533862726372 0.7943423209716497 0.0
3.648301146104276 0.18255071972640394 0.19735212943395022 0.35030002974526164 0.0
3.850984543110069 0.06907324530188258 0.049338032358487556 0.1578817035471602 0.0
4.053667940115862 0.024669016179243778 0.014801409707546268 0.05920563883018507 0.0
4.2563513371216555 0.006578404314465007 0.0 0.019735212943395024 0.0
4.4590347341274486 0.0016446010786162518 0.0 0.004933803235848756 0.0
4.661718131133242 0.0 0.0 0.0 0.0
4.864401528139035 0.0 0.0 0.0 0.0
5.067084925144828 0.0016446010786162518 0.0 0.0 0.004933803235848756
5.269768322150621 0.00822300539308126 0.004933803235848756 0.0 0.019735212943395024
5.472451719156414 0.024669016179243778 0.0 0.0 0.07400704853773134
5.675135116162207 0.09867606471697511 0.0 0.0 0.29602819415092535
5.877818513168 0.1874845229622527 0.0 0.0 0.5624535688867581
6.080501910173793 0.3223418114087853 0.0 0.0 0.9670254342263561
