0.0 0.0586025253616263 0.007002817496043395 0.03501408748021698 0.11554648868471602
0.5711986642890533 0.05123113852368589 0.01400563499208679 0.02801126998417358 0.09453803619658584
1.1423973285781066 0.03446123346737145 0.01750704374010849 0.05252113122032546 0.09803944494460753
1.7135959928671598 0.07187102166991906 0.05602253996834716 0.1470591674169113 0.11904789743273772
2.284794657156213 0.2148759263259631 0.27661129109371413 0.2486000211095405 0.22409015987338865
2.8559933214452666 0.45702598395230576 0.47969299847897257 0.3606451010462348 0.2906169260858009
3.4271919857343196 0.4752701663762083 0.5147070859591895 0.4341746847546905 0.23109297736943205
3.998390650023373 0.23109297736943205 0.2871155173377792 0.2486000211095405 0.18207325489712825
4.569589314312426 0.07758384646932287 0.07352958370845565 0.11554648868471602 0.17507043740108488
5.140787978601479 0.03390837945452591 0.01750704374010849 0.05952394871636886 0.09453803619658584
5.711986642890533 0.04478117504048802 0.007002817496043395 0.021008452488130186 0.1260507149287811
