0.0 0.06800104358000034 0.007002817496043395 0.05252113122032546 0.1400563499208679
0.5711986642890533 0.04551831372428206 0.0035014087480216977 0.06302535746439054 0.09803944494460753
1.1423973285781066 0.04127976629246633 0.010504226244065093 0.07002817496043395 0.09803944494460753
1.7135959928671598 0.07316101436655863 0.07002817496043395 0.15056057616493299 0.11904789743273772
2.284794657156213 0.22427444454433718 0.2836141085897575 0.24509861236151884 0.19607888988921507
2.8559933214452666 0.4586845459908424 0.5847352609196235 0.3221296048179962 0.2626056561016273
3.4271919857343196 0.4586845459908424 0.5112056772111678 0.35714369229821313 0.2906169260858009
3.998390650023373 0.21063737889414738 0.19257748114119336 0.266107064849649 0.15406198491295467
4.569589314312426 0.06836961292189735 0.05952394871636886 0.12254930618075942 0.1470591674169113
5.140787978601479 0.04478117504048802 0.024509861236151884 0.07002817496043395 0.11904789743273772
5.711986642890533 0.057312532664986725 0.0035014087480216977 0.03151267873219527 0.1260507149287811
