0.0 0.06726390489620629 0.010504226244065093 0.04551831372428206 0.15406198491295467
0.5711986642890533 0.049572576485149296 0.010504226244065093 0.03501408748021698 0.10154085369262923
1.1423973285781066 0.036856934189702074 0.02801126998417358 0.05952394871636886 0.10854367118867263
1.7135959928671598 0.06726390489620629 0.06302535746439054 0.12254930618075942 0.10854367118867263
2.284794657156213 0.21837733507398482 0.24509861236151884 0.20308170738525846 0.17156902865306317
2.8559933214452666 0.46347594743550363 0.5112056772111678 0.33263383106206124 0.2871155173377792
3.4271919857343196 0.4728744656538777 0.5707296259275367 0.3746507360383216 0.22409015987338865
3.998390650023373 0.21800876573208777 0.2731098823456924 0.2801126998417358 0.20308170738525846
4.569589314312426 0.06652676621241226 0.03501408748021698 0.17507043740108488 0.1365549411728462
5.140787978601479 0.04035834293772378 0.0035014087480216977 0.08403380995252074 0.1365549411728462
5.711986642890533 0.050125430497994825 0.0 0.03851549622823867 0.11904789743273772
