0.0 0.04772972977566419 0.01400563499208679 0.021008452488130186 0.10854367118867263
0.5711986642890533 0.04127976629246633 0.01400563499208679 0.04551831372428206 0.09453803619658584
1.1423973285781066 0.02819555465512209 0.02801126998417358 0.03501408748021698 0.04551831372428206
1.7135959928671598 0.07113388298612501 0.08403380995252074 0.1295521236768028 0.1470591674169113
2.284794657156213 0.20308170738525846 0.21008452488130183 0.2521014298575622 0.21008452488130183
2.8559933214452666 0.43896608619935173 0.4621859547388641 0.336135239810083 0.23109297736943205
3.4271919857343196 0.48706438531691293 0.5602253996834716 0.3956591885264518 0.2906169260858009
3.998390650023373 0.2620528020887818 0.2626056561016273 0.2626056561016273 0.24159720361349715
4.569589314312426 0.08642951067485138 0.06302535746439054 0.17857184614910657 0.1260507149287811
5.140787978601479 0.04238547431815739 0.03501408748021698 0.04551831372428206 0.12254930618075942
5.711986642890533 0.04238547431815739 0.01750704374010849 0.04901972247230377 0.1330535324248245
