0.0 0.07039674430233098 0.0035014087480216977 0.03501408748021698 0.1680676199050415
0.5711986642890533 0.05344255457506801 0.0035014087480216977 0.03151267873219527 0.09803944494460753
1.1423973285781066 0.0372255035315991 0.02801126998417358 0.03851549622823867 0.10854367118867263
1.7135959928671598 0.06707962022525779 0.07352958370845565 0.1295521236768028 0.10504226244065092
2.284794657156213 0.20990024021035333 0.23109297736943205 0.22058875112536694 0.20658311613328015
2.8559933214452666 0.4678987795382679 0.5637268084314933 0.3991605972744735 0.2626056561016273
3.4271919857343196 0.4841158305817368 0.4656873634868858 0.40616341477051693 0.30812396982590934
3.998390650023373 0.21358593362932354 0.2941183348338226 0.24159720361349715 0.15406198491295467
4.569589314312426 0.06763247423810331 0.06652676621241226 0.15756339366097638 0.1365549411728462
5.140787978601479 0.03464551813831995 0.01400563499208679 0.05952394871636886 0.07703099245647733
5.711986642890533 0.04478117504048802 0.007002817496043395 0.03151267873219527 0.1260507149287811
