0.0 0.08053240120449905 0.01750704374010849 0.05252113122032546 0.12254930618075942
0.5711986642890533 0.05417969325886206 0.01750704374010849 0.07703099245647733 0.10154085369262923
1.1423973285781066 0.03759407287349612 0.03151267873219527 0.04551831372428206 0.11554648868471602
1.7135959928671598 0.07610956910173479 0.08753521870054244 0.15406198491295467 0.1400563499208679
2.284794657156213 0.20676740080422867 0.22058875112536694 0.21358593362932354 0.1610648024089981
2.8559933214452666 0.4175890643693246 0.497200042219081 0.33963664855810466 0.2801126998417358
3.4271919857343196 0.4369389548189181 0.47969299847897257 0.33263383106206124 0.2591042473536056
3.998390650023373 0.22777585329235883 0.27661129109371413 0.22409015987338865 0.17507043740108488
4.569589314312426 0.08034811653355053 0.08053240120449905 0.15056057616493299 0.10154085369262923
5.140787978601479 0.05436397792981057 0.024509861236151884 0.07703099245647733 0.12254930618075942
5.711986642890533 0.07850526982406542 0.01750704374010849 0.08403380995252074 0.17156902865306317
