0.0 0.08108525521734458 0.010504226244065093 0.04901972247230377 0.1680676199050415
0.5711986642890533 0.059892518058265884 0.007002817496043395 0.03151267873219527 0.15756339366097638
1.1423973285781066 0.03740978820254761 0.02801126998417358 0.07002817496043395 0.10154085369262923
1.7135959928671598 0.06284107279344205 0.06302535746439054 0.11904789743273772 0.10504226244065092
2.284794657156213 0.19902744462439123 0.24159720361349715 0.23109297736943205 0.17156902865306317
2.8559933214452666 0.46347594743550363 0.5147070859591895 0.40266200602249524 0.2836141085897575
3.4271919857343196 0.4655030788159372 0.5392169471953414 0.32563101356601787 0.30812396982590934
3.998390650023373 0.22390587520244012 0.24159720361349715 0.23809579486547544 0.16456621115701978
4.569589314312426 0.0724238756827646 0.06652676621241226 0.1435577586688896 0.07703099245647733
5.140787978601479 0.03519837215116549 0.01400563499208679 0.08403380995252074 0.10154085369262923
5.711986642890533 0.04994114582704632 0.024509861236151884 0.05602253996834716 0.11204507993669433
