0.0 0.04846686845945823 0.03501408748021698 0.03501408748021698 0.11904789743273772
0.5711986642890533 0.049388291814200784 0.02801126998417358 0.04901972247230377 0.11904789743273772
1.1423973285781066 0.06247250345154502 0.03151267873219527 0.09103662744856413 0.17507043740108488
1.7135959928671598 0.12144359815506835 0.09453803619658584 0.17507043740108488 0.17156902865306317
2.284794657156213 0.2557871232765324 0.24509861236151884 0.22759156862141033 0.16456621115701978
2.8559933214452666 0.3884720863594599 0.416667641014582 0.336135239810083 0.2556028386055839
3.4271919857343196 0.3881035170175629 0.4341746847546905 0.3116253785739311 0.2731098823456924
3.998390650023373 0.22648586059571926 0.2521014298575622 0.22759156862141033 0.1400563499208679
4.569589314312426 0.1137036419752309 0.1330535324248245 0.1470591674169113 0.1330535324248245
5.140787978601479 0.05417969325886206 0.04901972247230377 0.07352958370845565 0.08753521870054244
5.711986642890533 0.042201189647208884 0.03151267873219527 0.07703099245647733 0.11204507993669433
