0.0 0.0796109778497565 0.024509861236151884 0.07352958370845565 0.1330535324248245
0.5711986642890533 0.07997954719165351 0.03151267873219527 0.05252113122032546 0.17507043740108488
1.1423973285781066 0.07555671508888925 0.06302535746439054 0.09103662744856413 0.1435577586688896
1.7135959928671598 0.12033789012937728 0.11904789743273772 0.19257748114119336 0.10854367118867263
2.284794657156213 0.24012292624590906 0.21708734237734525 0.22058875112536694 0.19958029863723675
2.8559933214452666 0.3591708236786467 0.4376760935027122 0.2871155173377792 0.20308170738525846
3.4271919857343196 0.36082938571718337 0.4411775022507339 0.2871155173377792 0.18557466364514996
3.998390650023373 0.2017917146886189 0.24509861236151884 0.2556028386055839 0.15056057616493299
4.569589314312426 0.10375226974401136 0.11204507993669433 0.10154085369262923 0.1470591674169113
5.140787978601479 0.0639467808191331 0.03851549622823867 0.11204507993669433 0.15756339366097638
5.711986642890533 0.06560534285766971 0.021008452488130186 0.07703099245647733 0.1470591674169113
