0.0 0.33171723191336444 0.6740211839941768 0.4656873634868858 0.015756339366097636
0.5711986642890533 0.20233009608332708 0.4079141191445278 0.31512678732195276 0.02275915686214103
1.1423973285781066 0.05880900138038536 0.08228310557850989 0.1260507149287811 0.07002817496043395
1.7135959928671598 0.03527073524185207 0.012254930618075942 0.0717788793344448 0.14530846304290046
2.284794657156213 0.11605978420798621 0.0 0.04026620060224952 0.23459438611745376
2.8559933214452666 0.28657472384004806 0.0035014087480216977 0.015756339366097636 0.4114155278925494
3.4271919857343196 0.2909469017793317 0.007002817496043395 0.02626056561016273 0.4149169366405711
3.998390650023373 0.11764550073523164 0.007002817496043395 0.04201690497626037 0.2626056561016273
4.569589314312426 0.038414670321882026 0.01750704374010849 0.07703099245647733 0.08928592307455328
5.140787978601479 0.06421693635769637 0.11379578431070517 0.22409015987338865 0.0647760618384014
5.711986642890533 0.20871879214974365 0.4254211628846362 0.3466394660541481 0.019257748114119334
