0.0 0.2664737045091277 0.519959199081222 0.34138735293211553 0.05252113122032546
0.5711986642890533 0.1975454485271299 0.3886563710304084 0.2941183348338226 0.05602253996834716
1.1423973285781066 0.0920723844865915 0.16281550678300893 0.18207325489712825 0.0647760618384014
1.7135959928671598 0.06819497666304039 0.03326338310620613 0.11379578431070517 0.13130282805081364
2.284794657156213 0.13697657678124672 0.010504226244065093 0.04901972247230377 0.2696084735976707
2.8559933214452666 0.2430820942343859 0.008753521870054244 0.05252113122032546 0.31512678732195276
3.4271919857343196 0.24196384327297582 0.0052521131220325465 0.02626056561016273 0.3466394660541481
3.998390650023373 0.1381498236915786 0.007002817496043395 0.07703099245647733 0.26085495172761647
4.569589314312426 0.06889159201604994 0.04026620060224952 0.11904789743273772 0.15231128053894383
5.140787978601479 0.09704035187252805 0.14880987179092214 0.2118352292553127 0.04901972247230377
5.711986642890533 0.20031357795619417 0.4254211628846362 0.2836141085897575 0.05252113122032546
