0.0 0.27047924278893265 0.532214129699298 0.3606451010462348 0.02976197435818443
0.5711986642890533 0.19748128658672112 0.4131662322665603 0.3221296048179962 0.036764791854227825
1.1423973285781066 0.09629790656208365 0.18557466364514996 0.22058875112536694 0.08753521870054244
1.7135959928671598 0.06903824787984143 0.050770426846314616 0.11204507993669433 0.15406198491295467
2.284794657156213 0.1380031678277871 0.015756339366097636 0.07002817496043395 0.2696084735976707
2.8559933214452666 0.24392536545118695 0.008753521870054244 0.07002817496043395 0.37815214478634335
3.4271919857343196 0.2445944828297356 0.007002817496043395 0.03851549622823867 0.3028718567038768
3.998390650023373 0.1387731111126924 0.0035014087480216977 0.04901972247230377 0.26085495172761647
4.569589314312426 0.06726921152285664 0.024509861236151884 0.08403380995252074 0.13130282805081364
5.140787978601479 0.08930425505752722 0.12780141930279196 0.1435577586688896 0.0682774705864231
5.711986642890533 0.19553809639148395 0.38165355353436503 0.2801126998417358 0.03151267873219527
