0.0 0.3445679519780933 0.6425085052619814 0.416667641014582 0.015756339366097636
0.5711986642890533 0.206913091826811 0.4271718672586471 0.3641465097942565 0.02275915686214103
1.1423973285781066 0.05640751161079981 0.08928592307455328 0.17682114177509572 0.04726901809829292
1.7135959928671598 0.0311368730812296 0.024509861236151884 0.0682774705864231 0.10329155806664007
2.284794657156213 0.11213673985156399 0.0017507043740108488 0.03326338310620613 0.2363450904914646
2.8559933214452666 0.29280759805118617 0.0 0.012254930618075942 0.3974098929004627
3.4271919857343196 0.29508076393995425 0.0 0.007002817496043395 0.40441271039650606
3.998390650023373 0.11318166288107831 0.0035014087480216977 0.02801126998417358 0.27836199546772494
4.569589314312426 0.03300673534457103 0.019257748114119334 0.08753521870054244 0.1330535324248245
5.140787978601479 0.05875400543146356 0.11379578431070517 0.19958029863723675 0.08928592307455328
5.711986642890533 0.2067114400140977 0.42892257163265796 0.35714369229821313 0.02275915686214103
