0.0 0.3479318708538105 0.6635169577501117 0.43242398038067964 0.010504226244065093
0.5711986642890533 0.20489657369967806 0.4096648235185386 0.3606451010462348 0.01750704374010849
1.1423973285781066 0.05638001363633891 0.09628874057059668 0.17857184614910657 0.04201690497626037
1.7135959928671598 0.030816063379185722 0.007002817496043395 0.05602253996834716 0.09628874057059668
2.284794657156213 0.11198091799628554 0.0 0.02626056561016273 0.2188380467513561
2.8559933214452666 0.29537407566753715 0.0 0.01400563499208679 0.4499310241207881
3.4271919857343196 0.2956673873951201 0.0 0.0052521131220325465 0.439426797876723
3.998390650023373 0.11260420541739936 0.0 0.02801126998417358 0.29236763045981173
4.569589314312426 0.03057774760052456 0.010504226244065093 0.08578451432653159 0.12430001055477025
5.140787978601479 0.05698496907447878 0.10679296681466177 0.19082677676718252 0.04551831372428206
5.711986642890533 0.20749054929048996 0.45693384161683154 0.3729000316643108 0.01400563499208679
