0.0 0.3436330208464226 0.6932789321082962 0.416667641014582 0.0
0.5711986642890533 0.21082697019174623 0.416667641014582 0.33263383106206124 0.01400563499208679
1.1423973285781066 0.056966637091504846 0.08578451432653159 0.21708734237734525 0.04726901809829292
1.7135959928671598 0.030550249626063657 0.008753521870054244 0.10154085369262923 0.15406198491295467
2.284794657156213 0.11325499081297408 0.0035014087480216977 0.03151267873219527 0.3098746741999202
2.8559933214452666 0.29696895818626956 0.0 0.01400563499208679 0.38165355353436503
3.4271919857343196 0.2943108206550489 0.0 0.008753521870054244 0.45693384161683154
3.998390650023373 0.11210924187710308 0.0 0.021008452488130186 0.2293422729954212
4.569589314312426 0.030018622119819528 0.012254930618075942 0.05952394871636886 0.11204507993669433
5.140787978601479 0.05518843474303309 0.11204507993669433 0.1943281855152042 0.02801126998417358
5.711986642890533 0.2068764278608631 0.41841834538859285 0.35364228355019145 0.01750704374010849
