0.0 0.33083729673061557 0.6932789321082962 0.3851549622823867 0.024509861236151884
0.5711986642890533 0.20935124556234444 0.3991605972744735 0.3378859441840938 0.02976197435818443
1.1423973285781066 0.0652068634382889 0.13130282805081364 0.20308170738525846 0.0717788793344448
1.7135959928671598 0.03850633023675171 0.01400563499208679 0.09453803619658584 0.12254930618075942
2.284794657156213 0.1182779541478324 0.0017507043740108488 0.03326338310620613 0.25035072548355136
2.8559933214452666 0.2892145293882948 0.0017507043740108488 0.02801126998417358 0.42191975413661453
3.4271919857343196 0.2861714202146215 0.0035014087480216977 0.012254930618075942 0.35714369229821313
3.998390650023373 0.11397910414044451 0.008753521870054244 0.03501408748021698 0.26785776922365984
4.569589314312426 0.035582378952408976 0.012254930618075942 0.08928592307455328 0.12254930618075942
5.140787978601479 0.060458879848039576 0.08053240120449905 0.20308170738525846 0.036764791854227825
5.711986642890533 0.2031183713512063 0.40441271039650606 0.32913242231403955 0.04551831372428206
