0.0 0.34658447010522625 0.6810240014902201 0.45518313724282067 0.0035014087480216977
0.5711986642890533 0.20757304321387268 0.4096648235185386 0.35189157917618064 0.010504226244065093
1.1423973285781066 0.05490428900693709 0.11554648868471602 0.1803225505231174 0.05952394871636886
1.7135959928671598 0.03243844387237903 0.012254930618075942 0.0647760618384014 0.14880987179092214
2.284794657156213 0.11618810808880377 0.0 0.03326338310620613 0.2626056561016273
2.8559933214452666 0.29535574368456324 0.0 0.02275915686214103 0.451681728494799
3.4271919857343196 0.2931009097787692 0.0 0.010504226244065093 0.37815214478634335
3.998390650023373 0.11065184923067521 0.0017507043740108488 0.02801126998417358 0.26435636047563815
4.569589314312426 0.03058691359201153 0.0052521131220325465 0.0717788793344448 0.10329155806664007
5.140787978601479 0.05700330105745271 0.09453803619658584 0.18382395927113912 0.050770426846314616
5.711986642890533 0.20631730238015808 0.43067327600666877 0.3483901704281589 0.01750704374010849
