0.0 0.34693277778173104 0.7125366802224153 0.4604352503648532 0.012254930618075942
0.5711986642890533 0.20440161015938182 0.44292820662474475 0.35889439667222395 0.010504226244065093
1.1423973285781066 0.05500511491329373 0.10854367118867263 0.1610648024089981 0.04551831372428206
1.7135959928671598 0.03088939131108147 0.01400563499208679 0.06652676621241226 0.10329155806664007
2.284794657156213 0.11124763867732812 0.0052521131220325465 0.01750704374010849 0.25385213423157305
2.8559933214452666 0.2960431930460858 0.0 0.019257748114119334 0.40616341477051693
3.4271919857343196 0.2957682133014768 0.0 0.019257748114119334 0.4236704585106254
3.998390650023373 0.11188925808141587 0.0 0.019257748114119334 0.2976197435818443
4.569589314312426 0.032227626068178764 0.007002817496043395 0.08403380995252074 0.1400563499208679
5.140787978601479 0.05580255617265993 0.07878169683048819 0.1680676199050415 0.04726901809829292
5.711986642890533 0.2104969944982154 0.38165355353436503 0.3764014404123325 0.010504226244065093
