0.0 0.34535622724597254 0.7230409064664804 0.42191975413661453 0.010504226244065093
0.5711986642890533 0.20965372328141438 0.3991605972744735 0.3308831266880504 0.019257748114119334
1.1423973285781066 0.0584606937038806 0.10854367118867263 0.18382395927113912 0.04726901809829292
1.7135959928671598 0.033107561250927675 0.007002817496043395 0.10154085369262923 0.13830564554685706
2.284794657156213 0.11498736320401098 0.0035014087480216977 0.03326338310620613 0.23109297736943205
2.8559933214452666 0.2953099137271284 0.0 0.024509861236151884 0.4656873634868858
3.4271919857343196 0.29339422150635214 0.0035014087480216977 0.015756339366097636 0.43242398038067964
3.998390650023373 0.11288835115349537 0.0035014087480216977 0.02626056561016273 0.2328436817434429
4.569589314312426 0.030146946000637075 0.008753521870054244 0.05952394871636886 0.11204507993669433
5.140787978601479 0.05430849956028418 0.07703099245647733 0.1978295942632259 0.04376760935027122
5.711986642890533 0.20309087337674545 0.416667641014582 0.3553929879242023 0.01750704374010849
