0.0 0.5180493397641194 0.9176874018678686 0.03947042588679005 0.5969901915376994
0.2026833970057931 0.4785789138773293 0.809143730679196 0.05920563883018507 0.5673873721226069
0.4053667940115862 0.3354986200377154 0.5131155365282706 0.014801409707546268 0.4785789138773293
0.6080501910173793 0.202285932669799 0.2565577682641353 0.019735212943395024 0.33056481680186667
0.8107335880231724 0.13485728844653266 0.15294790031131142 0.004933803235848756 0.2466901617924378
1.0134169850289656 0.07565164961634759 0.049338032358487556 0.004933803235848756 0.17268311325470645
1.2161003820347587 0.057561037751568817 0.019735212943395024 0.03453662265094129 0.11841127766037014
1.4187837790405518 0.031247420493708784 0.0 0.029602819415092536 0.06413944206603382
1.6214671760463448 0.019735212943395024 0.0 0.029602819415092536 0.029602819415092536
1.824150573052138 0.013156808628930015 0.0 0.029602819415092536 0.009867606471697512
2.026833970057931 0.041115026965406296 0.0 0.10854367118867261 0.014801409707546268
2.2295173670637243 0.05098263343710381 0.009867606471697512 0.14308029383961393 0.0
2.4322007640695174 0.0920976604025101 0.014801409707546268 0.25162396502828654 0.009867606471697512
2.6348841610753104 0.1578817035471602 0.03453662265094129 0.43417468475469045 0.004933803235848756
2.8375675580811035 0.222021145613194 0.08387465500942885 0.5772549785943044 0.004933803235848756
3.0402509550868966 0.228599549927659 0.06413944206603382 0.6167254044810945 0.004933803235848756
3.2429343520926897 0.22037654453457775 0.03947042588679005 0.6167254044810945 0.004933803235848756
3.4456177490984827 0.20557513482703146 0.049338032358487556 0.5575197656509094 0.009867606471697512
3.648301146104276 0.14308029383961393 0.024669016179243778 0.3996380621037492 0.004933803235848756
3.850984543110069 0.10196526687420762 0.014801409707546268 0.28616058767922786 0.004933803235848756
4.053667940115862 0.0888084582452776 0.009867606471697512 0.25162396502828654 0.004933803235848756
4.2563513371216555 0.04604883020125505 0.0 0.1233450808962189 0.014801409707546268
4.4590347341274486 0.023024415100627527 0.0 0.05427183559433631 0.014801409707546268
4.661718131133242 0.03453662265094129 0.0 0.06413944206603382 0.03947042588679005
4.864401528139035 0.02631361725786003 0.0 0.03453662265094129 0.0444042291226388
5.067084925144828 0.049338032358487556 0.019735212943395024 0.009867606471697512 0.11841127766037014
5.269768322150621 0.08551925608804509 0.05920563883018507 0.029602819415092536 0.1677493100188577
5.472451719156414 0.12170047981760264 0.12827888413206764 0.019735212943395024 0.21708734237734523
5.675135116162207 0.23517795424212404 0.3009619973867741 0.019735212943395024 0.38483665239620296
5.877818513168 0.36181223729557543 0.4539098976980855 0.03947042588679005 0.5920563883018507
6.080501910173793 0.5312061483930494 0.907819795396171 0.029602819415092536 0.6561958303678845
