0.0 0.0
0.2026833970057931 0.16446010786162518
0.4053667940115862 0.16446010786162518
0.6080501910173793 0.16446010786162518
0.8107335880231724 0.16446010786162518
1.0134169850289656 0.0
1.2161003820347587 0.16446010786162518
1.4187837790405518 0.0
1.6214671760463448 0.0
1.824150573052138 0.0
2.026833970057931 0.0
2.2295173670637243 0.16446010786162518
2.4322007640695174 0.0
2.6348841610753104 0.0
2.8375675580811035 0.16446010786162518
3.0402509550868966 0.0
3.2429343520926897 0.16446010786162518
3.4456177490984827 0.32892021572325036
3.648301146104276 0.16446010786162518
3.850984543110069 0.32892021572325036
4.053667940115862 0.6578404314465007
4.2563513371216555 0.16446010786162518
4.4590347341274486 0.16446010786162518
4.661718131133242 0.16446010786162518
4.864401528139035 0.6578404314465007
5.067084925144828 0.16446010786162518
5.269768322150621 0.16446010786162518
5.472451719156414 0.16446010786162518
5.675135116162207 0.32892021572325036
5.877818513168 0.0
6.080501910173793 0.16446010786162518
