0.0 0.5377845527075144 0.9571578277546586 0.009867606471697512 0.646328223896187
0.2026833970057931 0.5081817332924218 0.888084582452776 0.014801409707546268 0.6216592077169432
0.4053667940115862 0.3716798437672729 0.6019239947735482 0.009867606471697512 0.5032479300565731
0.6080501910173793 0.21544274129872898 0.28616058767922786 0.009867606471697512 0.35030002974526164
0.8107335880231724 0.13156808628930017 0.13814649060376516 0.004933803235848756 0.25162396502828654
1.0134169850289656 0.08551925608804509 0.05920563883018507 0.024669016179243778 0.17268311325470645
1.2161003820347587 0.031247420493708784 0.014801409707546268 0.0 0.0789408517735801
1.4187837790405518 0.03947042588679005 0.0 0.014801409707546268 0.10360986795282387
1.6214671760463448 0.024669016179243778 0.0 0.05427183559433631 0.019735212943395024
1.824150573052138 0.029602819415092536 0.004933803235848756 0.06413944206603382 0.019735212943395024
2.026833970057931 0.0444042291226388 0.0 0.11841127766037014 0.014801409707546268
2.2295173670637243 0.04769343127987131 0.0 0.11841127766037014 0.024669016179243778
2.4322007640695174 0.0888084582452776 0.0 0.26149157149998403 0.004933803235848756
2.6348841610753104 0.14965869815407892 0.0 0.44897609446223674 0.0
2.8375675580811035 0.18912912404086896 0.0 0.5624535688867581 0.004933803235848756
3.0402509550868966 0.24504556071382153 0.0 0.7302028789056157 0.004933803235848756
3.2429343520926897 0.22695494884904274 0.0 0.6759310433112796 0.004933803235848756
3.4456177490984827 0.16281550678300893 0.0 0.4785789138773293 0.009867606471697512
3.648301146104276 0.16117090570439266 0.0 0.4785789138773293 0.004933803235848756
3.850984543110069 0.09703146363835885 0.0 0.28616058767922786 0.004933803235848756
4.053667940115862 0.08223005393081259 0.0 0.23682255532074029 0.009867606471697512
4.2563513371216555 0.04769343127987131 0.0 0.12827888413206764 0.014801409707546268
4.4590347341274486 0.027958218336476284 0.0 0.06413944206603382 0.019735212943395024
4.661718131133242 0.02631361725786003 0.0 0.049338032358487556 0.029602819415092536
4.864401528139035 0.027958218336476284 0.009867606471697512 0.024669016179243778 0.049338032358487556
5.067084925144828 0.03618122372955754 0.019735212943395024 0.004933803235848756 0.08387465500942885
5.269768322150621 0.06907324530188258 0.05920563883018507 0.004933803235848756 0.14308029383961393
5.472451719156414 0.1266342830534514 0.11347747442452137 0.014801409707546268 0.25162396502828654
5.675135116162207 0.23024415100627527 0.30589580062262284 0.014801409707546268 0.3700352426886567
5.877818513168 0.3881258545534354 0.6561958303678845 0.014801409707546268 0.4933803235848756
6.080501910173793 0.48351271711317806 0.8190113371508935 0.009867606471697512 0.6216592077169432
