0.0 0.7778963101854872 1.2630536283772815 0.06413944206603382 1.0064958601131462
0.2026833970057931 0.600279393694932 0.9620916309905074 0.05427183559433631 0.7844747144999522
0.4053667940115862 0.3930596577892842 0.5328507494716656 0.024669016179243778 0.6216592077169432
0.6080501910173793 0.17597231541193895 0.1578817035471602 0.014801409707546268 0.3552338329811104
0.8107335880231724 0.06742864422326633 0.03453662265094129 0.009867606471697512 0.1578817035471602
1.0134169850289656 0.03782582480817379 0.009867606471697512 0.004933803235848756 0.09867606471697511
1.2161003820347587 0.014801409707546268 0.0 0.009867606471697512 0.03453662265094129
1.4187837790405518 0.014801409707546268 0.0 0.014801409707546268 0.029602819415092536
1.6214671760463448 0.00822300539308126 0.0 0.014801409707546268 0.009867606471697512
1.824150573052138 0.011512207550313763 0.0 0.029602819415092536 0.004933803235848756
2.026833970057931 0.009867606471697512 0.0 0.024669016179243778 0.004933803235848756
2.2295173670637243 0.05427183559433631 0.0 0.16281550678300893 0.0
2.4322007640695174 0.10689907011005638 0.004933803235848756 0.3157634070943204 0.0
2.6348841610753104 0.16281550678300893 0.014801409707546268 0.47364511064148057 0.0
2.8375675580811035 0.22366574669181027 0.03947042588679005 0.626593010952792 0.004933803235848756
3.0402509550868966 0.28616058767922786 0.06907324530188258 0.7894085177358009 0.0
3.2429343520926897 0.3141188060157041 0.11347747442452137 0.828878943622591 0.0
3.4456177490984827 0.20557513482703146 0.05427183559433631 0.5575197656509094 0.004933803235848756
3.648301146104276 0.14801409707546268 0.0444042291226388 0.3996380621037492 0.0
3.850984543110069 0.08387465500942885 0.0 0.25162396502828654 0.0
4.053667940115862 0.029602819415092536 0.004933803235848756 0.08387465500942885 0.0
4.2563513371216555 0.01644601078616252 0.0 0.03947042588679005 0.009867606471697512
4.4590347341274486 0.014801409707546268 0.0 0.03947042588679005 0.004933803235848756
4.661718131133242 0.00822300539308126 0.0 0.009867606471697512 0.014801409707546268
4.864401528139035 0.009867606471697512 0.0 0.004933803235848756 0.024669016179243778
5.067084925144828 0.013156808628930015 0.004933803235848756 0.004933803235848756 0.029602819415092536
5.269768322150621 0.029602819415092536 0.004933803235848756 0.004933803235848756 0.0789408517735801
5.472451719156414 0.07565164961634759 0.0444042291226388 0.014801409707546268 0.1677493100188577
5.675135116162207 0.15952630462577644 0.14308029383961393 0.004933803235848756 0.33056481680186667
5.877818513168 0.32892021572325036 0.49831412682072435 0.019735212943395024 0.46871130740563177
6.080501910173793 0.5509413613364443 0.9324888115754149 0.03453662265094129 0.6857986497829771
