0.0 0.7236244745911509 1.3222592672074667 0.0 0.8486141565659859
0.2026833970057931 0.6644188357609657 1.0558338924716337 0.004933803235848756 0.9324888115754149
0.4053667940115862 0.3486554286666454 0.48351271711317806 0.0 0.5624535688867581
0.6080501910173793 0.1332126873679164 0.10360986795282387 0.004933803235848756 0.29109439091507655
0.8107335880231724 0.06578404314465008 0.024669016179243778 0.0 0.17268311325470645
1.0134169850289656 0.03618122372955754 0.029602819415092536 0.0 0.0789408517735801
1.2161003820347587 0.027958218336476284 0.024669016179243778 0.014801409707546268 0.0444042291226388
1.4187837790405518 0.004933803235848756 0.009867606471697512 0.004933803235848756 0.0
1.6214671760463448 0.009867606471697512 0.024669016179243778 0.004933803235848756 0.0
1.824150573052138 0.011512207550313763 0.014801409707546268 0.014801409707546268 0.004933803235848756
2.026833970057931 0.01644601078616252 0.014801409707546268 0.03453662265094129 0.0
2.2295173670637243 0.041115026965406296 0.009867606471697512 0.11347747442452137 0.0
2.4322007640695174 0.07071784638049883 0.009867606471697512 0.202285932669799 0.0
2.6348841610753104 0.16610470894024143 0.0 0.49831412682072435 0.0
2.8375675580811035 0.24504556071382153 0.009867606471697512 0.7252690756697671 0.0
3.0402509550868966 0.32892021572325036 0.0 0.9867606471697512 0.0
3.2429343520926897 0.26313617257860034 0.0 0.7894085177358009 0.0
3.4456177490984827 0.2565577682641353 0.004933803235848756 0.7647395015565571 0.0
3.648301146104276 0.15459250138992767 0.014801409707546268 0.44897609446223674 0.0
3.850984543110069 0.06249484098741757 0.009867606471697512 0.1776169164905552 0.0
4.053667940115862 0.02137981402201127 0.0 0.06413944206603382 0.0
4.2563513371216555 0.01644601078616252 0.004933803235848756 0.0444042291226388 0.0
4.4590347341274486 0.0032892021572325037 0.004933803235848756 0.004933803235848756 0.0
4.661718131133242 0.011512207550313763 0.009867606471697512 0.019735212943395024 0.004933803235848756
4.864401528139035 0.011512207550313763 0.014801409707546268 0.0 0.019735212943395024
5.067084925144828 0.014801409707546268 0.009867606471697512 0.004933803235848756 0.029602819415092536
5.269768322150621 0.023024415100627527 0.014801409707546268 0.0 0.05427183559433631
5.472451719156414 0.08387465500942885 0.05427183559433631 0.004933803235848756 0.19241832619810148
5.675135116162207 0.15130329923269517 0.18255071972640394 0.0 0.2713591779716816
5.877818513168 0.3453662265094129 0.4588437009339343 0.0 0.5772549785943044
6.080501910173793 0.620014606638327 1.0114296633489948 0.0 0.8486141565659859
