0.0 0.7926977198930335 1.3518620866225592 0.0 1.0262310730565412
0.2026833970057931 0.5871225850660019 1.0558338924716337 0.0 0.705533862726372
0.4053667940115862 0.40128266318236544 0.49831412682072435 0.009867606471697512 0.6956662562546745
0.6080501910173793 0.18090611864778772 0.1874845229622527 0.004933803235848756 0.35030002974526164
0.8107335880231724 0.06578404314465008 0.0444042291226388 0.004933803235848756 0.14801409707546268
1.0134169850289656 0.029602819415092536 0.004933803235848756 0.0 0.08387465500942885
1.2161003820347587 0.009867606471697512 0.004933803235848756 0.004933803235848756 0.019735212943395024
1.4187837790405518 0.006578404314465007 0.004933803235848756 0.004933803235848756 0.009867606471697512
1.6214671760463448 0.0016446010786162518 0.0 0.004933803235848756 0.0
1.824150573052138 0.006578404314465007 0.0 0.014801409707546268 0.004933803235848756
2.026833970057931 0.011512207550313763 0.0 0.029602819415092536 0.004933803235848756
2.2295173670637243 0.024669016179243778 0.0 0.07400704853773134 0.0
2.4322007640695174 0.0920976604025101 0.0 0.2762929812075303 0.0
2.6348841610753104 0.17103851217609017 0.0 0.5131155365282706 0.0
2.8375675580811035 0.22366574669181027 0.0 0.6709972400754308 0.0
3.0402509550868966 0.32563101356601787 0.0 0.9719592374622049 0.004933803235848756
3.2429343520926897 0.29273899199369285 0.0 0.8732831727452297 0.004933803235848756
3.4456177490984827 0.20064133159118272 0.0 0.5969901915376994 0.004933803235848756
3.648301146104276 0.1299234852106839 0.0 0.38483665239620296 0.004933803235848756
3.850984543110069 0.09867606471697511 0.0 0.29602819415092535 0.0
4.053667940115862 0.0444042291226388 0.0 0.1332126873679164 0.0
4.2563513371216555 0.0032892021572325037 0.0 0.009867606471697512 0.0
4.4590347341274486 0.006578404314465007 0.0 0.019735212943395024 0.0
4.661718131133242 0.0016446010786162518 0.0 0.004933803235848756 0.0
4.864401528139035 0.0032892021572325037 0.0 0.004933803235848756 0.004933803235848756
5.067084925144828 0.011512207550313763 0.0 0.004933803235848756 0.029602819415092536
5.269768322150621 0.02137981402201127 0.004933803235848756 0.0 0.05920563883018507
5.472451719156414 0.07565164961634759 0.05920563883018507 0.0 0.1677493100188577
5.675135116162207 0.14472489491823015 0.12827888413206764 0.009867606471697512 0.29602819415092535
5.877818513168 0.3535892319024942 0.5131155365282706 0.004933803235848756 0.5427183559433632
6.080501910173793 0.6150808034024782 1.0755691054150287 0.004933803235848756 0.7647395015565571
