0.0 0.7499380918490108 1.3469282833867104 0.0 0.9028859921603223
0.2026833970057931 0.6298822131100246 1.0953043183584237 0.0 0.7943423209716497
0.4053667940115862 0.36016763621695913 0.5131155365282706 0.0 0.5673873721226069
0.6080501910173793 0.16446010786162518 0.15294790031131142 0.0 0.34043242327356416
0.8107335880231724 0.05920563883018507 0.014801409707546268 0.0 0.16281550678300893
1.0134169850289656 0.023024415100627527 0.004933803235848756 0.004933803235848756 0.05920563883018507
1.2161003820347587 0.00822300539308126 0.004933803235848756 0.0 0.019735212943395024
1.4187837790405518 0.0032892021572325037 0.004933803235848756 0.0 0.004933803235848756
1.6214671760463448 0.006578404314465007 0.004933803235848756 0.014801409707546268 0.0
1.824150573052138 0.00822300539308126 0.0 0.024669016179243778 0.0
2.026833970057931 0.009867606471697512 0.0 0.029602819415092536 0.0
2.2295173670637243 0.027958218336476284 0.0 0.08387465500942885 0.0
2.4322007640695174 0.06413944206603382 0.0 0.19241832619810148 0.0
2.6348841610753104 0.14801409707546268 0.0 0.43910848799053925 0.004933803235848756
2.8375675580811035 0.20721973590564774 0.0 0.6216592077169432 0.0
3.0402509550868966 0.3371432211163316 0.0 1.0114296633489948 0.0
3.2429343520926897 0.2762929812075303 0.0 0.828878943622591 0.0
3.4456177490984827 0.25820236934275154 0.0 0.7746071080282546 0.0
3.648301146104276 0.16281550678300893 0.004933803235848756 0.48351271711317806 0.0
3.850984543110069 0.07565164961634759 0.0 0.22695494884904274 0.0
4.053667940115862 0.041115026965406296 0.0 0.1233450808962189 0.0
4.2563513371216555 0.009867606471697512 0.0 0.029602819415092536 0.0
4.4590347341274486 0.009867606471697512 0.004933803235848756 0.019735212943395024 0.004933803235848756
4.661718131133242 0.006578404314465007 0.009867606471697512 0.009867606471697512 0.0
4.864401528139035 0.0032892021572325037 0.004933803235848756 0.0 0.004933803235848756
5.067084925144828 0.024669016179243778 0.014801409707546268 0.004933803235848756 0.05427183559433631
5.269768322150621 0.02631361725786003 0.014801409707546268 0.0 0.06413944206603382
5.472451719156414 0.0789408517735801 0.0444042291226388 0.009867606471697512 0.18255071972640394
5.675135116162207 0.15459250138992767 0.14801409707546268 0.0 0.3157634070943204
5.877818513168 0.3996380621037492 0.5081817332924218 0.0 0.6907324530188258
6.080501910173793 0.5986347926163157 1.0360986795282388 0.0 0.7598056983207083
