0.0 0.7433596875345458 1.3567958898584078 0.004933803235848756 0.8683493695093809
0.2026833970057931 0.5937009893804669 1.065701498943331 0.004933803235848756 0.7104676659622208
0.4053667940115862 0.36181223729557543 0.44897609446223674 0.009867606471697512 0.626593010952792
0.6080501910173793 0.16446010786162518 0.1874845229622527 0.0 0.30589580062262284
0.8107335880231724 0.06907324530188258 0.0444042291226388 0.004933803235848756 0.1578817035471602
1.0134169850289656 0.031247420493708784 0.019735212943395024 0.004933803235848756 0.06907324530188258
1.2161003820347587 0.00822300539308126 0.004933803235848756 0.0 0.019735212943395024
1.4187837790405518 0.00822300539308126 0.0 0.004933803235848756 0.019735212943395024
1.6214671760463448 0.00822300539308126 0.0 0.009867606471697512 0.014801409707546268
1.824150573052138 0.00822300539308126 0.0 0.004933803235848756 0.019735212943395024
2.026833970057931 0.013156808628930015 0.0 0.029602819415092536 0.009867606471697512
2.2295173670637243 0.027958218336476284 0.0 0.08387465500942885 0.0
2.4322007640695174 0.0888084582452776 0.0 0.2664253747358328 0.0
2.6348841610753104 0.14801409707546268 0.0 0.43417468475469045 0.009867606471697512
2.8375675580811035 0.23353335316350776 0.0 0.7006000594905233 0.0
3.0402509550868966 0.2795821833647628 0.0 0.8338127468584398 0.004933803235848756
3.2429343520926897 0.3124742049370879 0.0 0.9374226148112635 0.0
3.4456177490984827 0.25162396502828654 0.0 0.7548718950848596 0.0
3.648301146104276 0.1299234852106839 0.0 0.3897704556320517 0.0
3.850984543110069 0.07729625069496383 0.0 0.22695494884904274 0.004933803235848756
4.053667940115862 0.03453662265094129 0.0 0.09374226148112635 0.009867606471697512
4.2563513371216555 0.013156808628930015 0.0 0.03947042588679005 0.0
4.4590347341274486 0.006578404314465007 0.0 0.014801409707546268 0.004933803235848756
4.661718131133242 0.011512207550313763 0.0 0.024669016179243778 0.009867606471697512
4.864401528139035 0.006578404314465007 0.0 0.0 0.019735212943395024
5.067084925144828 0.01809061186477877 0.0 0.014801409707546268 0.03947042588679005
5.269768322150621 0.04275962804402254 0.024669016179243778 0.0 0.10360986795282387
5.472451719156414 0.08551925608804509 0.03947042588679005 0.009867606471697512 0.20721973590564774
5.675135116162207 0.15623710246854394 0.10360986795282387 0.0 0.3651014394528079
5.877818513168 0.3683906416100404 0.5427183559433632 0.009867606471697512 0.5525859624150606
6.080501910173793 0.6315268141886408 1.0953043183584237 0.019735212943395024 0.7795409112641034
