0.0 0.745004288613162 1.272921234848979 0.009867606471697512 0.9522240245188098
0.2026833970057931 0.6167254044810945 1.0114296633489948 0.0 0.8387465500942886
0.4053667940115862 0.33220941788048286 0.48351271711317806 0.004933803235848756 0.5081817332924218
0.6080501910173793 0.1397910916823814 0.14308029383961393 0.004933803235848756 0.2713591779716816
0.8107335880231724 0.07071784638049883 0.03947042588679005 0.019735212943395024 0.15294790031131142
1.0134169850289656 0.02137981402201127 0.004933803235848756 0.004933803235848756 0.05427183559433631
1.2161003820347587 0.013156808628930015 0.014801409707546268 0.004933803235848756 0.019735212943395024
1.4187837790405518 0.0016446010786162518 0.004933803235848756 0.0 0.0
1.6214671760463448 0.004933803235848756 0.014801409707546268 0.0 0.0
1.824150573052138 0.013156808628930015 0.0 0.03453662265094129 0.004933803235848756
2.026833970057931 0.02137981402201127 0.009867606471697512 0.05427183559433631 0.0
2.2295173670637243 0.05098263343710381 0.029602819415092536 0.1233450808962189 0.0
2.4322007640695174 0.07729625069496383 0.0 0.23188875208489151 0.0
2.6348841610753104 0.14965869815407892 0.019735212943395024 0.4292408815188417 0.0
2.8375675580811035 0.23517795424212404 0.024669016179243778 0.6808648465471283 0.0
3.0402509550868966 0.29273899199369285 0.014801409707546268 0.8634155662735322 0.0
3.2429343520926897 0.3338540189590991 0.0444042291226388 0.9571578277546586 0.0
3.4456177490984827 0.228599549927659 0.03453662265094129 0.6512620271320357 0.0
3.648301146104276 0.13485728844653266 0.024669016179243778 0.37990284916035416 0.0
3.850984543110069 0.10032066579559136 0.019735212943395024 0.28122678444337906 0.0
4.053667940115862 0.027958218336476284 0.0 0.0789408517735801 0.004933803235848756
4.2563513371216555 0.023024415100627527 0.019735212943395024 0.049338032358487556 0.0
4.4590347341274486 0.004933803235848756 0.0 0.014801409707546268 0.0
4.661718131133242 0.00822300539308126 0.009867606471697512 0.014801409707546268 0.0
4.864401528139035 0.004933803235848756 0.0 0.009867606471697512 0.004933803235848756
5.067084925144828 0.019735212943395024 0.0 0.0 0.05920563883018507
5.269768322150621 0.027958218336476284 0.009867606471697512 0.004933803235848756 0.06907324530188258
5.472451719156414 0.06742864422326633 0.004933803235848756 0.004933803235848756 0.19241832619810148
5.675135116162207 0.14636949599684643 0.15294790031131142 0.004933803235848756 0.28122678444337906
5.877818513168 0.35852303513834294 0.43417468475469045 0.004933803235848756 0.6364606174244894
6.080501910173793 0.6611296336037333 1.090370515122575 0.009867606471697512 0.8831507792169272
