0.0 0.7532272940062434 1.253186021905584 0.019735212943395024 0.9867606471697512
0.2026833970057931 0.6841540487043607 1.1446423507169114 0.019735212943395024 0.888084582452776
0.4053667940115862 0.34207702435218035 0.5081817332924218 0.014801409707546268 0.5032479300565731
0.6080501910173793 0.15623710246854394 0.11841127766037014 0.009867606471697512 0.34043242327356416
0.8107335880231724 0.06578404314465008 0.009867606471697512 0.009867606471697512 0.1776169164905552
1.0134169850289656 0.02631361725786003 0.0 0.0 0.0789408517735801
1.2161003820347587 0.011512207550313763 0.0 0.0 0.03453662265094129
1.4187837790405518 0.009867606471697512 0.0 0.019735212943395024 0.009867606471697512
1.6214671760463448 0.006578404314465007 0.0 0.009867606471697512 0.009867606471697512
1.824150573052138 0.00822300539308126 0.0 0.024669016179243778 0.0
2.026833970057931 0.02137981402201127 0.0 0.05920563883018507 0.004933803235848756
2.2295173670637243 0.04275962804402254 0.004933803235848756 0.1233450808962189 0.0
2.4322007640695174 0.08223005393081259 0.009867606471697512 0.23682255532074029 0.0
2.6348841610753104 0.1578817035471602 0.009867606471697512 0.46377750416978303 0.0
2.8375675580811035 0.24340095963520528 0.0444042291226388 0.6857986497829771 0.0
3.0402509550868966 0.29602819415092535 0.0789408517735801 0.809143730679196 0.0
3.2429343520926897 0.30918500277985533 0.05427183559433631 0.8732831727452297 0.0
3.4456177490984827 0.20393053374841524 0.029602819415092536 0.5821887818301531 0.0
3.648301146104276 0.16446010786162518 0.009867606471697512 0.48351271711317806 0.0
3.850984543110069 0.0888084582452776 0.0444042291226388 0.222021145613194 0.0
4.053667940115862 0.03453662265094129 0.009867606471697512 0.09374226148112635 0.0
4.2563513371216555 0.02137981402201127 0.004933803235848756 0.05920563883018507 0.0
4.4590347341274486 0.011512207550313763 0.004933803235848756 0.024669016179243778 0.004933803235848756
4.661718131133242 0.004933803235848756 0.004933803235848756 0.009867606471697512 0.0
4.864401528139035 0.004933803235848756 0.009867606471697512 0.004933803235848756 0.0
5.067084925144828 0.00822300539308126 0.004933803235848756 0.014801409707546268 0.004933803235848756
5.269768322150621 0.027958218336476284 0.004933803235848756 0.004933803235848756 0.07400704853773134
5.472451719156414 0.06249484098741757 0.024669016179243778 0.009867606471697512 0.15294790031131142
5.675135116162207 0.16281550678300893 0.1677493100188577 0.004933803235848756 0.3157634070943204
5.877818513168 0.3042511995440066 0.3749690459245054 0.004933803235848756 0.5328507494716656
6.080501910173793 0.6167254044810945 1.0015620568772974 0.03453662265094129 0.8140775339150447
