0.0 0.7647395015565571 1.2482522186697351 0.0444042291226388 1.0015620568772974
0.2026833970057931 0.5969901915376994 0.9472902212829611 0.029602819415092536 0.8140775339150447
0.4053667940115862 0.3683906416100404 0.5377845527075144 0.014801409707546268 0.5525859624150606
0.6080501910173793 0.15130329923269517 0.14801409707546268 0.009867606471697512 0.29602819415092535
0.8107335880231724 0.07400704853773134 0.024669016179243778 0.024669016179243778 0.17268311325470645
1.0134169850289656 0.024669016179243778 0.0 0.0 0.07400704853773134
1.2161003820347587 0.009867606471697512 0.0 0.014801409707546268 0.014801409707546268
1.4187837790405518 0.011512207550313763 0.004933803235848756 0.014801409707546268 0.014801409707546268
1.6214671760463448 0.0032892021572325037 0.0 0.004933803235848756 0.004933803235848756
1.824150573052138 0.004933803235848756 0.0 0.014801409707546268 0.0
2.026833970057931 0.019735212943395024 0.009867606471697512 0.049338032358487556 0.0
2.2295173670637243 0.03947042588679005 0.009867606471697512 0.10854367118867261 0.0
2.4322007640695174 0.06907324530188258 0.014801409707546268 0.19241832619810148 0.0
2.6348841610753104 0.15130329923269517 0.029602819415092536 0.42430707828299297 0.0
2.8375675580811035 0.2532685661069028 0.05427183559433631 0.705533862726372 0.0
3.0402509550868966 0.30918500277985533 0.10360986795282387 0.8239451403867423 0.0
3.2429343520926897 0.3272756146446341 0.06907324530188258 0.9127535986320198 0.0
3.4456177490984827 0.2532685661069028 0.03947042588679005 0.7203352724339183 0.0
3.648301146104276 0.13156808628930017 0.009867606471697512 0.38483665239620296 0.0
3.850984543110069 0.0789408517735801 0.0 0.23682255532074029 0.0
4.053667940115862 0.024669016179243778 0.0 0.07400704853773134 0.0
4.2563513371216555 0.006578404314465007 0.0 0.019735212943395024 0.0
4.4590347341274486 0.0016446010786162518 0.0 0.004933803235848756 0.0
4.661718131133242 0.00822300539308126 0.0 0.014801409707546268 0.009867606471697512
4.864401528139035 0.0016446010786162518 0.0 0.004933803235848756 0.0
5.067084925144828 0.011512207550313763 0.0 0.0 0.03453662265094129
5.269768322150621 0.019735212943395024 0.004933803235848756 0.004933803235848756 0.049338032358487556
5.472451719156414 0.07071784638049883 0.03453662265094129 0.014801409707546268 0.16281550678300893
5.675135116162207 0.1578817035471602 0.12827888413206764 0.009867606471697512 0.3354986200377154
5.877818513168 0.34701082758802915 0.46871130740563177 0.024669016179243778 0.5476521591792118
6.080501910173793 0.6413944206603382 1.0459662859999361 0.029602819415092536 0.8486141565659859
