0.0 0.1612996988903723
0.2026833970057931 0.16125579557343786
0.4053667940115862 0.16112588303602973
0.6080501910173793 0.16091527993097338
0.8107335880231724 0.16063260840129023
1.0134169850289656 0.16028944108424778
1.2161003820347587 0.1598998273211035
1.4187837790405518 0.15947971797040217
1.6214671760463448 0.15904631237385125
1.824150573052138 0.15861735421073384
2.026833970057931 0.15821040506906914
2.2295173670637243 0.15784212547368823
2.4322007640695174 0.15752759280576836
2.6348841610753104 0.15727968403773246
2.8375675580811035 0.15710854855366496
3.0402509550868966 0.15702119263719866
3.2429343520926897 0.1570211926371987
3.4456177490984827 0.157108548553665
3.648301146104276 0.15727968403773243
3.850984543110069 0.15752759280576836
4.053667940115862 0.15784212547368823
4.2563513371216555 0.15821040506906914
4.4590347341274486 0.15861735421073386
4.661718131133242 0.15904631237385125
4.864401528139035 0.15947971797040214
5.067084925144828 0.15989982732110353
5.269768322150621 0.16028944108424775
5.472451719156414 0.16063260840129023
5.675135116162207 0.16091527993097338
5.877818513168 0.16112588303602973
6.080501910173793 0.16125579557343786
