0.0 0.10895560162961636 0.09628874057059668 0.08928592307455328 0.18207325489712825
0.5711986642890533 0.07332361848798377 0.03501408748021698 0.06652676621241226 0.1330535324248245
1.1423973285781066 0.048195861590416306 0.024509861236151884 0.07352958370845565 0.09103662744856413
1.7135959928671598 0.046342174606169524 0.02626056561016273 0.08228310557850989 0.06302535746439054
2.284794657156213 0.07939959249190379 0.05602253996834716 0.15231128053894383 0.0682774705864231
2.8559933214452666 0.1426309151767662 0.15231128053894383 0.20133100301124762 0.09278733182257498
3.4271919857343196 0.2141008466805032 0.243347907987508 0.25035072548355136 0.1435577586688896
3.998390650023373 0.27949480418032024 0.25735354297959473 0.243347907987508 0.2486000211095405
4.569589314312426 0.313273100337706 0.3378859441840938 0.2556028386055839 0.2521014298575622
5.140787978601479 0.2644593430858741 0.3203789004439853 0.17682114177509572 0.23809579486547544
5.711986642890533 0.1805285157435893 0.20133100301124762 0.15931409803498722 0.23809579486547544
