0.0 0.02224424381096137 0.0017507043740108488 0.10329155806664007 0.015756339366097636
0.5711986642890533 0.01791897418105222 0.0035014087480216977 0.05952394871636886 0.02976197435818443
1.1423973285781066 0.04397357457074308 0.01750704374010849 0.08753521870054244 0.08578451432653159
1.7135959928671598 0.11431069736188483 0.10504226244065092 0.1295521236768028 0.1260507149287811
2.284794657156213 0.2287243773340056 0.2293422729954212 0.22759156862141033 0.2556028386055839
2.8559933214452666 0.36177790975883006 0.35889439667222395 0.27661129109371413 0.27661129109371413
3.4271919857343196 0.3736209099359623 0.4254211628846362 0.27661129109371413 0.3466394660541481
3.998390650023373 0.2830991955385778 0.35364228355019145 0.21533663800333439 0.2801126998417358
4.569589314312426 0.17167201126329912 0.19082677676718252 0.15231128053894383 0.17507043740108488
5.140787978601479 0.08856504480290177 0.04551831372428206 0.12430001055477025 0.10854367118867263
5.711986642890533 0.04479743545263054 0.019257748114119334 0.09803944494460753 0.050770426846314616
