0.0 0.06838045319665903 0.04551831372428206 0.08753521870054244 0.06127465309037971
0.5711986642890533 0.04809287898018037 0.05252113122032546 0.11554648868471602 0.04901972247230377
1.1423973285781066 0.06457009661792953 0.04901972247230377 0.12079860180674858 0.07878169683048819
1.7135959928671598 0.12254930618075942 0.09803944494460753 0.2048324117592693 0.10154085369262923
2.284794657156213 0.24798212544812492 0.25735354297959473 0.22409015987338865 0.2188380467513561
2.8559933214452666 0.33129505712899415 0.3623958054202457 0.20658311613328015 0.22233945549937778
3.4271919857343196 0.30822695243614534 0.3711493272902999 0.2363450904914646 0.28536481296376837
3.998390650023373 0.2104964553222456 0.21358593362932354 0.17507043740108488 0.2731098823456924
4.569589314312426 0.1380996803263852 0.10154085369262923 0.1470591674169113 0.19958029863723675
5.140787978601479 0.1068959494248977 0.10504226244065092 0.09628874057059668 0.15231128053894383
5.711986642890533 0.10411541894852754 0.09453803619658584 0.1365549411728462 0.10854367118867263
