0.0 0.08022345337379125 0.054271835594336314 0.09103662744856413 0.0717788793344448
0.5711986642890533 0.13264160198388078 0.12430001055477025 0.15056057616493299 0.15056057616493299
1.1423973285781066 0.13995336731063196 0.13130282805081364 0.13830564554685706 0.15056057616493299
1.7135959928671598 0.1489128544011581 0.17331973302707404 0.16456621115701978 0.13480423679883535
2.284794657156213 0.1634334024444245 0.1610648024089981 0.22233945549937778 0.2118352292553127
2.8559933214452666 0.23016613387730864 0.18207325489712825 0.2363450904914646 0.21358593362932354
3.4271919857343196 0.2825842824873982 0.31862819606997445 0.23109297736943205 0.25735354297959473
3.998390650023373 0.2469522993457656 0.26435636047563815 0.1978295942632259 0.19257748114119336
4.569589314312426 0.16209462851135742 0.1943281855152042 0.14180705429487875 0.1610648024089981
5.140787978601479 0.09330224487375464 0.10679296681466177 0.08403380995252074 0.11029437556268347
5.711986642890533 0.07044010540137767 0.04026620060224952 0.09278733182257498 0.09628874057059668
