0.0 0.11472262780282855 0.09278733182257498 0.14530846304290046 0.10329155806664007
0.5711986642890533 0.10051102759026989 0.12430001055477025 0.14530846304290046 0.09979014931861838
1.1423973285781066 0.1448965326019567 0.17857184614910657 0.15406198491295467 0.1365549411728462
1.7135959928671598 0.2074069770151676 0.21533663800333439 0.15581268928696554 0.20658311613328015
2.284794657156213 0.26775478661342395 0.3116253785739311 0.18557466364514996 0.25735354297959473
2.8559933214452666 0.2826872650976341 0.2871155173377792 0.1978295942632259 0.2818634042157466
3.4271919857343196 0.22100068156631067 0.20133100301124762 0.208333820507291 0.2556028386055839
3.998390650023373 0.14015933253110383 0.11379578431070517 0.17156902865306317 0.18207325489712825
4.569589314312426 0.08825609697219396 0.07352958370845565 0.14180705429487875 0.09103662744856413
5.140787978601479 0.07826678377930854 0.06652676621241226 0.12430001055477025 0.06652676621241226
5.711986642890533 0.10504226244065092 0.08578451432653159 0.12079860180674858 0.07002817496043395
