0.0 0.03933935711012613 0.02626056561016273 0.08403380995252074 0.04201690497626037
0.5711986642890533 0.07806081855883666 0.0647760618384014 0.11204507993669433 0.07878169683048819
1.1423973285781066 0.13799669771614925 0.14180705429487875 0.15056057616493299 0.12780141930279196
1.7135959928671598 0.2141008466805032 0.208333820507291 0.17507043740108488 0.2486000211095405
2.284794657156213 0.2651802213575256 0.2591042473536056 0.24684931673552965 0.30112115232986597
2.8559933214452666 0.3172894221369073 0.35189157917618064 0.25385213423157305 0.3028718567038768
3.4271919857343196 0.3114194133534592 0.3343845354360721 0.243347907987508 0.24509861236151884
3.998390650023373 0.21399786407026727 0.21358593362932354 0.2048324117592693 0.1943281855152042
4.569589314312426 0.10566015810206651 0.11029437556268347 0.1610648024089981 0.10504226244065092
5.140787978601479 0.04191392236602444 0.02275915686214103 0.07352958370845565 0.0647760618384014
5.711986642890533 0.02574565255898307 0.01750704374010849 0.04551831372428206 0.04026620060224952
