0.0 0.022965122082612897 0.01750704374010849 0.050770426846314616 0.024509861236151884
0.5711986642890533 0.01534440892515391 0.008753521870054244 0.04026620060224952 0.03326338310620613
1.1423973285781066 0.045724278944753935 0.03151267873219527 0.06302535746439054 0.0717788793344448
1.7135959928671598 0.11307490603905362 0.12254930618075942 0.11554648868471602 0.1435577586688896
2.284794657156213 0.21008452488130183 0.23984649923948628 0.18382395927113912 0.20308170738525846
2.8559933214452666 0.3158476655936043 0.3343845354360721 0.2293422729954212 0.30112115232986597
3.4271919857343196 0.3803147796012979 0.4114155278925494 0.2521014298575622 0.36939862291628905
3.998390650023373 0.30070922188892224 0.31862819606997445 0.26435636047563815 0.2818634042157466
4.569589314312426 0.18753133323963267 0.13130282805081364 0.24159720361349715 0.15756339366097638
5.140787978601479 0.10390945372805567 0.08753521870054244 0.17507043740108488 0.10504226244065092
5.711986642890533 0.0551986790864597 0.04726901809829292 0.13480423679883535 0.05952394871636886
