0.0 0.038824444058946465 0.021008452488130186 0.04901972247230377 0.07528028808246649
0.5711986642890533 0.11358981909023332 0.1260507149287811 0.11904789743273772 0.1365549411728462
1.1423973285781066 0.18691343757821707 0.19958029863723675 0.19257748114119336 0.17507043740108488
1.7135959928671598 0.24324492537727205 0.23984649923948628 0.23984649923948628 0.21358593362932354
2.284794657156213 0.32243855264870397 0.33963664855810466 0.2836141085897575 0.26085495172761647
2.8559933214452666 0.3469484138848558 0.35714369229821313 0.28536481296376837 0.2713591779716816
3.4271919857343196 0.27743515197560153 0.27836199546772494 0.2363450904914646 0.26785776922365984
3.998390650023373 0.15529777623578586 0.15056057616493299 0.1803225505231174 0.1873253680191608
4.569589314312426 0.045724278944753935 0.024509861236151884 0.10504226244065092 0.10329155806664007
5.140787978601479 0.00947440014170577 0.0017507043740108488 0.036764791854227825 0.02626056561016273
5.711986642890533 0.01081317407477289 0.012254930618075942 0.02275915686214103 0.03326338310620613
