0.0 0.02155292992502351 0.019735212943395024 0.03453662265094129 0.06907324530188258
0.2026833970057931 0.020773908361468443 0.004933803235848756 0.03453662265094129 0.06907324530188258
0.4053667940115862 0.03193988410575773 0.03453662265094129 0.06907324530188258 0.0444042291226388
0.6080501910173793 0.04128814286841853 0.029602819415092536 0.03947042588679005 0.05427183559433631
0.8107335880231724 0.057647595703074934 0.03947042588679005 0.0888084582452776 0.029602819415092536
1.0134169850289656 0.07270867926513956 0.0444042291226388 0.10360986795282387 0.03947042588679005
1.2161003820347587 0.10179215097119537 0.06907324530188258 0.15294790031131142 0.049338032358487556
1.4187837790405518 0.13944485987635694 0.10360986795282387 0.23682255532074029 0.0789408517735801
1.6214671760463448 0.14853344478449937 0.12827888413206764 0.19241832619810148 0.11841127766037014
1.824150573052138 0.1706057224185596 0.20721973590564774 0.202285932669799 0.11347747442452137
2.026833970057931 0.19916984641557872 0.23682255532074029 0.21708734237734523 0.19241832619810148
2.2295173670637243 0.21838571164993703 0.202285932669799 0.23188875208489151 0.28616058767922786
2.4322007640695174 0.23162907823037318 0.20721973590564774 0.26149157149998403 0.3157634070943204
2.6348841610753104 0.2594141806638372 0.21215353914149648 0.1776169164905552 0.29602819415092535
2.8375675580811035 0.2929121078967051 0.3552338329811104 0.2664253747358328 0.3009619973867741
3.0402509550868966 0.3383550324374173 0.40950566857544674 0.28616058767922786 0.29602819415092535
3.2429343520926897 0.3214762318937242 0.34043242327356416 0.23188875208489151 0.29602819415092535
3.4456177490984827 0.33420025076512366 0.33056481680186667 0.2713591779716816 0.25162396502828654
3.648301146104276 0.28667993538826453 0.30589580062262284 0.25162396502828654 0.29602819415092535
3.850984543110069 0.25733678982769037 0.22695494884904274 0.3108296038584716 0.25162396502828654
4.053667940115862 0.2500659219011764 0.30589580062262284 0.2466901617924378 0.19735212943395022
4.2563513371216555 0.2204631024860839 0.2713591779716816 0.1776169164905552 0.202285932669799
4.4590347341274486 0.18618615368966093 0.202285932669799 0.19241832619810148 0.20721973590564774
4.661718131133242 0.18255071972640394 0.1776169164905552 0.20721973590564774 0.15294790031131142
4.864401528139035 0.15113018332968292 0.1233450808962189 0.202285932669799 0.1332126873679164
5.067084925144828 0.11140008358837454 0.09867606471697511 0.07400704853773134 0.11841127766037014
5.269768322150621 0.08958747980883267 0.0789408517735801 0.06907324530188258 0.1233450808962189
5.472451719156414 0.06595715904766232 0.08387465500942885 0.03947042588679005 0.049338032358487556
5.675135116162207 0.051675097049152754 0.03453662265094129 0.009867606471697512 0.09374226148112635
5.877818513168 0.041547816722936885 0.03453662265094129 0.024669016179243778 0.09374226148112635
6.080501910173793 0.037393035050643196 0.014801409707546268 0.029602819415092536 0.11347747442452137
