0.0 0.2625302669180575 0.3206972103301691 0.2713591779716816 0.24175635855658903
0.2026833970057931 0.2762929812075303 0.2565577682641353 0.3206972103301691 0.28616058767922786
0.4053667940115862 0.30277971436840256 0.29602819415092535 0.3206972103301691 0.2664253747358328
0.6080501910173793 0.36276437476214274 0.3996380621037492 0.28616058767922786 0.34043242327356416
0.8107335880231724 0.3801625230148726 0.4193732750471443 0.32563101356601787 0.3552338329811104
1.0134169850289656 0.3827592615600561 0.3996380621037492 0.29109439091507655 0.3354986200377154
1.2161003820347587 0.3334212292015686 0.4292408815188417 0.35030002974526164 0.2466901617924378
1.4187837790405518 0.29369112946026016 0.29109439091507655 0.26149157149998403 0.2762929812075303
1.6214671760463448 0.2518836388828049 0.29602819415092535 0.23682255532074029 0.23188875208489151
1.824150573052138 0.1934570216161749 0.23682255532074029 0.12827888413206764 0.21215353914149648
2.026833970057931 0.14957214020257278 0.0888084582452776 0.09867606471697511 0.202285932669799
2.2295173670637243 0.10828399733415427 0.11347747442452137 0.029602819415092536 0.15294790031131142
2.4322007640695174 0.06855389759284587 0.019735212943395024 0.05920563883018507 0.10360986795282387
2.6348841610753104 0.046741293813304004 0.03453662265094129 0.03453662265094129 0.0888084582452776
2.8375675580811035 0.027525428578945688 0.029602819415092536 0.0444042291226388 0.049338032358487556
3.0402509550868966 0.023110973052133648 0.014801409707546268 0.024669016179243778 0.049338032358487556
3.2429343520926897 0.01687880054369311 0.0 0.03453662265094129 0.0444042291226388
3.4456177490984827 0.013503040434954488 0.0 0.019735212943395024 0.049338032358487556
3.648301146104276 0.012204671162362712 0.0 0.029602819415092536 0.029602819415092536
3.850984543110069 0.012983692725917777 0.0 0.024669016179243778 0.06907324530188258
4.053667940115862 0.009867606471697512 0.0 0.03947042588679005 0.024669016179243778
4.2563513371216555 0.015061083562064622 0.004933803235848756 0.05920563883018507 0.029602819415092536
4.4590347341274486 0.025448037742798843 0.0 0.0888084582452776 0.03453662265094129
4.661718131133242 0.03791238275967991 0.014801409707546268 0.10854367118867261 0.0789408517735801
4.864401528139035 0.06413944206603382 0.0444042291226388 0.1233450808962189 0.049338032358487556
5.067084925144828 0.10153247711667703 0.029602819415092536 0.13814649060376516 0.1233450808962189
5.269768322150621 0.15113018332968292 0.1677493100188577 0.23188875208489151 0.14801409707546268
5.472451719156414 0.2116341914324598 0.19735212943395022 0.19241832619810148 0.22695494884904274
5.675135116162207 0.25396102971895174 0.25162396502828654 0.2664253747358328 0.18255071972640394
5.877818513168 0.28070743673434234 0.28122678444337906 0.23682255532074029 0.21215353914149648
6.080501910173793 0.26330928848161256 0.29602819415092535 0.2565577682641353 0.19241832619810148
