0.0 0.3448468788003762 0.39470425886790045 0.3157634070943204 0.25162396502828654
0.2026833970057931 0.385615673959758 0.4539098976980855 0.33056481680186667 0.3354986200377154
0.4053667940115862 0.3897704556320517 0.4785789138773293 0.4144394718112955 0.28122678444337906
0.6080501910173793 0.34926133432718826 0.36016763621695913 0.32563101356601787 0.29109439091507655
0.8107335880231724 0.32043753647565076 0.28616058767922786 0.3206972103301691 0.33056481680186667
1.0134169850289656 0.26954146099005305 0.23682255532074029 0.3453662265094129 0.24175635855658903
1.2161003820347587 0.2313694043758548 0.14308029383961393 0.26149157149998403 0.19241832619810148
1.4187837790405518 0.1770975687815185 0.14308029383961393 0.21708734237734523 0.19735212943395022
1.6214671760463448 0.1648928976191558 0.15294790031131142 0.21215353914149648 0.1776169164905552
1.824150573052138 0.1467157278028709 0.1578817035471602 0.18255071972640394 0.09867606471697511
2.026833970057931 0.14308029383961393 0.14308029383961393 0.14801409707546268 0.12827888413206764
2.2295173670637243 0.16021876823782538 0.12827888413206764 0.14308029383961393 0.1776169164905552
2.4322007640695174 0.15398659572938483 0.11347747442452137 0.11347747442452137 0.18255071972640394
2.6348841610753104 0.1737218086727799 0.22695494884904274 0.15294790031131142 0.19241832619810148
2.8375675580811035 0.17216376554566973 0.23188875208489151 0.222021145613194 0.1578817035471602
3.0402509550868966 0.15580431271101333 0.222021145613194 0.14801409707546268 0.14308029383961393
3.2429343520926897 0.12464345016881066 0.14308029383961393 0.11841127766037014 0.0789408517735801
3.4456177490984827 0.09244389220853459 0.0444042291226388 0.0789408517735801 0.09867606471697511
3.648301146104276 0.05894596497566671 0.049338032358487556 0.05427183559433631 0.0444042291226388
3.850984543110069 0.036614013487088135 0.014801409707546268 0.014801409707546268 0.0789408517735801
4.053667940115862 0.029083471706055825 0.0 0.019735212943395024 0.08387465500942885
4.2563513371216555 0.0210335822159868 0.0 0.049338032358487556 0.05427183559433631
4.4590347341274486 0.010127280326215867 0.0 0.05427183559433631 0.024669016179243778
4.661718131133242 0.010386954180734221 0.004933803235848756 0.004933803235848756 0.029602819415092536
4.864401528139035 0.019215865234358313 0.024669016179243778 0.019735212943395024 0.06413944206603382
5.067084925144828 0.03635433963256978 0.009867606471697512 0.03453662265094129 0.09867606471697511
5.269768322150621 0.053492814030781245 0.03453662265094129 0.07400704853773134 0.06413944206603382
5.472451719156414 0.09737769544438334 0.05920563883018507 0.0888084582452776 0.12827888413206764
5.675135116162207 0.13918518602183858 0.14801409707546268 0.13814649060376516 0.19735212943395022
5.877818513168 0.19371669547069323 0.202285932669799 0.14801409707546268 0.2664253747358328
6.080501910173793 0.2726575472442733 0.32563101356601787 0.18255071972640394 0.24175635855658903
