0.0 0.0010386954180734223 0.0 0.0 0.009867606471697512
0.2026833970057931 0.0015580431271101335 0.0 0.014801409707546268 0.0
0.4053667940115862 0.005193477090367111 0.0 0.024669016179243778 0.024669016179243778
0.6080501910173793 0.009607932617179156 0.004933803235848756 0.024669016179243778 0.03453662265094129
0.8107335880231724 0.026746407015390623 0.03453662265094129 0.06413944206603382 0.05920563883018507
1.0134169850289656 0.05479118330337302 0.029602819415092536 0.07400704853773134 0.11841127766037014
1.2161003820347587 0.07660378708291489 0.029602819415092536 0.09374226148112635 0.06413944206603382
1.4187837790405518 0.10906301889770932 0.06413944206603382 0.15294790031131142 0.14308029383961393
1.6214671760463448 0.15061083562064623 0.09867606471697511 0.1578817035471602 0.16281550678300893
1.824150573052138 0.19397636932521162 0.19735212943395022 0.21215353914149648 0.1874845229622527
2.026833970057931 0.22461788415837758 0.25162396502828654 0.24175635855658903 0.21708734237734523
2.2295173670637243 0.28434287069759934 0.35030002974526164 0.24175635855658903 0.30589580062262284
2.4322007640695174 0.32926644752927486 0.33056481680186667 0.23682255532074029 0.29109439091507655
2.6348841610753104 0.38457697854168454 0.44897609446223674 0.3651014394528079 0.3651014394528079
2.8375675580811035 0.41547816722936887 0.4292408815188417 0.40950566857544674 0.3354986200377154
3.0402509550868966 0.41002501628448346 0.38483665239620296 0.42430707828299297 0.29109439091507655
3.2429343520926897 0.3928865418862719 0.4193732750471443 0.3897704556320517 0.22695494884904274
3.4456177490984827 0.35834991923533066 0.3749690459245054 0.40950566857544674 0.3157634070943204
3.648301146104276 0.3300454690928299 0.3700352426886567 0.38483665239620296 0.3108296038584716
3.850984543110069 0.26850276557197966 0.2762929812075303 0.3108296038584716 0.16281550678300893
4.053667940115862 0.21890505935897372 0.18255071972640394 0.17268311325470645 0.12827888413206764
4.2563513371216555 0.18021365503573875 0.1874845229622527 0.13814649060376516 0.24175635855658903
4.4590347341274486 0.14359964154865063 0.1578817035471602 0.1677493100188577 0.19241832619810148
4.661718131133242 0.12178703776910876 0.14308029383961393 0.0888084582452776 0.19735212943395022
4.864401528139035 0.0981567170079384 0.0888084582452776 0.07400704853773134 0.1578817035471602
5.067084925144828 0.06881357144736422 0.03947042588679005 0.03453662265094129 0.11841127766037014
5.269768322150621 0.03895107817775333 0.029602819415092536 0.009867606471697512 0.11347747442452137
5.472451719156414 0.020254560652431735 0.0 0.009867606471697512 0.06413944206603382
5.675135116162207 0.012204671162362712 0.009867606471697512 0.004933803235848756 0.0789408517735801
5.877818513168 0.003116086254220267 0.0 0.0 0.009867606471697512
6.080501910173793 0.0005193477090367112 0.0 0.0 0.004933803235848756
