0.0 0.1804733288902571 0.28122678444337906 0.17268311325470645 0.19735212943395022
0.2026833970057931 0.1654122453281925 0.19735212943395022 0.1776169164905552 0.17268311325470645
0.4053667940115862 0.13762714289472844 0.10360986795282387 0.16281550678300893 0.1677493100188577
0.6080501910173793 0.13191431809532464 0.11841127766037014 0.15294790031131142 0.20721973590564774
0.8107335880231724 0.15268822645679309 0.09374226148112635 0.17268311325470645 0.18255071972640394
1.0134169850289656 0.15061083562064623 0.10854367118867261 0.18255071972640394 0.21708734237734523
1.2161003820347587 0.1734621348182615 0.1332126873679164 0.1578817035471602 0.1677493100188577
1.4187837790405518 0.1916393046345464 0.21708734237734523 0.14308029383961393 0.14801409707546268
1.6214671760463448 0.202285932669799 0.2664253747358328 0.23682255532074029 0.09867606471697511
1.824150573052138 0.18203137201736724 0.20721973590564774 0.19735212943395022 0.09374226148112635
2.026833970057931 0.14931246634805445 0.1578817035471602 0.1677493100188577 0.11841127766037014
2.2295173670637243 0.11529519140614987 0.0789408517735801 0.15294790031131142 0.10854367118867261
2.4322007640695174 0.09400193533564472 0.06413944206603382 0.13814649060376516 0.10854367118867261
2.6348841610753104 0.10958236660674604 0.0789408517735801 0.12827888413206764 0.1233450808962189
2.8375675580811035 0.11062106202481946 0.10360986795282387 0.1578817035471602 0.1233450808962189
3.0402509550868966 0.11996932078748027 0.14801409707546268 0.17268311325470645 0.15294790031131142
3.2429343520926897 0.1163338868242233 0.11347747442452137 0.09867606471697511 0.12827888413206764
3.4456177490984827 0.1355497520585816 0.1677493100188577 0.09867606471697511 0.1776169164905552
3.648301146104276 0.15918007281975194 0.1578817035471602 0.11347747442452137 0.14801409707546268
3.850984543110069 0.16437354991011907 0.17268311325470645 0.1578817035471602 0.17268311325470645
4.053667940115862 0.17086539627307798 0.17268311325470645 0.09374226148112635 0.1677493100188577
4.2563513371216555 0.16177681136493552 0.15294790031131142 0.1332126873679164 0.1578817035471602
4.4590347341274486 0.15346724802034814 0.14801409707546268 0.14308029383961393 0.1578817035471602
4.661718131133242 0.15580431271101333 0.10360986795282387 0.19735212943395022 0.14308029383961393
4.864401528139035 0.14282061998509554 0.16281550678300893 0.222021145613194 0.15294790031131142
5.067084925144828 0.16099778980138044 0.09867606471697511 0.222021145613194 0.17268311325470645
5.269768322150621 0.18618615368966093 0.14801409707546268 0.1578817035471602 0.19241832619810148
5.472451719156414 0.2090374528872762 0.1776169164905552 0.16281550678300893 0.19241832619810148
5.675135116162207 0.2126728868505332 0.2565577682641353 0.17268311325470645 0.17268311325470645
5.877818513168 0.23864027230236878 0.2762929812075303 0.17268311325470645 0.22695494884904274
6.080501910173793 0.19916984641557872 0.2664253747358328 0.11347747442452137 0.18255071972640394
