0.0 0.06881357144736422 0.0888084582452776 0.0888084582452776 0.019735212943395024
0.2026833970057931 0.0490783585039692 0.029602819415092536 0.14308029383961393 0.004933803235848756
0.4053667940115862 0.04518325068619386 0.019735212943395024 0.12827888413206764 0.009867606471697512
0.6080501910173793 0.038431730468716625 0.024669016179243778 0.09867606471697511 0.009867606471697512
0.8107335880231724 0.04570259839523058 0.0444042291226388 0.11841127766037014 0.009867606471697512
1.0134169850289656 0.057907269557593295 0.03947042588679005 0.10360986795282387 0.0444042291226388
1.2161003820347587 0.08335530730039215 0.06413944206603382 0.10360986795282387 0.0789408517735801
1.4187837790405518 0.11477584369711316 0.0789408517735801 0.1776169164905552 0.09867606471697511
1.6214671760463448 0.14463833696672404 0.13814649060376516 0.16281550678300893 0.14308029383961393
1.824150573052138 0.14853344478449937 0.15294790031131142 0.12827888413206764 0.14801409707546268
2.026833970057931 0.16619126689174754 0.11347747442452137 0.14308029383961393 0.17268311325470645
2.2295173670637243 0.19397636932521162 0.1874845229622527 0.17268311325470645 0.22695494884904274
2.4322007640695174 0.24798853106502955 0.24175635855658903 0.2713591779716816 0.23188875208489151
2.6348841610753104 0.2565577682641353 0.32563101356601787 0.202285932669799 0.28122678444337906
2.8375675580811035 0.27681232891656704 0.3749690459245054 0.2565577682641353 0.1776169164905552
3.0402509550868966 0.28252515371597087 0.3897704556320517 0.21708734237734523 0.23682255532074029
3.2429343520926897 0.26564635317227775 0.26149157149998403 0.22695494884904274 0.29109439091507655
3.4456177490984827 0.2630496146270942 0.28122678444337906 0.23188875208489151 0.33056481680186667
3.648301146104276 0.26201091920902075 0.16281550678300893 0.24175635855658903 0.29602819415092535
3.850984543110069 0.27239787338975496 0.26149157149998403 0.2664253747358328 0.26149157149998403
4.053667940115862 0.24591114022888272 0.222021145613194 0.222021145613194 0.29602819415092535
4.2563513371216555 0.24071766313851561 0.2664253747358328 0.21708734237734523 0.222021145613194
4.4590347341274486 0.21526962539571678 0.19241832619810148 0.21215353914149648 0.23682255532074029
4.661718131133242 0.18878289223484448 0.16281550678300893 0.14801409707546268 0.1776169164905552
4.864401528139035 0.15736235583812347 0.11841127766037014 0.1332126873679164 0.20721973590564774
5.067084925144828 0.13710779518569174 0.14801409707546268 0.0789408517735801 0.16281550678300893
5.269768322150621 0.12620149329592079 0.1233450808962189 0.09374226148112635 0.19241832619810148
5.472451719156414 0.11036138817030111 0.11347747442452137 0.09374226148112635 0.16281550678300893
5.675135116162207 0.0864713935546124 0.0789408517735801 0.0789408517735801 0.11841127766037014
5.877818513168 0.07556509166484146 0.11841127766037014 0.06907324530188258 0.0444042291226388
6.080501910173793 0.06647650675669903 0.10854367118867261 0.10360986795282387 0.03947042588679005
