0.0 0.3445872049458579 0.34043242327356416 0.2762929812075303 0.29602819415092535
0.2026833970057931 0.2690221132810164 0.20721973590564774 0.28616058767922786 0.19735212943395022
0.4053667940115862 0.19605376016135845 0.17268311325470645 0.26149157149998403 0.22695494884904274
0.6080501910173793 0.14879311863901773 0.12827888413206764 0.222021145613194 0.1874845229622527
0.8107335880231724 0.11529519140614987 0.18255071972640394 0.17268311325470645 0.17268311325470645
1.0134169850289656 0.09971476013504854 0.0888084582452776 0.0888084582452776 0.0888084582452776
1.2161003820347587 0.09530030460823649 0.05920563883018507 0.1578817035471602 0.05427183559433631
1.4187837790405518 0.07920052562809844 0.0888084582452776 0.1578817035471602 0.08387465500942885
1.6214671760463448 0.07452639624676805 0.03453662265094129 0.11841127766037014 0.0444042291226388
1.824150573052138 0.06413944206603382 0.06907324530188258 0.09867606471697511 0.029602819415092536
2.026833970057931 0.05868629112114836 0.024669016179243778 0.06907324530188258 0.029602819415092536
2.2295173670637243 0.059465312684703425 0.03947042588679005 0.10360986795282387 0.03453662265094129
2.4322007640695174 0.0420671644319736 0.03453662265094129 0.06413944206603382 0.029602819415092536
2.6348841610753104 0.04258651214101031 0.049338032358487556 0.07400704853773134 0.024669016179243778
2.8375675580811035 0.03869140432323498 0.029602819415092536 0.0789408517735801 0.019735212943395024
3.0402509550868966 0.03375760108738622 0.029602819415092536 0.0444042291226388 0.03947042588679005
3.2429343520926897 0.03765270890516156 0.06907324530188258 0.06413944206603382 0.03947042588679005
3.4456177490984827 0.03713336119612484 0.05427183559433631 0.024669016179243778 0.0444042291226388
3.648301146104276 0.04726064152234071 0.049338032358487556 0.06413944206603382 0.049338032358487556
3.850984543110069 0.06751520217477244 0.07400704853773134 0.06413944206603382 0.0789408517735801
4.053667940115862 0.08465367657298391 0.07400704853773134 0.0444042291226388 0.14801409707546268
4.2563513371216555 0.0888084582452776 0.11347747442452137 0.06413944206603382 0.14801409707546268
4.4590347341274486 0.11399682213355809 0.0888084582452776 0.12827888413206764 0.17268311325470645
4.661718131133242 0.14775442322094431 0.09374226148112635 0.20721973590564774 0.1776169164905552
4.864401528139035 0.19657310787039514 0.09867606471697511 0.28616058767922786 0.28616058767922786
5.067084925144828 0.2716188518261999 0.19735212943395022 0.30589580062262284 0.39470425886790045
5.269768322150621 0.3014813450958108 0.21708734237734523 0.2762929812075303 0.3354986200377154
5.472451719156414 0.39574295428597384 0.404571865339598 0.3749690459245054 0.36016763621695913
5.675135116162207 0.45676631009778745 0.5229831429999681 0.28616058767922786 0.3897704556320517
5.877818513168 0.49493836671198566 0.7598056983207083 0.222021145613194 0.43417468475469045
6.080501910173793 0.4300199030823968 0.5377845527075144 0.2466901617924378 0.3157634070943204
