0.0 0.07504574395580475 0.06907324530188258 0.049338032358487556 0.0888084582452776
0.2026833970057931 0.09036650137238772 0.09867606471697511 0.029602819415092536 0.11841127766037014
0.4053667940115862 0.08802943668172254 0.11841127766037014 0.06907324530188258 0.05920563883018507
0.6080501910173793 0.09218421835401622 0.1332126873679164 0.05427183559433631 0.0789408517735801
0.8107335880231724 0.08387465500942885 0.09374226148112635 0.06907324530188258 0.11347747442452137
1.0134169850289656 0.07920052562809844 0.06413944206603382 0.0789408517735801 0.11841127766037014
1.2161003820347587 0.07582476551935982 0.06413944206603382 0.0789408517735801 0.11841127766037014
1.4187837790405518 0.07868117791906173 0.024669016179243778 0.1233450808962189 0.11347747442452137
1.6214671760463448 0.11114040973385617 0.09374226148112635 0.19241832619810148 0.12827888413206764
1.824150573052138 0.1355497520585816 0.12827888413206764 0.14308029383961393 0.0789408517735801
2.026833970057931 0.19787147714298692 0.1677493100188577 0.24175635855658903 0.23188875208489151
2.2295173670637243 0.2622705930635391 0.24175635855658903 0.3108296038584716 0.222021145613194
2.4322007640695174 0.31368601625817355 0.34043242327356416 0.32563101356601787 0.21215353914149648
2.6348841610753104 0.3206972103301691 0.3009619973867741 0.2565577682641353 0.30589580062262284
2.8375675580811035 0.3484823127636332 0.32563101356601787 0.36016763621695913 0.3749690459245054
3.0402509550868966 0.3474436173455598 0.4144394718112955 0.29602819415092535 0.3157634070943204
3.2429343520926897 0.31186829927654497 0.30589580062262284 0.21708734237734523 0.3749690459245054
3.4456177490984827 0.30771351760425136 0.32563101356601787 0.2664253747358328 0.36016763621695913
3.648301146104276 0.29992330196870065 0.34043242327356416 0.2466901617924378 0.2713591779716816
3.850984543110069 0.25084494346473146 0.3157634070943204 0.20721973590564774 0.22695494884904274
4.053667940115862 0.18436843670803243 0.23682255532074029 0.20721973590564774 0.202285932669799
4.2563513371216555 0.14437866311220568 0.16281550678300893 0.16281550678300893 0.11841127766037014
4.4590347341274486 0.11841127766037014 0.10854367118867261 0.1578817035471602 0.0789408517735801
4.661718131133242 0.09945508628053017 0.13814649060376516 0.11841127766037014 0.05427183559433631
4.864401528139035 0.0893278059543143 0.0888084582452776 0.09374226148112635 0.0444042291226388
5.067084925144828 0.0776424825009883 0.05920563883018507 0.10854367118867261 0.0789408517735801
5.269768322150621 0.06439911592055217 0.024669016179243778 0.12827888413206764 0.07400704853773134
5.472451719156414 0.06673618061121739 0.049338032358487556 0.06907324530188258 0.08387465500942885
5.675135116162207 0.06751520217477244 0.0444042291226388 0.11347747442452137 0.0789408517735801
5.877818513168 0.07037161457447436 0.029602819415092536 0.09374226148112635 0.09374226148112635
6.080501910173793 0.08049889490069022 0.024669016179243778 0.06413944206603382 0.11347747442452137
