0.0 0.208864336984264 0.24175635855658903 0.19735212943395022 0.17268311325470645
0.2026833970057931 0.1929665265576402 0.21708734237734523 0.15294790031131142 0.17268311325470645
0.4053667940115862 0.20283413302933773 0.19241832619810148 0.20721973590564774 0.24175635855658903
0.6080501910173793 0.18474352116455897 0.17268311325470645 0.17268311325470645 0.19735212943395022
0.8107335880231724 0.1688457107379352 0.202285932669799 0.15294790031131142 0.18255071972640394
1.0134169850289656 0.1211522794580639 0.0789408517735801 0.15294790031131142 0.10854367118867261
1.2161003820347587 0.13047168557022265 0.10854367118867261 0.1677493100188577 0.14801409707546268
1.4187837790405518 0.11895947801990889 0.08387465500942885 0.1677493100188577 0.0888084582452776
1.6214671760463448 0.11183287334590514 0.11841127766037014 0.1233450808962189 0.10854367118867261
1.824150573052138 0.11567027586267638 0.09867606471697511 0.15294790031131142 0.1233450808962189
2.026833970057931 0.1365018895251489 0.15294790031131142 0.1578817035471602 0.13814649060376516
2.2295173670637243 0.12937528485114516 0.13814649060376516 0.15294790031131142 0.17268311325470645
2.4322007640695174 0.13485728844653266 0.1233450808962189 0.0789408517735801 0.1776169164905552
2.6348841610753104 0.16062270534485393 0.16281550678300893 0.1233450808962189 0.15294790031131142
2.8375675580811035 0.1567853028280827 0.1332126873679164 0.13814649060376516 0.1776169164905552
3.0402509550868966 0.16117090570439266 0.16281550678300893 0.10360986795282387 0.22695494884904274
3.2429343520926897 0.16555650858070267 0.17268311325470645 0.12827888413206764 0.13814649060376516
3.4456177490984827 0.16446010786162518 0.1578817035471602 0.1677493100188577 0.19735212943395022
3.648301146104276 0.14198389312053641 0.13814649060376516 0.13814649060376516 0.10360986795282387
3.850984543110069 0.15842990390669892 0.1776169164905552 0.1332126873679164 0.14308029383961393
4.053667940115862 0.15952630462577644 0.20721973590564774 0.1578817035471602 0.13814649060376516
4.2563513371216555 0.14801409707546268 0.13814649060376516 0.13814649060376516 0.13814649060376516
4.4590347341274486 0.1321162866488389 0.13814649060376516 0.17268311325470645 0.13814649060376516
4.661718131133242 0.1507550988731564 0.18255071972640394 0.20721973590564774 0.14801409707546268
4.864401528139035 0.1375982902442264 0.1332126873679164 0.14308029383961393 0.1233450808962189
5.067084925144828 0.16117090570439266 0.1578817035471602 0.1677493100188577 0.17268311325470645
5.269768322150621 0.18583992188363646 0.18255071972640394 0.24175635855658903 0.20721973590564774
5.472451719156414 0.1885809236813302 0.1776169164905552 0.1776169164905552 0.18255071972640394
5.675135116162207 0.20612333518657022 0.19735212943395022 0.21215353914149648 0.14801409707546268
5.877818513168 0.206671535546109 0.18255071972640394 0.1332126873679164 0.1776169164905552
6.080501910173793 0.19132192547902396 0.202285932669799 0.21215353914149648 0.1874845229622527
