0.0 0.04769343127987131 0.03453662265094129 0.09374226148112635 0.029602819415092536
0.2026833970057931 0.05317543487525882 0.029602819415092536 0.08387465500942885 0.024669016179243778
0.4053667940115862 0.06304304134695632 0.05427183559433631 0.10854367118867261 0.029602819415092536
0.6080501910173793 0.07126604674003757 0.0888084582452776 0.049338032358487556 0.06413944206603382
0.8107335880231724 0.07236244745911508 0.07400704853773134 0.06907324530188258 0.05920563883018507
1.0134169850289656 0.10854367118867261 0.09374226148112635 0.10360986795282387 0.1332126873679164
1.2161003820347587 0.10580266939097886 0.09374226148112635 0.11841127766037014 0.0789408517735801
1.4187837790405518 0.1288270844916064 0.10854367118867261 0.11841127766037014 0.13814649060376516
1.6214671760463448 0.13705008988468764 0.11347747442452137 0.19735212943395022 0.1874845229622527
1.824150573052138 0.16117090570439266 0.19241832619810148 0.17268311325470645 0.1776169164905552
2.026833970057931 0.1787133172096327 0.16281550678300893 0.1578817035471602 0.21708734237734523
2.2295173670637243 0.18529172152409773 0.15294790031131142 0.18255071972640394 0.24175635855658903
2.4322007640695174 0.250527564309209 0.2713591779716816 0.23188875208489151 0.202285932669799
2.6348841610753104 0.24943116359013154 0.26149157149998403 0.18255071972640394 0.24175635855658903
2.8375675580811035 0.28451598660061156 0.38483665239620296 0.22695494884904274 0.2713591779716816
3.0402509550868966 0.31740800817293663 0.33056481680186667 0.222021145613194 0.33056481680186667
3.2429343520926897 0.34701082758802915 0.37990284916035416 0.3108296038584716 0.3108296038584716
3.4456177490984827 0.32563101356601787 0.3206972103301691 0.2713591779716816 0.32563101356601787
3.648301146104276 0.3333058185995603 0.3108296038584716 0.3354986200377154 0.3108296038584716
3.850984543110069 0.29273899199369285 0.23682255532074029 0.29109439091507655 0.28122678444337906
4.053667940115862 0.26368437293813907 0.3157634070943204 0.3009619973867741 0.21708734237734523
4.2563513371216555 0.19241832619810148 0.1776169164905552 0.23682255532074029 0.16281550678300893
4.4590347341274486 0.1677493100188577 0.202285932669799 0.16281550678300893 0.23188875208489151
4.661718131133242 0.13266448700837766 0.0789408517735801 0.16281550678300893 0.13814649060376516
4.864401528139035 0.0942904618406651 0.08387465500942885 0.08387465500942885 0.14308029383961393
5.067084925144828 0.07510344925680884 0.07400704853773134 0.08387465500942885 0.10360986795282387
5.269768322150621 0.06359124170649508 0.03947042588679005 0.05427183559433631 0.05920563883018507
5.472451719156414 0.06194664062787882 0.06413944206603382 0.0888084582452776 0.0789408517735801
5.675135116162207 0.05920563883018507 0.06907324530188258 0.06413944206603382 0.06907324530188258
5.877818513168 0.05536823631341381 0.03947042588679005 0.0888084582452776 0.03947042588679005
6.080501910173793 0.05427183559433631 0.09374226148112635 0.0789408517735801 0.03453662265094129
