0.0 0.30315479882492913 0.3354986200377154 0.22695494884904274 0.3651014394528079
0.2026833970057931 0.2894497898364603 0.29602819415092535 0.23682255532074029 0.32563101356601787
0.4053667940115862 0.2943835930723091 0.3453662265094129 0.2713591779716816 0.3009619973867741
0.6080501910173793 0.26313617257860034 0.2762929812075303 0.2713591779716816 0.2713591779716816
0.8107335880231724 0.25600956790459656 0.3157634070943204 0.2565577682641353 0.19735212943395022
1.0134169850289656 0.21599094165826774 0.20721973590564774 0.1874845229622527 0.1677493100188577
1.2161003820347587 0.18364712044548145 0.1776169164905552 0.202285932669799 0.17268311325470645
1.4187837790405518 0.15842990390669892 0.12827888413206764 0.15294790031131142 0.15294790031131142
1.6214671760463448 0.1365018895251489 0.11347747442452137 0.18255071972640394 0.1677493100188577
1.824150573052138 0.12060407909852515 0.08387465500942885 0.19241832619810148 0.15294790031131142
2.026833970057931 0.10525446903144012 0.06413944206603382 0.10854367118867261 0.12827888413206764
2.2295173670637243 0.11621847622221514 0.0888084582452776 0.14801409707546268 0.11841127766037014
2.4322007640695174 0.13485728844653266 0.12827888413206764 0.14308029383961393 0.10854367118867261
2.6348841610753104 0.1343090880869939 0.1874845229622527 0.11347747442452137 0.1332126873679164
2.8375675580811035 0.11786307730083138 0.1332126873679164 0.09867606471697511 0.14308029383961393
3.0402509550868966 0.1375982902442264 0.09867606471697511 0.10360986795282387 0.16281550678300893
3.2429343520926897 0.12060407909852515 0.12827888413206764 0.10854367118867261 0.14308029383961393
3.4456177490984827 0.09867606471697511 0.10360986795282387 0.10360986795282387 0.06413944206603382
3.648301146104276 0.10032066579559136 0.14308029383961393 0.0888084582452776 0.0888084582452776
3.850984543110069 0.07181424709957633 0.07400704853773134 0.1233450808962189 0.049338032358487556
4.053667940115862 0.06962144566142132 0.08387465500942885 0.11347747442452137 0.03947042588679005
4.2563513371216555 0.0844228553689676 0.0444042291226388 0.12827888413206764 0.03453662265094129
4.4590347341274486 0.0899048589643551 0.07400704853773134 0.14308029383961393 0.03453662265094129
4.661718131133242 0.09757966399789761 0.08387465500942885 0.10360986795282387 0.10360986795282387
4.864401528139035 0.12773068377252889 0.18255071972640394 0.1776169164905552 0.09867606471697511
5.067084925144828 0.1321162866488389 0.1233450808962189 0.1578817035471602 0.10854367118867261
5.269768322150621 0.13485728844653266 0.13814649060376516 0.11347747442452137 0.15294790031131142
5.472451719156414 0.17926151756917147 0.1677493100188577 0.1233450808962189 0.23188875208489151
5.675135116162207 0.19132192547902396 0.1776169164905552 0.17268311325470645 0.222021145613194
5.877818513168 0.213249939860574 0.22695494884904274 0.20721973590564774 0.21215353914149648
6.080501910173793 0.25491316718551904 0.202285932669799 0.17268311325470645 0.28122678444337906
