0.0 0.021928014381550023 0.019735212943395024 0.0444042291226388 0.024669016179243778
0.2026833970057931 0.020283413302933775 0.009867606471697512 0.029602819415092536 0.05920563883018507
0.4053667940115862 0.019187012583856272 0.004933803235848756 0.03947042588679005 0.024669016179243778
0.6080501910173793 0.031247420493708784 0.004933803235848756 0.0444042291226388 0.05920563883018507
0.8107335880231724 0.04714523092033255 0.029602819415092536 0.049338032358487556 0.06907324530188258
1.0134169850289656 0.048789831998948804 0.03453662265094129 0.03947042588679005 0.06907324530188258
1.2161003820347587 0.07729625069496383 0.08387465500942885 0.09867606471697511 0.06907324530188258
1.4187837790405518 0.11950767837944763 0.09867606471697511 0.1874845229622527 0.09374226148112635
1.6214671760463448 0.1321162866488389 0.10854367118867261 0.12827888413206764 0.0888084582452776
1.824150573052138 0.15020689851361768 0.14308029383961393 0.17268311325470645 0.14801409707546268
2.026833970057931 0.17816511685009392 0.19735212943395022 0.21215353914149648 0.1874845229622527
2.2295173670637243 0.23517795424212404 0.29602819415092535 0.1874845229622527 0.23188875208489151
2.4322007640695174 0.2384671563993565 0.22695494884904274 0.23682255532074029 0.28122678444337906
2.6348841610753104 0.28122678444337906 0.2664253747358328 0.2466901617924378 0.2664253747358328
2.8375675580811035 0.3157634070943204 0.3206972103301691 0.222021145613194 0.34043242327356416
3.0402509550868966 0.34701082758802915 0.4292408815188417 0.37990284916035416 0.29602819415092535
3.2429343520926897 0.36181223729557543 0.3453662265094129 0.3206972103301691 0.34043242327356416
3.4456177490984827 0.3228900117683241 0.29109439091507655 0.32563101356601787 0.34043242327356416
3.648301146104276 0.32124541068970786 0.3108296038584716 0.30589580062262284 0.2713591779716816
3.850984543110069 0.3228900117683241 0.38483665239620296 0.2466901617924378 0.3009619973867741
4.053667940115862 0.2795821833647628 0.3206972103301691 0.2466901617924378 0.26149157149998403
4.2563513371216555 0.25929877006182905 0.29109439091507655 0.2466901617924378 0.2713591779716816
4.4590347341274486 0.18529172152409773 0.1578817035471602 0.21215353914149648 0.202285932669799
4.661718131133242 0.13595368916561015 0.11347747442452137 0.13814649060376516 0.14308029383961393
4.864401528139035 0.12060407909852515 0.12827888413206764 0.14308029383961393 0.1332126873679164
5.067084925144828 0.09812786435743637 0.08387465500942885 0.0888084582452776 0.1332126873679164
5.269768322150621 0.07948905213311884 0.03947042588679005 0.11841127766037014 0.08387465500942885
5.472451719156414 0.07071784638049883 0.06907324530188258 0.08387465500942885 0.06413944206603382
5.675135116162207 0.04385602876310005 0.05427183559433631 0.05427183559433631 0.019735212943395024
5.877818513168 0.03453662265094129 0.03453662265094129 0.0444042291226388 0.024669016179243778
6.080501910173793 0.03398842229140254 0.03453662265094129 0.03947042588679005 0.03453662265094129
