0.0 0.29273899199369285 0.30589580062262284 0.28122678444337906 0.20721973590564774
0.2026833970057931 0.26368437293813907 0.29109439091507655 0.23188875208489151 0.2565577682641353
0.4053667940115862 0.2653289740167553 0.2762929812075303 0.23682255532074029 0.2565577682641353
0.6080501910173793 0.232985152803969 0.21708734237734523 0.1776169164905552 0.28122678444337906
0.8107335880231724 0.1929665265576402 0.1677493100188577 0.16281550678300893 0.23682255532074029
1.0134169850289656 0.15733350318762143 0.13814649060376516 0.09867606471697511 0.21215353914149648
1.2161003820347587 0.13156808628930017 0.1677493100188577 0.12827888413206764 0.15294790031131142
1.4187837790405518 0.13156808628930017 0.13814649060376516 0.10854367118867261 0.1874845229622527
1.6214671760463448 0.12279688053668013 0.09374226148112635 0.1233450808962189 0.1677493100188577
1.824150573052138 0.12937528485114516 0.06907324530188258 0.11841127766037014 0.14308029383961393
2.026833970057931 0.12279688053668013 0.12827888413206764 0.1233450808962189 0.1332126873679164
2.2295173670637243 0.12608608269391264 0.1332126873679164 0.1332126873679164 0.11841127766037014
2.4322007640695174 0.11238107370544388 0.1332126873679164 0.17268311325470645 0.06907324530188258
2.6348841610753104 0.11457387514359887 0.12827888413206764 0.1332126873679164 0.08387465500942885
2.8375675580811035 0.10196526687420762 0.11347747442452137 0.10360986795282387 0.0789408517735801
3.0402509550868966 0.0942904618406651 0.0789408517735801 0.10360986795282387 0.0888084582452776
3.2429343520926897 0.07784445105450259 0.08387465500942885 0.09374226148112635 0.06907324530188258
3.4456177490984827 0.07619984997588634 0.08387465500942885 0.09374226148112635 0.0444042291226388
3.648301146104276 0.06304304134695632 0.0444042291226388 0.0789408517735801 0.07400704853773134
3.850984543110069 0.06194664062787882 0.05920563883018507 0.05920563883018507 0.0789408517735801
4.053667940115862 0.07181424709957633 0.10360986795282387 0.06907324530188258 0.07400704853773134
4.2563513371216555 0.07510344925680884 0.05427183559433631 0.06413944206603382 0.14308029383961393
4.4590347341274486 0.09319406112158761 0.09374226148112635 0.08387465500942885 0.0789408517735801
4.661718131133242 0.12224868017714138 0.11841127766037014 0.14801409707546268 0.15294790031131142
4.864401528139035 0.16939391109747395 0.14801409707546268 0.19735212943395022 0.17268311325470645
5.067084925144828 0.17103851217609017 0.14801409707546268 0.19735212943395022 0.16281550678300893
5.269768322150621 0.22585854812996525 0.19241832619810148 0.2565577682641353 0.2565577682641353
5.472451719156414 0.23627435496120153 0.23188875208489151 0.26149157149998403 0.1776169164905552
5.675135116162207 0.27355197940983655 0.29109439091507655 0.2713591779716816 0.25162396502828654
5.877818513168 0.3228900117683241 0.3897704556320517 0.3552338329811104 0.2565577682641353
6.080501910173793 0.3009619973867741 0.3108296038584716 0.2664253747358328 0.2664253747358328
