0.0 0.16281550678300893 0.1874845229622527 0.11347747442452137 0.15294790031131142
0.2026833970057931 0.15514070174946643 0.13814649060376516 0.10854367118867261 0.14308029383961393
0.4053667940115862 0.12389328125575765 0.13814649060376516 0.15294790031131142 0.1233450808962189
0.6080501910173793 0.10799547082913387 0.1233450808962189 0.0888084582452776 0.13814649060376516
0.8107335880231724 0.09593506291928136 0.10360986795282387 0.09867606471697511 0.17268311325470645
1.0134169850289656 0.09812786435743637 0.06907324530188258 0.15294790031131142 0.0888084582452776
1.2161003820347587 0.10964007190775013 0.049338032358487556 0.11841127766037014 0.1776169164905552
1.4187837790405518 0.1299234852106839 0.14308029383961393 0.12827888413206764 0.16281550678300893
1.6214671760463448 0.12718248341299015 0.14308029383961393 0.1874845229622527 0.1677493100188577
1.824150573052138 0.17268311325470645 0.11841127766037014 0.20721973590564774 0.1776169164905552
2.026833970057931 0.20941253734380275 0.1776169164905552 0.19735212943395022 0.1677493100188577
2.2295173670637243 0.22805134956812026 0.23188875208489151 0.20721973590564774 0.1578817035471602
2.4322007640695174 0.24065995783751154 0.3009619973867741 0.2713591779716816 0.12827888413206764
2.6348841610753104 0.23627435496120153 0.2664253747358328 0.20721973590564774 0.15294790031131142
2.8375675580811035 0.2423045589161278 0.28616058767922786 0.20721973590564774 0.19735212943395022
3.0402509550868966 0.23243695244443027 0.28122678444337906 0.22695494884904274 0.1677493100188577
3.2429343520926897 0.22805134956812026 0.25162396502828654 0.23188875208489151 0.18255071972640394
3.4456177490984827 0.20831613662472526 0.26149157149998403 0.17268311325470645 0.1874845229622527
3.648301146104276 0.20612333518657022 0.15294790031131142 0.222021145613194 0.22695494884904274
3.850984543110069 0.15459250138992767 0.14801409707546268 0.10854367118867261 0.24175635855658903
4.053667940115862 0.1343090880869939 0.14308029383961393 0.14308029383961393 0.16281550678300893
4.2563513371216555 0.1233450808962189 0.0888084582452776 0.09374226148112635 0.1776169164905552
4.4590347341274486 0.11402567478406013 0.10854367118867261 0.1233450808962189 0.1677493100188577
4.661718131133242 0.10744727046959512 0.07400704853773134 0.14308029383961393 0.1233450808962189
4.864401528139035 0.11786307730083138 0.10854367118867261 0.14801409707546268 0.1332126873679164
5.067084925144828 0.1365018895251489 0.12827888413206764 0.1332126873679164 0.1677493100188577
5.269768322150621 0.14143569276099766 0.11347747442452137 0.15294790031131142 0.14801409707546268
5.472451719156414 0.12444148161529639 0.11347747442452137 0.1233450808962189 0.13814649060376516
5.675135116162207 0.14856229743500143 0.14308029383961393 0.11347747442452137 0.14801409707546268
5.877818513168 0.15130329923269517 0.15294790031131142 0.16281550678300893 0.13814649060376516
6.080501910173793 0.16500830822116394 0.1874845229622527 0.1874845229622527 0.11347747442452137
