0.0 0.09812786435743637 0.12827888413206764 0.11841127766037014 0.0444042291226388
0.2026833970057931 0.11347747442452137 0.1233450808962189 0.09374226148112635 0.11841127766037014
0.4053667940115862 0.11676667658175388 0.17268311325470645 0.11347747442452137 0.10360986795282387
0.6080501910173793 0.14033929204192017 0.11841127766037014 0.0888084582452776 0.15294790031131142
0.8107335880231724 0.1288270844916064 0.09374226148112635 0.11347747442452137 0.1677493100188577
1.0134169850289656 0.11786307730083138 0.11347747442452137 0.11841127766037014 0.13814649060376516
1.2161003820347587 0.10141706651466886 0.0888084582452776 0.0789408517735801 0.09867606471697511
1.4187837790405518 0.12060407909852515 0.1233450808962189 0.10854367118867261 0.1677493100188577
1.6214671760463448 0.11731487694129263 0.09374226148112635 0.1233450808962189 0.12827888413206764
1.824150573052138 0.14636949599684643 0.15294790031131142 0.1233450808962189 0.24175635855658903
2.026833970057931 0.16117090570439266 0.1776169164905552 0.14308029383961393 0.18255071972640394
2.2295173670637243 0.20557513482703146 0.15294790031131142 0.1874845229622527 0.2466901617924378
2.4322007640695174 0.2423045589161278 0.24175635855658903 0.25162396502828654 0.25162396502828654
2.6348841610753104 0.268069975814449 0.29602819415092535 0.22695494884904274 0.20721973590564774
2.8375675580811035 0.2938353927127703 0.43910848799053925 0.25162396502828654 0.1874845229622527
3.0402509550868966 0.34262522471171913 0.3354986200377154 0.3009619973867741 0.3354986200377154
3.2429343520926897 0.34262522471171913 0.3453662265094129 0.3009619973867741 0.3157634070943204
3.4456177490984827 0.3524928311834167 0.32563101356601787 0.32563101356601787 0.32563101356601787
3.648301146104276 0.2976727952295416 0.3206972103301691 0.3157634070943204 0.2466901617924378
3.850984543110069 0.23737075568027902 0.25162396502828654 0.2466901617924378 0.19735212943395022
4.053667940115862 0.22037654453457775 0.1874845229622527 0.2664253747358328 0.21708734237734523
4.2563513371216555 0.14308029383961393 0.12827888413206764 0.1776169164905552 0.1677493100188577
4.4590347341274486 0.10799547082913387 0.10854367118867261 0.10360986795282387 0.10854367118867261
4.661718131133242 0.08387465500942885 0.049338032358487556 0.09867606471697511 0.1332126873679164
4.864401528139035 0.06249484098741757 0.03453662265094129 0.11347747442452137 0.08387465500942885
5.067084925144828 0.05591643667295257 0.03453662265094129 0.06413944206603382 0.09374226148112635
5.269768322150621 0.049338032358487556 0.049338032358487556 0.06413944206603382 0.06413944206603382
5.472451719156414 0.05591643667295257 0.05920563883018507 0.0888084582452776 0.05920563883018507
5.675135116162207 0.05920563883018507 0.049338032358487556 0.10854367118867261 0.05427183559433631
5.877818513168 0.06962144566142132 0.09374226148112635 0.09374226148112635 0.03453662265094129
6.080501910173793 0.0811336532117351 0.0444042291226388 0.1233450808962189 0.05920563883018507
