0.0 0.3080886020607778 0.3157634070943204 0.2565577682641353 0.2664253747358328
0.2026833970057931 0.32179361104924664 0.38483665239620296 0.25162396502828654 0.202285932669799
0.4053667940115862 0.2965763945104641 0.3453662265094129 0.222021145613194 0.222021145613194
0.6080501910173793 0.29164259127461534 0.30589580062262284 0.30589580062262284 0.28616058767922786
0.8107335880231724 0.22531034777042652 0.25162396502828654 0.16281550678300893 0.1874845229622527
1.0134169850289656 0.20502693446749273 0.1874845229622527 0.3009619973867741 0.21708734237734523
1.2161003820347587 0.15294790031131142 0.13814649060376516 0.1578817035471602 0.16281550678300893
1.4187837790405518 0.12553788233437388 0.10360986795282387 0.1578817035471602 0.1776169164905552
1.6214671760463448 0.09593506291928136 0.06907324530188258 0.13814649060376516 0.14308029383961393
1.824150573052138 0.08551925608804509 0.08387465500942885 0.15294790031131142 0.11347747442452137
2.026833970057931 0.07181424709957633 0.06413944206603382 0.0789408517735801 0.06907324530188258
2.2295173670637243 0.08168185357127385 0.06907324530188258 0.09374226148112635 0.05920563883018507
2.4322007640695174 0.08058545285219633 0.06413944206603382 0.10854367118867261 0.0789408517735801
2.6348841610753104 0.07784445105450259 0.03947042588679005 0.05920563883018507 0.11841127766037014
2.8375675580811035 0.0888084582452776 0.09867606471697511 0.06413944206603382 0.09374226148112635
3.0402509550868966 0.11950767837944763 0.11841127766037014 0.16281550678300893 0.15294790031131142
3.2429343520926897 0.12827888413206764 0.14308029383961393 0.13814649060376516 0.09867606471697511
3.4456177490984827 0.14143569276099766 0.21708734237734523 0.0888084582452776 0.11347747442452137
3.648301146104276 0.17158671253562893 0.1677493100188577 0.1677493100188577 0.09867606471697511
3.850984543110069 0.15349610067085018 0.17268311325470645 0.12827888413206764 0.1233450808962189
4.053667940115862 0.15568890210900518 0.15294790031131142 0.14801409707546268 0.19241832619810148
4.2563513371216555 0.11950767837944763 0.08387465500942885 0.13814649060376516 0.09374226148112635
4.4590347341274486 0.11950767837944763 0.08387465500942885 0.11841127766037014 0.1332126873679164
4.661718131133242 0.10306166759328511 0.09374226148112635 0.1677493100188577 0.1332126873679164
4.864401528139035 0.09593506291928136 0.07400704853773134 0.15294790031131142 0.1332126873679164
5.067084925144828 0.10744727046959512 0.08387465500942885 0.1578817035471602 0.1578817035471602
5.269768322150621 0.11128467298636636 0.06907324530188258 0.09867606471697511 0.16281550678300893
5.472451719156414 0.1523996999517727 0.1233450808962189 0.14801409707546268 0.1874845229622527
5.675135116162207 0.20996073770334148 0.1874845229622527 0.1874845229622527 0.23682255532074029
5.877818513168 0.2423045589161278 0.24175635855658903 0.21708734237734523 0.22695494884904274
6.080501910173793 0.2932871923532316 0.3996380621037492 0.202285932669799 0.29109439091507655
