0.0 0.7978845608028654
0.2026833970057931 0.7349502482704126
0.4053667940115862 0.5743962280590831
0.6080501910173793 0.3808912330247454
0.8107335880231724 0.21430195493067
1.0134169850289656 0.10230268871354146
1.2161003820347587 0.041436562695227615
1.4187837790405518 0.014240202166948645
1.6214671760463448 0.004152258156476239
1.824150573052138 0.0010272787338408348
2.026833970057931 0.000215639346692691
2.2295173670637243 3.840638897659127e-05
2.4322007640695174 5.8038303799275e-06
2.6348841610753104 7.441542554880898e-07
2.8375675580811035 8.099402861427928e-08
3.0402509550868966 8.057666022203785e-09
3.2429343520926897 8.057666022203785e-09
3.4456177490984827 8.099402861427928e-08
3.648301146104276 7.441542554880898e-07
3.850984543110069 5.8038303799275e-06
4.053667940115862 3.84063889765914e-05
4.2563513371216555 0.00021563934669269178
4.4590347341274486 0.0010272787338408368
4.661718131133242 0.004152258156476243
4.864401528139035 0.014240202166948655
5.067084925144828 0.04143656269522765
5.269768322150621 0.10230268871354155
5.472451719156414 0.21430195493067006
5.675135116162207 0.38089123302474553
5.877818513168 0.5743962280590832
6.080501910173793 0.7349502482704126
