0.0 0.21544274129872898 0.2565577682641353 0.1677493100188577 0.222021145613194
0.2026833970057931 0.19241832619810148 0.3009619973867741 0.08387465500942885 0.19241832619810148
0.4053667940115862 0.17268311325470645 0.22695494884904274 0.1233450808962189 0.1677493100188577
0.6080501910173793 0.1397910916823814 0.14801409707546268 0.14308029383961393 0.12827888413206764
0.8107335880231724 0.14143569276099766 0.1776169164905552 0.14308029383961393 0.10360986795282387
1.0134169850289656 0.10032066579559136 0.10360986795282387 0.06413944206603382 0.1332126873679164
1.2161003820347587 0.0920976604025101 0.03947042588679005 0.14801409707546268 0.0888084582452776
1.4187837790405518 0.06085023990880132 0.014801409707546268 0.10854367118867261 0.05920563883018507
1.6214671760463448 0.08387465500942885 0.049338032358487556 0.1233450808962189 0.0789408517735801
1.824150573052138 0.11347747442452137 0.0888084582452776 0.14308029383961393 0.10854367118867261
2.026833970057931 0.14308029383961393 0.09867606471697511 0.14308029383961393 0.1874845229622527
2.2295173670637243 0.14965869815407892 0.11841127766037014 0.1776169164905552 0.15294790031131142
2.4322007640695174 0.18912912404086896 0.20721973590564774 0.202285932669799 0.1578817035471602
2.6348841610753104 0.24340095963520528 0.2713591779716816 0.22695494884904274 0.23188875208489151
2.8375675580811035 0.23682255532074029 0.28616058767922786 0.2466901617924378 0.1776169164905552
3.0402509550868966 0.23517795424212404 0.2713591779716816 0.23682255532074029 0.19735212943395022
3.2429343520926897 0.2828713855219953 0.3552338329811104 0.22695494884904274 0.2664253747358328
3.4456177490984827 0.25162396502828654 0.3108296038584716 0.25162396502828654 0.19241832619810148
3.648301146104276 0.2466901617924378 0.29109439091507655 0.23682255532074029 0.21215353914149648
3.850984543110069 0.1776169164905552 0.14308029383961393 0.18255071972640394 0.20721973590564774
4.053667940115862 0.14636949599684643 0.09867606471697511 0.1874845229622527 0.15294790031131142
4.2563513371216555 0.12005587873898638 0.0789408517735801 0.1677493100188577 0.11347747442452137
4.4590347341274486 0.11018827226728888 0.049338032358487556 0.1332126873679164 0.14801409707546268
4.661718131133242 0.10360986795282387 0.049338032358487556 0.09374226148112635 0.1677493100188577
4.864401528139035 0.10689907011005638 0.049338032358487556 0.12827888413206764 0.14308029383961393
5.067084925144828 0.10032066579559136 0.05427183559433631 0.12827888413206764 0.11841127766037014
5.269768322150621 0.11512207550313763 0.06907324530188258 0.12827888413206764 0.14801409707546268
5.472451719156414 0.1365018895251489 0.13814649060376516 0.1233450808962189 0.14801409707546268
5.675135116162207 0.16117090570439266 0.16281550678300893 0.16281550678300893 0.1578817035471602
5.877818513168 0.1874845229622527 0.1874845229622527 0.1677493100188577 0.20721973590564774
6.080501910173793 0.1776169164905552 0.23682255532074029 0.1332126873679164 0.16281550678300893
