0.0 0.1743277143333227 0.18255071972640394 0.1776169164905552 0.16281550678300893
0.2026833970057931 0.16939391109747395 0.1578817035471602 0.16281550678300893 0.1874845229622527
0.4053667940115862 0.1874845229622527 0.19241832619810148 0.16281550678300893 0.20721973590564774
0.6080501910173793 0.14636949599684643 0.10360986795282387 0.13814649060376516 0.19735212943395022
0.8107335880231724 0.15952630462577644 0.13814649060376516 0.15294790031131142 0.1874845229622527
1.0134169850289656 0.13485728844653266 0.10854367118867261 0.17268311325470645 0.1233450808962189
1.2161003820347587 0.11018827226728888 0.05427183559433631 0.11841127766037014 0.1578817035471602
1.4187837790405518 0.11676667658175388 0.07400704853773134 0.1233450808962189 0.15294790031131142
1.6214671760463448 0.1365018895251489 0.0888084582452776 0.17268311325470645 0.14801409707546268
1.824150573052138 0.14801409707546268 0.09867606471697511 0.16281550678300893 0.18255071972640394
2.026833970057931 0.14801409707546268 0.12827888413206764 0.14801409707546268 0.1677493100188577
2.2295173670637243 0.1578817035471602 0.1874845229622527 0.1578817035471602 0.12827888413206764
2.4322007640695174 0.19077372511948523 0.1874845229622527 0.1874845229622527 0.19735212943395022
2.6348841610753104 0.19899673051256647 0.21708734237734523 0.202285932669799 0.1776169164905552
2.8375675580811035 0.23024415100627527 0.29109439091507655 0.1874845229622527 0.21215353914149648
3.0402509550868966 0.202285932669799 0.23682255532074029 0.22695494884904274 0.14308029383961393
3.2429343520926897 0.20721973590564774 0.28616058767922786 0.1332126873679164 0.202285932669799
3.4456177490984827 0.202285932669799 0.26149157149998403 0.202285932669799 0.14308029383961393
3.648301146104276 0.208864336984264 0.2664253747358328 0.19735212943395022 0.16281550678300893
3.850984543110069 0.18912912404086896 0.23682255532074029 0.16281550678300893 0.1677493100188577
4.053667940115862 0.15623710246854394 0.16281550678300893 0.14308029383961393 0.16281550678300893
4.2563513371216555 0.15294790031131142 0.1233450808962189 0.14801409707546268 0.1874845229622527
4.4590347341274486 0.12498968197483513 0.0789408517735801 0.13814649060376516 0.1578817035471602
4.661718131133242 0.1266342830534514 0.11841127766037014 0.14801409707546268 0.11347747442452137
4.864401528139035 0.10854367118867261 0.06907324530188258 0.13814649060376516 0.11841127766037014
5.067084925144828 0.12005587873898638 0.11841127766037014 0.11347747442452137 0.12827888413206764
5.269768322150621 0.14965869815407892 0.1233450808962189 0.1578817035471602 0.1677493100188577
5.472451719156414 0.11347747442452137 0.12827888413206764 0.10360986795282387 0.10854367118867261
5.675135116162207 0.1743277143333227 0.1874845229622527 0.1776169164905552 0.1578817035471602
5.877818513168 0.1365018895251489 0.14308029383961393 0.14801409707546268 0.11841127766037014
6.080501910173793 0.15130329923269517 0.18255071972640394 0.1677493100188577 0.10360986795282387
