0.0 0.23188875208489151 0.28616058767922786 0.23188875208489151 0.1776169164905552
0.2026833970057931 0.21379814022011276 0.28122678444337906 0.19241832619810148 0.1677493100188577
0.4053667940115862 0.16117090570439266 0.24175635855658903 0.11347747442452137 0.12827888413206764
0.6080501910173793 0.1365018895251489 0.1233450808962189 0.12827888413206764 0.1578817035471602
0.8107335880231724 0.12005587873898638 0.11841127766037014 0.09867606471697511 0.14308029383961393
1.0134169850289656 0.11018827226728888 0.0789408517735801 0.12827888413206764 0.1233450808962189
1.2161003820347587 0.09867606471697511 0.05920563883018507 0.10360986795282387 0.1332126873679164
1.4187837790405518 0.08058545285219633 0.06413944206603382 0.0789408517735801 0.09867606471697511
1.6214671760463448 0.10525446903144012 0.03453662265094129 0.14801409707546268 0.1332126873679164
1.824150573052138 0.0920976604025101 0.03947042588679005 0.15294790031131142 0.08387465500942885
2.026833970057931 0.11347747442452137 0.07400704853773134 0.11347747442452137 0.15294790031131142
2.2295173670637243 0.1743277143333227 0.1233450808962189 0.21708734237734523 0.18255071972640394
2.4322007640695174 0.18255071972640394 0.1776169164905552 0.14801409707546268 0.222021145613194
2.6348841610753104 0.23188875208489151 0.3157634070943204 0.19735212943395022 0.18255071972640394
2.8375675580811035 0.268069975814449 0.29109439091507655 0.28616058767922786 0.22695494884904274
3.0402509550868966 0.2828713855219953 0.3749690459245054 0.24175635855658903 0.23188875208489151
3.2429343520926897 0.28780518875784405 0.3651014394528079 0.23682255532074029 0.26149157149998403
3.4456177490984827 0.23353335316350776 0.29109439091507655 0.20721973590564774 0.202285932669799
3.648301146104276 0.24011175747797275 0.29109439091507655 0.20721973590564774 0.222021145613194
3.850984543110069 0.1743277143333227 0.14308029383961393 0.21215353914149648 0.1677493100188577
4.053667940115862 0.13814649060376516 0.10854367118867261 0.1776169164905552 0.12827888413206764
4.2563513371216555 0.12005587873898638 0.0888084582452776 0.11841127766037014 0.15294790031131142
4.4590347341274486 0.0888084582452776 0.07400704853773134 0.0789408517735801 0.11347747442452137
4.661718131133242 0.10032066579559136 0.05427183559433631 0.09374226148112635 0.15294790031131142
4.864401528139035 0.10525446903144012 0.07400704853773134 0.12827888413206764 0.11347747442452137
5.067084925144828 0.09538686255974262 0.03947042588679005 0.13814649060376516 0.10854367118867261
5.269768322150621 0.12498968197483513 0.05427183559433631 0.16281550678300893 0.1578817035471602
5.472451719156414 0.11841127766037014 0.0789408517735801 0.13814649060376516 0.13814649060376516
5.675135116162207 0.14636949599684643 0.12827888413206764 0.1332126873679164 0.1776169164905552
5.877818513168 0.1874845229622527 0.21708734237734523 0.1874845229622527 0.1578817035471602
6.080501910173793 0.16939391109747395 0.24175635855658903 0.1332126873679164 0.1332126873679164
