0.0 0.17926151756917147 0.22695494884904274 0.14308029383961393 0.1677493100188577
0.2026833970057931 0.19241832619810148 0.29602819415092535 0.09867606471697511 0.18255071972640394
0.4053667940115862 0.18090611864778772 0.1776169164905552 0.18255071972640394 0.18255071972640394
0.6080501910173793 0.13485728844653266 0.1578817035471602 0.11347747442452137 0.1332126873679164
0.8107335880231724 0.13156808628930017 0.10360986795282387 0.14308029383961393 0.14801409707546268
1.0134169850289656 0.1299234852106839 0.1233450808962189 0.11347747442452137 0.15294790031131142
1.2161003820347587 0.09538686255974262 0.0444042291226388 0.1233450808962189 0.11841127766037014
1.4187837790405518 0.12005587873898638 0.06413944206603382 0.16281550678300893 0.1332126873679164
1.6214671760463448 0.10525446903144012 0.029602819415092536 0.1578817035471602 0.12827888413206764
1.824150573052138 0.0920976604025101 0.049338032358487556 0.14308029383961393 0.08387465500942885
2.026833970057931 0.13156808628930017 0.0789408517735801 0.16281550678300893 0.15294790031131142
2.2295173670637243 0.15130329923269517 0.1233450808962189 0.1677493100188577 0.16281550678300893
2.4322007640695174 0.17103851217609017 0.15294790031131142 0.1776169164905552 0.18255071972640394
2.6348841610753104 0.20721973590564774 0.222021145613194 0.23682255532074029 0.16281550678300893
2.8375675580811035 0.23353335316350776 0.2466901617924378 0.2565577682641353 0.19735212943395022
3.0402509550868966 0.3009619973867741 0.3700352426886567 0.2762929812075303 0.2565577682641353
3.2429343520926897 0.3108296038584716 0.39470425886790045 0.2713591779716816 0.2664253747358328
3.4456177490984827 0.21050893806288024 0.2565577682641353 0.1578817035471602 0.21708734237734523
3.648301146104276 0.20721973590564774 0.2565577682641353 0.20721973590564774 0.1578817035471602
3.850984543110069 0.1776169164905552 0.14308029383961393 0.21215353914149648 0.1776169164905552
4.053667940115862 0.15459250138992767 0.13814649060376516 0.21708734237734523 0.10854367118867261
4.2563513371216555 0.13485728844653266 0.08387465500942885 0.13814649060376516 0.18255071972640394
4.4590347341274486 0.0888084582452776 0.07400704853773134 0.09374226148112635 0.09867606471697511
4.661718131133242 0.08058545285219633 0.03947042588679005 0.09867606471697511 0.10360986795282387
4.864401528139035 0.08387465500942885 0.03947042588679005 0.1233450808962189 0.0888084582452776
5.067084925144828 0.10196526687420762 0.06907324530188258 0.1332126873679164 0.10360986795282387
5.269768322150621 0.1266342830534514 0.1233450808962189 0.10854367118867261 0.14801409707546268
5.472451719156414 0.16281550678300893 0.21215353914149648 0.1233450808962189 0.15294790031131142
5.675135116162207 0.19077372511948523 0.24175635855658903 0.1677493100188577 0.16281550678300893
5.877818513168 0.1578817035471602 0.14801409707546268 0.11841127766037014 0.20721973590564774
6.080501910173793 0.1874845229622527 0.2466901617924378 0.10360986795282387 0.21215353914149648
