0.0 0.20557513482703146 0.25162396502828654 0.19241832619810148 0.17268311325470645
0.2026833970057931 0.1743277143333227 0.202285932669799 0.1677493100188577 0.15294790031131142
0.4053667940115862 0.17268311325470645 0.23188875208489151 0.1874845229622527 0.09867606471697511
0.6080501910173793 0.15294790031131142 0.16281550678300893 0.12827888413206764 0.1677493100188577
0.8107335880231724 0.13156808628930017 0.08387465500942885 0.14801409707546268 0.16281550678300893
1.0134169850289656 0.08387465500942885 0.049338032358487556 0.1233450808962189 0.0789408517735801
1.2161003820347587 0.10525446903144012 0.05920563883018507 0.1233450808962189 0.1332126873679164
1.4187837790405518 0.10525446903144012 0.049338032358487556 0.15294790031131142 0.11347747442452137
1.6214671760463448 0.11512207550313763 0.029602819415092536 0.13814649060376516 0.1776169164905552
1.824150573052138 0.0920976604025101 0.049338032358487556 0.1233450808962189 0.10360986795282387
2.026833970057931 0.10525446903144012 0.06413944206603382 0.14308029383961393 0.10854367118867261
2.2295173670637243 0.14965869815407892 0.09867606471697511 0.18255071972640394 0.1677493100188577
2.4322007640695174 0.19570752835533398 0.19735212943395022 0.19241832619810148 0.19735212943395022
2.6348841610753104 0.24340095963520528 0.2762929812075303 0.24175635855658903 0.21215353914149648
2.8375675580811035 0.24504556071382153 0.3157634070943204 0.17268311325470645 0.2466901617924378
3.0402509550868966 0.25491316718551904 0.3009619973867741 0.21708734237734523 0.2466901617924378
3.2429343520926897 0.3124742049370879 0.43417468475469045 0.3108296038584716 0.19241832619810148
3.4456177490984827 0.2894497898364603 0.37990284916035416 0.26149157149998403 0.22695494884904274
3.648301146104276 0.23024415100627527 0.21708734237734523 0.23682255532074029 0.23682255532074029
3.850984543110069 0.1776169164905552 0.16281550678300893 0.16281550678300893 0.20721973590564774
4.053667940115862 0.12827888413206764 0.11841127766037014 0.11841127766037014 0.14801409707546268
4.2563513371216555 0.10196526687420762 0.06413944206603382 0.10854367118867261 0.1332126873679164
4.4590347341274486 0.12498968197483513 0.07400704853773134 0.13814649060376516 0.16281550678300893
4.661718131133242 0.08716385716666135 0.05427183559433631 0.0888084582452776 0.11841127766037014
4.864401528139035 0.09045305932389386 0.05920563883018507 0.0789408517735801 0.1332126873679164
5.067084925144828 0.09045305932389386 0.049338032358487556 0.11347747442452137 0.10854367118867261
5.269768322150621 0.10196526687420762 0.08387465500942885 0.11841127766037014 0.10360986795282387
5.472451719156414 0.1233450808962189 0.11841127766037014 0.11347747442452137 0.13814649060376516
5.675135116162207 0.14308029383961393 0.17268311325470645 0.15294790031131142 0.10360986795282387
5.877818513168 0.17103851217609017 0.22695494884904274 0.12827888413206764 0.1578817035471602
6.080501910173793 0.228599549927659 0.29602819415092535 0.1677493100188577 0.222021145613194
