0.0 0.228599549927659 0.3157634070943204 0.1677493100188577 0.202285932669799
0.2026833970057931 0.17597231541193895 0.202285932669799 0.15294790031131142 0.17268311325470645
0.4053667940115862 0.228599549927659 0.2762929812075303 0.222021145613194 0.1874845229622527
0.6080501910173793 0.15459250138992767 0.14308029383961393 0.1332126873679164 0.1874845229622527
0.8107335880231724 0.11841127766037014 0.1233450808962189 0.08387465500942885 0.14801409707546268
1.0134169850289656 0.09045305932389386 0.08387465500942885 0.0789408517735801 0.10854367118867261
1.2161003820347587 0.10196526687420762 0.049338032358487556 0.1332126873679164 0.1233450808962189
1.4187837790405518 0.06742864422326633 0.03453662265094129 0.07400704853773134 0.09374226148112635
1.6214671760463448 0.09045305932389386 0.049338032358487556 0.09867606471697511 0.1233450808962189
1.824150573052138 0.12170047981760264 0.03453662265094129 0.14801409707546268 0.18255071972640394
2.026833970057931 0.12170047981760264 0.07400704853773134 0.14308029383961393 0.14801409707546268
2.2295173670637243 0.1841953208050202 0.13814649060376516 0.20721973590564774 0.20721973590564774
2.4322007640695174 0.202285932669799 0.19735212943395022 0.23188875208489151 0.1776169164905552
2.6348841610753104 0.20557513482703146 0.19735212943395022 0.19735212943395022 0.222021145613194
2.8375675580811035 0.25162396502828654 0.3108296038584716 0.222021145613194 0.222021145613194
3.0402509550868966 0.25820236934275154 0.34043242327356416 0.24175635855658903 0.19241832619810148
3.2429343520926897 0.2762929812075303 0.33056481680186667 0.30589580062262284 0.19241832619810148
3.4456177490984827 0.26149157149998403 0.33056481680186667 0.21215353914149648 0.24175635855658903
3.648301146104276 0.23682255532074029 0.29602819415092535 0.20721973590564774 0.20721973590564774
3.850984543110069 0.18090611864778772 0.17268311325470645 0.22695494884904274 0.14308029383961393
4.053667940115862 0.14308029383961393 0.11347747442452137 0.17268311325470645 0.14308029383961393
4.2563513371216555 0.11347747442452137 0.0789408517735801 0.15294790031131142 0.10854367118867261
4.4590347341274486 0.11347747442452137 0.049338032358487556 0.13814649060376516 0.15294790031131142
4.661718131133242 0.09374226148112635 0.049338032358487556 0.11841127766037014 0.11347747442452137
4.864401528139035 0.09045305932389386 0.06413944206603382 0.0789408517735801 0.12827888413206764
5.067084925144828 0.10854367118867261 0.07400704853773134 0.15294790031131142 0.09867606471697511
5.269768322150621 0.10854367118867261 0.0789408517735801 0.12827888413206764 0.11841127766037014
5.472451719156414 0.11841127766037014 0.10360986795282387 0.12827888413206764 0.1233450808962189
5.675135116162207 0.14143569276099766 0.15294790031131142 0.11841127766037014 0.15294790031131142
5.877818513168 0.14143569276099766 0.1578817035471602 0.12827888413206764 0.13814649060376516
6.080501910173793 0.20393053374841524 0.3108296038584716 0.12827888413206764 0.17268311325470645
