0.0 0.228599549927659 0.2762929812075303 0.21215353914149648 0.19735212943395022
0.2026833970057931 0.22037654453457775 0.24175635855658903 0.1874845229622527 0.23188875208489151
0.4053667940115862 0.16610470894024143 0.18255071972640394 0.14308029383961393 0.17268311325470645
0.6080501910173793 0.14308029383961393 0.13814649060376516 0.14308029383961393 0.14801409707546268
0.8107335880231724 0.1365018895251489 0.0888084582452776 0.13814649060376516 0.18255071972640394
1.0134169850289656 0.10032066579559136 0.03947042588679005 0.13814649060376516 0.1233450808962189
1.2161003820347587 0.09867606471697511 0.05427183559433631 0.10854367118867261 0.1332126873679164
1.4187837790405518 0.10689907011005638 0.0444042291226388 0.1332126873679164 0.14308029383961393
1.6214671760463448 0.0920976604025101 0.0444042291226388 0.12827888413206764 0.10360986795282387
1.824150573052138 0.10689907011005638 0.06413944206603382 0.11841127766037014 0.13814649060376516
2.026833970057931 0.10032066579559136 0.0444042291226388 0.13814649060376516 0.11841127766037014
2.2295173670637243 0.11676667658175388 0.08387465500942885 0.1332126873679164 0.1332126873679164
2.4322007640695174 0.17268311325470645 0.13814649060376516 0.1776169164905552 0.202285932669799
2.6348841610753104 0.21215353914149648 0.3009619973867741 0.15294790031131142 0.18255071972640394
2.8375675580811035 0.24833476287105405 0.3453662265094129 0.21215353914149648 0.1874845229622527
3.0402509550868966 0.29602819415092535 0.39470425886790045 0.22695494884904274 0.2664253747358328
3.2429343520926897 0.28451598660061156 0.3897704556320517 0.23682255532074029 0.22695494884904274
3.4456177490984827 0.23188875208489151 0.29109439091507655 0.202285932669799 0.202285932669799
3.648301146104276 0.26313617257860034 0.28122678444337906 0.29602819415092535 0.21215353914149648
3.850984543110069 0.16446010786162518 0.16281550678300893 0.16281550678300893 0.1677493100188577
4.053667940115862 0.13156808628930017 0.12827888413206764 0.13814649060376516 0.12827888413206764
4.2563513371216555 0.11841127766037014 0.08387465500942885 0.15294790031131142 0.11841127766037014
4.4590347341274486 0.0920976604025101 0.049338032358487556 0.10360986795282387 0.1233450808962189
4.661718131133242 0.0888084582452776 0.0444042291226388 0.10360986795282387 0.11841127766037014
4.864401528139035 0.10689907011005638 0.05427183559433631 0.15294790031131142 0.11347747442452137
5.067084925144828 0.08223005393081259 0.05920563883018507 0.09374226148112635 0.09374226148112635
5.269768322150621 0.1233450808962189 0.0888084582452776 0.1332126873679164 0.14801409707546268
5.472451719156414 0.1332126873679164 0.1332126873679164 0.16281550678300893 0.10360986795282387
5.675135116162207 0.15952630462577644 0.15294790031131142 0.14308029383961393 0.18255071972640394
5.877818513168 0.18090611864778772 0.20721973590564774 0.15294790031131142 0.18255071972640394
6.080501910173793 0.22695494884904274 0.32563101356601787 0.20721973590564774 0.14801409707546268
