0.0 0.2187319434559615 0.2466901617924378 0.18255071972640394 0.22695494884904274
0.2026833970057931 0.18255071972640394 0.19735212943395022 0.19735212943395022 0.15294790031131142
0.4053667940115862 0.19077372511948523 0.21215353914149648 0.18255071972640394 0.1776169164905552
0.6080501910173793 0.1578817035471602 0.19735212943395022 0.13814649060376516 0.13814649060376516
0.8107335880231724 0.14801409707546268 0.11347747442452137 0.14801409707546268 0.18255071972640394
1.0134169850289656 0.08387465500942885 0.08387465500942885 0.0888084582452776 0.0789408517735801
1.2161003820347587 0.09867606471697511 0.03947042588679005 0.12827888413206764 0.12827888413206764
1.4187837790405518 0.08223005393081259 0.05920563883018507 0.06907324530188258 0.11841127766037014
1.6214671760463448 0.08058545285219633 0.03947042588679005 0.11841127766037014 0.08387465500942885
1.824150573052138 0.09374226148112635 0.049338032358487556 0.1332126873679164 0.09867606471697511
2.026833970057931 0.10689907011005638 0.049338032358487556 0.14308029383961393 0.12827888413206764
2.2295173670637243 0.15623710246854394 0.11841127766037014 0.1677493100188577 0.18255071972640394
2.4322007640695174 0.17268311325470645 0.1677493100188577 0.202285932669799 0.14801409707546268
2.6348841610753104 0.23682255532074029 0.23188875208489151 0.222021145613194 0.2565577682641353
2.8375675580811035 0.268069975814449 0.404571865339598 0.21708734237734523 0.18255071972640394
3.0402509550868966 0.2795821833647628 0.39470425886790045 0.19735212943395022 0.2466901617924378
3.2429343520926897 0.3157634070943204 0.4292408815188417 0.26149157149998403 0.2565577682641353
3.4456177490984827 0.22531034777042652 0.2762929812075303 0.21215353914149648 0.1874845229622527
3.648301146104276 0.23353335316350776 0.26149157149998403 0.21708734237734523 0.222021145613194
3.850984543110069 0.18912912404086896 0.18255071972640394 0.202285932669799 0.18255071972640394
4.053667940115862 0.12827888413206764 0.05427183559433631 0.14801409707546268 0.18255071972640394
4.2563513371216555 0.1233450808962189 0.06907324530188258 0.13814649060376516 0.16281550678300893
4.4590347341274486 0.0789408517735801 0.03453662265094129 0.06413944206603382 0.13814649060376516
4.661718131133242 0.07729625069496383 0.019735212943395024 0.10360986795282387 0.10854367118867261
4.864401528139035 0.08387465500942885 0.03947042588679005 0.09374226148112635 0.11841127766037014
5.067084925144828 0.08058545285219633 0.06413944206603382 0.0888084582452776 0.0888084582452776
5.269768322150621 0.10525446903144012 0.09867606471697511 0.10854367118867261 0.10854367118867261
5.472451719156414 0.12170047981760264 0.07400704853773134 0.15294790031131142 0.13814649060376516
5.675135116162207 0.1677493100188577 0.16281550678300893 0.1776169164905552 0.16281550678300893
5.877818513168 0.24504556071382153 0.3009619973867741 0.23682255532074029 0.19735212943395022
6.080501910173793 0.20064133159118272 0.26149157149998403 0.19241832619810148 0.14801409707546268
