0.0 0.21544274129872898 0.29109439091507655 0.1332126873679164 0.222021145613194
0.2026833970057931 0.21379814022011276 0.28616058767922786 0.20721973590564774 0.14801409707546268
0.4053667940115862 0.16939391109747395 0.20721973590564774 0.1874845229622527 0.11347747442452137
0.6080501910173793 0.14801409707546268 0.1332126873679164 0.1578817035471602 0.15294790031131142
0.8107335880231724 0.15294790031131142 0.12827888413206764 0.14801409707546268 0.18255071972640394
1.0134169850289656 0.10360986795282387 0.07400704853773134 0.0888084582452776 0.14801409707546268
1.2161003820347587 0.10854367118867261 0.06907324530188258 0.16281550678300893 0.09374226148112635
1.4187837790405518 0.0920976604025101 0.05920563883018507 0.0888084582452776 0.12827888413206764
1.6214671760463448 0.07729625069496383 0.049338032358487556 0.05920563883018507 0.1233450808962189
1.824150573052138 0.10689907011005638 0.07400704853773134 0.1578817035471602 0.0888084582452776
2.026833970057931 0.14472489491823015 0.1233450808962189 0.12827888413206764 0.18255071972640394
2.2295173670637243 0.1397910916823814 0.10854367118867261 0.14308029383961393 0.1677493100188577
2.4322007640695174 0.1874845229622527 0.1874845229622527 0.20721973590564774 0.1677493100188577
2.6348841610753104 0.21050893806288024 0.2565577682641353 0.20721973590564774 0.1677493100188577
2.8375675580811035 0.25162396502828654 0.3700352426886567 0.1776169164905552 0.20721973590564774
3.0402509550868966 0.2647807736572166 0.36016763621695913 0.2664253747358328 0.1677493100188577
3.2429343520926897 0.27464838012891407 0.3996380621037492 0.19735212943395022 0.22695494884904274
3.4456177490984827 0.22037654453457775 0.2664253747358328 0.21708734237734523 0.1776169164905552
3.648301146104276 0.23517795424212404 0.24175635855658903 0.21215353914149648 0.25162396502828654
3.850984543110069 0.18583992188363646 0.1578817035471602 0.21708734237734523 0.18255071972640394
4.053667940115862 0.13485728844653266 0.11347747442452137 0.1332126873679164 0.1578817035471602
4.2563513371216555 0.13485728844653266 0.06907324530188258 0.1332126873679164 0.202285932669799
4.4590347341274486 0.08058545285219633 0.03947042588679005 0.0888084582452776 0.11347747442452137
4.661718131133242 0.11183287334590514 0.09374226148112635 0.10360986795282387 0.13814649060376516
4.864401528139035 0.07729625069496383 0.0444042291226388 0.10854367118867261 0.0789408517735801
5.067084925144828 0.10689907011005638 0.05427183559433631 0.15294790031131142 0.11347747442452137
5.269768322150621 0.11512207550313763 0.06907324530188258 0.10854367118867261 0.1677493100188577
5.472451719156414 0.1332126873679164 0.10360986795282387 0.1677493100188577 0.12827888413206764
5.675135116162207 0.16117090570439266 0.1233450808962189 0.1776169164905552 0.18255071972640394
5.877818513168 0.18090611864778772 0.18255071972640394 0.18255071972640394 0.1776169164905552
6.080501910173793 0.1940629272767177 0.19735212943395022 0.21215353914149648 0.17268311325470645
