0.0 0.202285932669799 0.2466901617924378 0.14801409707546268 0.21215353914149648
0.2026833970057931 0.17268311325470645 0.24175635855658903 0.1233450808962189 0.15294790031131142
0.4053667940115862 0.18090611864778772 0.18255071972640394 0.16281550678300893 0.19735212943395022
0.6080501910173793 0.1397910916823814 0.1578817035471602 0.11841127766037014 0.14308029383961393
0.8107335880231724 0.12170047981760264 0.0888084582452776 0.12827888413206764 0.14801409707546268
1.0134169850289656 0.12005587873898638 0.16281550678300893 0.08387465500942885 0.11347747442452137
1.2161003820347587 0.1299234852106839 0.10360986795282387 0.15294790031131142 0.1332126873679164
1.4187837790405518 0.11841127766037014 0.05920563883018507 0.13814649060376516 0.1578817035471602
1.6214671760463448 0.1233450808962189 0.10854367118867261 0.10854367118867261 0.15294790031131142
1.824150573052138 0.12827888413206764 0.15294790031131142 0.11841127766037014 0.11347747442452137
2.026833970057931 0.1578817035471602 0.1332126873679164 0.19241832619810148 0.14801409707546268
2.2295173670637243 0.14308029383961393 0.10360986795282387 0.19735212943395022 0.12827888413206764
2.4322007640695174 0.1677493100188577 0.1233450808962189 0.21215353914149648 0.1677493100188577
2.6348841610753104 0.23188875208489151 0.20721973590564774 0.25162396502828654 0.23682255532074029
2.8375675580811035 0.19077372511948523 0.23188875208489151 0.1677493100188577 0.17268311325470645
3.0402509550868966 0.17597231541193895 0.222021145613194 0.18255071972640394 0.1233450808962189
3.2429343520926897 0.2187319434559615 0.2664253747358328 0.1776169164905552 0.21215353914149648
3.4456177490984827 0.20064133159118272 0.23682255532074029 0.20721973590564774 0.1578817035471602
3.648301146104276 0.20557513482703146 0.22695494884904274 0.202285932669799 0.1874845229622527
3.850984543110069 0.21379814022011276 0.20721973590564774 0.29109439091507655 0.14308029383961393
4.053667940115862 0.13156808628930017 0.14308029383961393 0.13814649060376516 0.11347747442452137
4.2563513371216555 0.14801409707546268 0.12827888413206764 0.14801409707546268 0.1677493100188577
4.4590347341274486 0.15294790031131142 0.11347747442452137 0.19241832619810148 0.15294790031131142
4.661718131133242 0.13485728844653266 0.11841127766037014 0.18255071972640394 0.10360986795282387
4.864401528139035 0.1397910916823814 0.09867606471697511 0.1332126873679164 0.1874845229622527
5.067084925144828 0.12170047981760264 0.05920563883018507 0.14308029383961393 0.16281550678300893
5.269768322150621 0.11676667658175388 0.12827888413206764 0.0888084582452776 0.1332126873679164
5.472451719156414 0.12005587873898638 0.11841127766037014 0.10854367118867261 0.1332126873679164
5.675135116162207 0.15294790031131142 0.14308029383961393 0.16281550678300893 0.15294790031131142
5.877818513168 0.16610470894024143 0.1776169164905552 0.1233450808962189 0.19735212943395022
6.080501910173793 0.20557513482703146 0.24175635855658903 0.14801409707546268 0.22695494884904274
