0.0 0.0689224669347429 0.021008452488130186 0.1400563499208679 0.08753521870054244
0.5711986642890533 0.0567596786521412 0.021008452488130186 0.1365549411728462 0.05252113122032546
1.1423973285781066 0.053811123916965034 0.04901972247230377 0.11554648868471602 0.08053240120449905
1.7135959928671598 0.0904837734357186 0.08753521870054244 0.1295521236768028 0.17857184614910657
2.284794657156213 0.21782448106113927 0.22058875112536694 0.17507043740108488 0.19257748114119336
2.8559933214452666 0.4111391008861267 0.4131662322665603 0.2626056561016273 0.2976197435818443
3.4271919857343196 0.408743400163796 0.5217099034552329 0.2521014298575622 0.30112115232986597
3.998390650023373 0.22796013796330736 0.23809579486547544 0.19607888988921507 0.22058875112536694
4.569589314312426 0.10319941573116581 0.10504226244065092 0.1295521236768028 0.16456621115701978
5.140787978601479 0.0549168319426561 0.04551831372428206 0.10854367118867263 0.09803944494460753
5.711986642890533 0.05694396332308971 0.02801126998417358 0.10504226244065092 0.07703099245647733
