0.0 0.051599707865582906 0.007002817496043395 0.1260507149287811 0.09803944494460753
0.5711986642890533 0.053811123916965034 0.010504226244065093 0.10154085369262923 0.09803944494460753
1.1423973285781066 0.05528540128455312 0.03851549622823867 0.1330535324248245 0.07703099245647733
1.7135959928671598 0.10025086099598965 0.07703099245647733 0.12254930618075942 0.15406198491295467
2.284794657156213 0.23791151019452692 0.27661129109371413 0.21008452488130183 0.17156902865306317
2.8559933214452666 0.4111391008861267 0.4481803197467773 0.2486000211095405 0.24159720361349715
3.4271919857343196 0.43067327600666877 0.5707296259275367 0.2836141085897575 0.31862819606997445
3.998390650023373 0.22464301388623417 0.21008452488130183 0.22759156862141033 0.2731098823456924
4.569589314312426 0.09140519679046115 0.07352958370845565 0.1400563499208679 0.1435577586688896
5.140787978601479 0.05436397792981057 0.03501408748021698 0.10154085369262923 0.10854367118867263
5.711986642890533 0.03962120425392974 0.0035014087480216977 0.05602253996834716 0.06652676621241226
