0.0 0.08937806541002755 0.06302535746439054 0.18907607239317167 0.10504226244065092
0.5711986642890533 0.09822372961555603 0.08403380995252074 0.15056057616493299 0.10854367118867263
1.1423973285781066 0.1081751018467756 0.10504226244065092 0.18907607239317167 0.1365549411728462
1.7135959928671598 0.13508066380525813 0.08753521870054244 0.19607888988921507 0.15056057616493299
2.284794657156213 0.22998726934374097 0.2731098823456924 0.1400563499208679 0.24159720361349715
2.8559933214452666 0.31494250265100426 0.3466394660541481 0.19257748114119336 0.20308170738525846
3.4271919857343196 0.29024835674390387 0.32913242231403955 0.17857184614910657 0.21008452488130183
3.998390650023373 0.20142314534672184 0.23109297736943205 0.11904789743273772 0.20658311613328015
4.569589314312426 0.11904789743273772 0.12254930618075942 0.16456621115701978 0.20658311613328015
5.140787978601479 0.08145382455924159 0.05602253996834716 0.10504226244065092 0.09453803619658584
5.711986642890533 0.08274381725588116 0.05252113122032546 0.1260507149287811 0.08753521870054244
