0.0 0.09269518948710073 0.08403380995252074 0.17507043740108488 0.07002817496043395
0.5711986642890533 0.08255953258493266 0.03851549622823867 0.1365549411728462 0.06302535746439054
1.1423973285781066 0.06449963483197863 0.04551831372428206 0.15406198491295467 0.09453803619658584
1.7135959928671598 0.08993091942287307 0.09453803619658584 0.07352958370845565 0.1470591674169113
2.284794657156213 0.19700031324395761 0.18907607239317167 0.1680676199050415 0.23109297736943205
2.8559933214452666 0.35419513756303694 0.40266200602249524 0.20308170738525846 0.2871155173377792
3.4271919857343196 0.3672793492003812 0.451681728494799 0.17156902865306317 0.30812396982590934
3.998390650023373 0.22077303579631546 0.20658311613328015 0.19958029863723675 0.17857184614910657
4.569589314312426 0.10706939382108453 0.09453803619658584 0.15756339366097638 0.1610648024089981
5.140787978601479 0.07684670778552884 0.05952394871636886 0.1470591674169113 0.10854367118867263
5.711986642890533 0.09785516027365901 0.08403380995252074 0.16456621115701978 0.10154085369262923
