0.0 0.06265678812249353 0.03851549622823867 0.1260507149287811 0.09103662744856413
0.5711986642890533 0.0691067516056914 0.03501408748021698 0.10154085369262923 0.11904789743273772
1.1423973285781066 0.07758384646932287 0.04551831372428206 0.1260507149287811 0.1435577586688896
1.7135959928671598 0.1280778463092147 0.11904789743273772 0.10854367118867263 0.18907607239317167
2.284794657156213 0.2336729627627112 0.24159720361349715 0.22058875112536694 0.15756339366097638
2.8559933214452666 0.33226526172016424 0.32563101356601787 0.27661129109371413 0.2521014298575622
3.4271919857343196 0.34295377263517784 0.3641465097942565 0.19607888988921507 0.18557466364514996
3.998390650023373 0.2323829700660716 0.2871155173377792 0.19257748114119336 0.18907607239317167
4.569589314312426 0.12199645216791388 0.15756339366097638 0.16456621115701978 0.15406198491295467
5.140787978601479 0.08384952528157222 0.10154085369262923 0.1435577586688896 0.15056057616493299
5.711986642890533 0.06615819687051523 0.03501408748021698 0.09453803619658584 0.11904789743273772
