0.0 0.09306375882899774 0.05252113122032546 0.16456621115701978 0.05602253996834716
0.5711986642890533 0.08532380264916031 0.06302535746439054 0.1295521236768028 0.07002817496043395
1.1423973285781066 0.06781675890905182 0.05252113122032546 0.12254930618075942 0.08753521870054244
1.7135959928671598 0.09877658362840157 0.09453803619658584 0.17507043740108488 0.1435577586688896
2.284794657156213 0.21579734968070566 0.22409015987338865 0.18207325489712825 0.18557466364514996
2.8559933214452666 0.37188646597409397 0.38165355353436503 0.18907607239317167 0.35714369229821313
3.4271919857343196 0.38165355353436503 0.44467891099875556 0.20658311613328015 0.33963664855810466
3.998390650023373 0.20953167086845634 0.23809579486547544 0.1610648024089981 0.20308170738525846
4.569589314312426 0.0925109048161522 0.07703099245647733 0.15756339366097638 0.1330535324248245
5.140787978601479 0.06265678812249353 0.05252113122032546 0.1330535324248245 0.09453803619658584
5.711986642890533 0.07168673699897053 0.07002817496043395 0.1295521236768028 0.08053240120449905
