0.0 0.05620682463929567 0.007002817496043395 0.08053240120449905 0.07703099245647733
0.5711986642890533 0.05233684654937695 0.01750704374010849 0.1260507149287811 0.09103662744856413
1.1423973285781066 0.057312532664986725 0.02801126998417358 0.1260507149287811 0.10854367118867263
1.7135959928671598 0.09490660553848285 0.10154085369262923 0.1680676199050415 0.11554648868471602
2.284794657156213 0.2320144007241746 0.24509861236151884 0.1680676199050415 0.23109297736943205
2.8559933214452666 0.434727538767536 0.5602253996834716 0.30112115232986597 0.35714369229821313
3.4271919857343196 0.41500907897604544 0.44467891099875556 0.23809579486547544 0.2941183348338226
3.998390650023373 0.21524449566786014 0.23109297736943205 0.22409015987338865 0.22058875112536694
4.569589314312426 0.08845664205528499 0.08053240120449905 0.12254930618075942 0.10504226244065092
5.140787978601479 0.05288970056222248 0.02801126998417358 0.09453803619658584 0.08403380995252074
5.711986642890533 0.051599707865582906 0.007002817496043395 0.10154085369262923 0.06652676621241226
