0.0 0.07703099245647733 0.05602253996834716 0.1470591674169113 0.07703099245647733
0.5711986642890533 0.06486820417387566 0.03851549622823867 0.11554648868471602 0.06302535746439054
1.1423973285781066 0.06965960561853693 0.05252113122032546 0.1365549411728462 0.12254930618075942
1.7135959928671598 0.10596368579539348 0.10854367118867263 0.1330535324248245 0.1295521236768028
2.284794657156213 0.2305401233565865 0.23109297736943205 0.19607888988921507 0.2486000211095405
2.8559933214452666 0.38718209366282036 0.4236704585106254 0.23459438611745376 0.30812396982590934
3.4271919857343196 0.37815214478634335 0.44467891099875556 0.20658311613328015 0.31512678732195276
3.998390650023373 0.21690305770639673 0.19958029863723675 0.17507043740108488 0.22058875112536694
4.569589314312426 0.09380089751279179 0.07703099245647733 0.16456621115701978 0.1260507149287811
5.140787978601479 0.06413106549008162 0.07703099245647733 0.1330535324248245 0.10504226244065092
5.711986642890533 0.06247250345154502 0.04201690497626037 0.10854367118867263 0.03501408748021698
