0.0 0.06099822608395694 0.03151267873219527 0.08753521870054244 0.11904789743273772
0.5711986642890533 0.0551011166136046 0.04201690497626037 0.05602253996834716 0.11204507993669433
1.1423973285781066 0.05123113852368589 0.04901972247230377 0.07352958370845565 0.1330535324248245
1.7135959928671598 0.09527517488037987 0.07703099245647733 0.18907607239317167 0.12254930618075942
2.284794657156213 0.21893018908683032 0.23809579486547544 0.20658311613328015 0.22058875112536694
2.8559933214452666 0.40468913740292883 0.497200042219081 0.2556028386055839 0.22409015987338865
3.4271919857343196 0.4057948454286199 0.4341746847546905 0.2836141085897575 0.24159720361349715
3.998390650023373 0.22980298467279245 0.24509861236151884 0.16456621115701978 0.17507043740108488
4.569589314312426 0.09527517488037987 0.07352958370845565 0.1680676199050415 0.1260507149287811
5.140787978601479 0.06615819687051523 0.04201690497626037 0.11204507993669433 0.1400563499208679
5.711986642890533 0.0674481895671548 0.021008452488130186 0.15406198491295467 0.1365549411728462
