0.0 0.05546968595550163 0.024509861236151884 0.09453803619658584 0.11204507993669433
0.5711986642890533 0.04551831372428206 0.01750704374010849 0.07002817496043395 0.07703099245647733
1.1423973285781066 0.042201189647208884 0.02801126998417358 0.08403380995252074 0.10854367118867263
1.7135959928671598 0.1009879996797837 0.11554648868471602 0.15406198491295467 0.1400563499208679
2.284794657156213 0.23312010874986566 0.24509861236151884 0.17857184614910657 0.22058875112536694
2.8559933214452666 0.4223804658139858 0.5112056772111678 0.2801126998417358 0.2731098823456924
3.4271919857343196 0.4131662322665603 0.4271718672586471 0.22058875112536694 0.27661129109371413
3.998390650023373 0.2305401233565865 0.24159720361349715 0.23459438611745376 0.21358593362932354
4.569589314312426 0.10246227704737178 0.08753521870054244 0.22058875112536694 0.15756339366097638
5.140787978601479 0.05473254727170758 0.02801126998417358 0.1330535324248245 0.09803944494460753
5.711986642890533 0.050125430497994825 0.024509861236151884 0.08053240120449905 0.07352958370845565
