0.0 0.07352958370845565 0.06652676621241226 0.08403380995252074 0.07002817496043395
0.5711986642890533 0.08169953745383961 0.06127465309037971 0.10154085369262923 0.08228310557850989
1.1423973285781066 0.0852009462018613 0.05602253996834716 0.08403380995252074 0.11554648868471602
1.7135959928671598 0.12896855555213252 0.10329155806664007 0.12780141930279196 0.15581268928696554
2.284794657156213 0.21008452488130183 0.22233945549937778 0.18907607239317167 0.2188380467513561
2.8559933214452666 0.323880309192007 0.3956591885264518 0.2801126998417358 0.2958690392078335
3.4271919857343196 0.32563101356601787 0.4079141191445278 0.32738171794002874 0.24159720361349715
3.998390650023373 0.22117231925003722 0.21708734237734525 0.2188380467513561 0.22759156862141033
4.569589314312426 0.1365549411728462 0.09803944494460753 0.1400563499208679 0.17156902865306317
5.140787978601479 0.08111596932916931 0.05952394871636886 0.10679296681466177 0.07703099245647733
5.711986642890533 0.08286667370318017 0.06302535746439054 0.09103662744856413 0.09453803619658584
