0.0 0.1336371005494948 0.15756339366097638 0.12430001055477025 0.11904789743273772
0.5711986642890533 0.11146151181202403 0.11204507993669433 0.09628874057059668 0.1260507149287811
1.1423973285781066 0.07411315183312593 0.04376760935027122 0.09803944494460753 0.08053240120449905
1.7135959928671598 0.08286667370318017 0.04726901809829292 0.10679296681466177 0.09453803619658584
2.284794657156213 0.20191457113591788 0.18907607239317167 0.21008452488130183 0.20658311613328015
2.8559933214452666 0.3408037848074452 0.4096648235185386 0.3028718567038768 0.3098746741999202
3.4271919857343196 0.3489737385528292 0.4271718672586471 0.3098746741999202 0.3098746741999202
3.998390650023373 0.19257748114119336 0.17156902865306317 0.18557466364514996 0.22058875112536694
4.569589314312426 0.08111596932916931 0.036764791854227825 0.09278733182257498 0.11379578431070517
5.140787978601479 0.06944460683576367 0.04726901809829292 0.09103662744856413 0.07002817496043395
5.711986642890533 0.11379578431070517 0.10854367118867263 0.1330535324248245 0.09979014931861838
