0.0 0.08403380995252074 0.09278733182257498 0.08403380995252074 0.07528028808246649
0.5711986642890533 0.08286667370318017 0.06127465309037971 0.09628874057059668 0.09103662744856413
1.1423973285781066 0.06244178933972027 0.02976197435818443 0.08578451432653159 0.0717788793344448
1.7135959928671598 0.08403380995252074 0.054271835594336314 0.09803944494460753 0.09979014931861838
2.284794657156213 0.21416950175399382 0.19958029863723675 0.2118352292553127 0.23109297736943205
2.8559933214452666 0.39215777977843014 0.47969299847897257 0.34138735293211553 0.3553929879242023
3.4271919857343196 0.38748923478106784 0.48144370285298344 0.34138735293211553 0.33963664855810466
3.998390650023373 0.22642443237206977 0.21358593362932354 0.21533663800333439 0.25035072548355136
4.569589314312426 0.0852009462018613 0.04551831372428206 0.12079860180674858 0.08928592307455328
5.140787978601479 0.06419249371373112 0.024509861236151884 0.09453803619658584 0.07352958370845565
5.711986642890533 0.06769390246175282 0.0682774705864231 0.06127465309037971 0.07352958370845565
