0.0 0.15231128053894383 0.15756339366097638 0.17507043740108488 0.12430001055477025
0.5711986642890533 0.11963146555740799 0.12780141930279196 0.11554648868471602 0.11554648868471602
1.1423973285781066 0.0951216043212561 0.08053240120449905 0.10504226244065092 0.09979014931861838
1.7135959928671598 0.12780141930279196 0.11029437556268347 0.1365549411728462 0.1365549411728462
2.284794657156213 0.1803225505231174 0.18557466364514996 0.16631691553103062 0.18907607239317167
2.8559933214452666 0.27661129109371413 0.32913242231403955 0.24684931673552965 0.25385213423157305
3.4271919857343196 0.2567699748549245 0.2906169260858009 0.266107064849649 0.21358593362932354
3.998390650023373 0.19607888988921507 0.18557466364514996 0.19607888988921507 0.20658311613328015
4.569589314312426 0.11613005680938629 0.09103662744856413 0.10854367118867263 0.14880987179092214
5.140787978601479 0.1091272393133429 0.07703099245647733 0.10854367118867263 0.14180705429487875
5.711986642890533 0.12079860180674858 0.11554648868471602 0.1260507149287811 0.12079860180674858
