0.0 0.1126286480613646 0.1365549411728462 0.09979014931861838 0.10154085369262923
0.5711986642890533 0.07352958370845565 0.05602253996834716 0.08228310557850989 0.08228310557850989
1.1423973285781066 0.06302535746439054 0.036764791854227825 0.08578451432653159 0.06652676621241226
1.7135959928671598 0.08753521870054244 0.04201690497626037 0.12079860180674858 0.09979014931861838
2.284794657156213 0.23692865861613485 0.21358593362932354 0.24159720361349715 0.2556028386055839
2.8559933214452666 0.3962427566511221 0.49194792909704854 0.3378859441840938 0.35889439667222395
3.4271919857343196 0.3828206897837056 0.44467891099875556 0.3483901704281589 0.3553929879242023
3.998390650023373 0.19899673051256647 0.19607888988921507 0.1873253680191608 0.21358593362932354
4.569589314312426 0.07644742433180705 0.04026620060224952 0.09278733182257498 0.09628874057059668
5.140787978601479 0.05602253996834716 0.02801126998417358 0.08403380995252074 0.05602253996834716
5.711986642890533 0.06652676621241226 0.0647760618384014 0.07002817496043395 0.0647760618384014
