0.0 0.08345024182785046 0.08753521870054244 0.08578451432653159 0.07703099245647733
0.5711986642890533 0.06944460683576367 0.054271835594336314 0.07528028808246649 0.07878169683048819
1.1423973285781066 0.06244178933972027 0.03151267873219527 0.08053240120449905 0.07528028808246649
1.7135959928671598 0.10620939868999149 0.050770426846314616 0.13130282805081364 0.1365549411728462
2.284794657156213 0.22000518300069669 0.23459438611745376 0.208333820507291 0.21708734237734525
2.8559933214452666 0.389823507279749 0.49895074659309185 0.3343845354360721 0.336135239810083
3.4271919857343196 0.3734835997889811 0.4341746847546905 0.35189157917618064 0.3343845354360721
3.998390650023373 0.21533663800333439 0.21533663800333439 0.1978295942632259 0.2328436817434429
4.569589314312426 0.09162019557323442 0.05252113122032546 0.10679296681466177 0.11554648868471602
5.140787978601479 0.05894038059169857 0.03501408748021698 0.07528028808246649 0.06652676621241226
5.711986642890533 0.07994883307982877 0.05602253996834716 0.10329155806664007 0.08053240120449905
