0.0 0.1091272393133429 0.1470591674169113 0.09453803619658584 0.08578451432653159
0.5711986642890533 0.08578451432653159 0.08228310557850989 0.08403380995252074 0.09103662744856413
1.1423973285781066 0.0513539949709849 0.02275915686214103 0.07002817496043395 0.06127465309037971
1.7135959928671598 0.08053240120449905 0.03151267873219527 0.10329155806664007 0.10679296681466177
2.284794657156213 0.1978295942632259 0.16631691553103062 0.23109297736943205 0.19607888988921507
2.8559933214452666 0.3764014404123325 0.4831944072269943 0.33263383106206124 0.3133760829479419
3.4271919857343196 0.389823507279749 0.4604352503648532 0.3378859441840938 0.3711493272902999
3.998390650023373 0.2118352292553127 0.2048324117592693 0.19082677676718252 0.23984649923948628
4.569589314312426 0.09278733182257498 0.04376760935027122 0.10679296681466177 0.12780141930279196
5.140787978601479 0.06769390246175282 0.02801126998417358 0.09979014931861838 0.07528028808246649
5.711986642890533 0.08753521870054244 0.08053240120449905 0.09979014931861838 0.08228310557850989
