0.0 0.11321221618603489 0.1435577586688896 0.10329155806664007 0.09278733182257498
0.5711986642890533 0.09687230869526696 0.09979014931861838 0.09628874057059668 0.09453803619658584
1.1423973285781066 0.06594319808774197 0.03326338310620613 0.07878169683048819 0.08578451432653159
1.7135959928671598 0.10387512619131035 0.06127465309037971 0.11379578431070517 0.1365549411728462
2.284794657156213 0.19257748114119336 0.16281550678300893 0.20133100301124762 0.21358593362932354
2.8559933214452666 0.3513080110515103 0.4254211628846362 0.3221296048179962 0.3063732654518985
3.4271919857343196 0.3647300779189268 0.4586845459908424 0.30812396982590934 0.32738171794002874
3.998390650023373 0.20658311613328015 0.18557466364514996 0.1978295942632259 0.2363450904914646
4.569589314312426 0.08928592307455328 0.054271835594336314 0.1295521236768028 0.08403380995252074
5.140787978601479 0.06244178933972027 0.04026620060224952 0.08403380995252074 0.06302535746439054
5.711986642890533 0.10387512619131035 0.08578451432653159 0.11554648868471602 0.11029437556268347
