0.0 0.15873052991031697 0.1873253680191608 0.15406198491295467 0.13480423679883535
0.5711986642890533 0.14414132679355987 0.13480423679883535 0.1680676199050415 0.1295521236768028
1.1423973285781066 0.08403380995252074 0.06302535746439054 0.07878169683048819 0.11029437556268347
1.7135959928671598 0.09162019557323442 0.05602253996834716 0.11379578431070517 0.10504226244065092
2.284794657156213 0.16631691553103062 0.15756339366097638 0.15581268928696554 0.18557466364514996
2.8559933214452666 0.31571035544662307 0.35889439667222395 0.2958690392078335 0.29236763045981173
3.4271919857343196 0.32738171794002874 0.3991605972744735 0.29236763045981173 0.2906169260858009
3.998390650023373 0.1704018924037226 0.17682114177509572 0.17507043740108488 0.15931409803498722
4.569589314312426 0.10212442181729951 0.06652676621241226 0.10329155806664007 0.1365549411728462
5.140787978601479 0.07994883307982877 0.04201690497626037 0.09979014931861838 0.09803944494460753
5.711986642890533 0.11029437556268347 0.10854367118867263 0.11379578431070517 0.10854367118867263
