0.0 0.35343631832971956 0.37815214478634335 0.33263383106206124 0.2696084735976707
0.5711986642890533 0.3123462568455826 0.34138735293211553 0.3098746741999202 0.2328436817434429
1.1423973285781066 0.17218692431447877 0.19257748114119336 0.20308170738525846 0.1400563499208679
1.7135959928671598 0.1011289232516855 0.11729719305872688 0.15056057616493299 0.13480423679883535
2.284794657156213 0.1046303319997072 0.10154085369262923 0.09979014931861838 0.12430001055477025
2.8559933214452666 0.1244029931650062 0.09453803619658584 0.09278733182257498 0.12780141930279196
3.4271919857343196 0.09361119270446244 0.11204507993669433 0.07703099245647733 0.09628874057059668
3.998390650023373 0.046754105047113255 0.02976197435818443 0.06652676621241226 0.0682774705864231
4.569589314312426 0.06426114878722175 0.05777324434235801 0.08053240120449905 0.11029437556268347
5.140787978601479 0.12883124540515128 0.11729719305872688 0.11554648868471602 0.15931409803498722
5.711986642890533 0.24911493416072017 0.208333820507291 0.22233945549937778 0.2871155173377792
