0.0 0.006384921834627801 0.0 0.04201690497626037 0.008753521870054244
0.5711986642890533 0.006281939224391868 0.0 0.03151267873219527 0.03151267873219527
1.1423973285781066 0.027290391712522056 0.007002817496043395 0.06127465309037971 0.08053240120449905
1.7135959928671598 0.10226173196428075 0.07352958370845565 0.1365549411728462 0.17156902865306317
2.284794657156213 0.26693092573153643 0.2363450904914646 0.2118352292553127 0.30112115232986597
2.8559933214452666 0.48237054634510673 0.5514718778134173 0.34313805730612634 0.40441271039650606
3.4271919857343196 0.46506946782547015 0.5234606078292438 0.3483901704281589 0.3606451010462348
3.998390650023373 0.2696084735976707 0.29236763045981173 0.2731098823456924 0.25385213423157305
4.569589314312426 0.08897697524384549 0.054271835594336314 0.16456621115701978 0.10329155806664007
5.140787978601479 0.024303896015680018 0.012254930618075942 0.10329155806664007 0.01400563499208679
5.711986642890533 0.011225104515716618 0.0 0.03501408748021698 0.021008452488130186
