0.0 0.3333547093337128 0.39390848415244095 0.2591042473536056 0.26785776922365984
0.5711986642890533 0.23304964696391475 0.243347907987508 0.17507043740108488 0.243347907987508
1.1423973285781066 0.12368211489335466 0.12254930618075942 0.1260507149287811 0.17331973302707404
1.7135959928671598 0.07970854032261158 0.050770426846314616 0.10679296681466177 0.11904789743273772
2.284794657156213 0.06343728790533429 0.050770426846314616 0.07878169683048819 0.09103662744856413
2.8559933214452666 0.06137763570061564 0.054271835594336314 0.07352958370845565 0.08403380995252074
3.4271919857343196 0.08218012296827396 0.08753521870054244 0.09803944494460753 0.05602253996834716
3.998390650023373 0.09392014053517023 0.08403380995252074 0.13480423679883535 0.10679296681466177
4.569589314312426 0.14438161955077705 0.10329155806664007 0.22409015987338865 0.1365549411728462
5.140787978601479 0.23346157740485848 0.2258408642473995 0.22409015987338865 0.19607888988921507
5.711986642890533 0.3021509784322253 0.3343845354360721 0.25035072548355136 0.27661129109371413
