0.0 0.01843388723223188 0.008753521870054244 0.04376760935027122 0.02275915686214103
0.5711986642890533 0.020184591606242724 0.0052521131220325465 0.054271835594336314 0.03326338310620613
1.1423973285781066 0.04222287019673223 0.02275915686214103 0.08928592307455328 0.05252113122032546
1.7135959928671598 0.10545419288159466 0.07528028808246649 0.13830564554685706 0.1365549411728462
2.284794657156213 0.23583017744028492 0.26785776922365984 0.21008452488130183 0.2363450904914646
2.8559933214452666 0.39298164066031754 0.48144370285298344 0.2818634042157466 0.32563101356601787
3.4271919857343196 0.38258039702648844 0.4131662322665603 0.2556028386055839 0.39040707540441927
3.998390650023373 0.2944272826645304 0.3098746741999202 0.2818634042157466 0.23459438611745376
4.569589314312426 0.15488584579484216 0.10504226244065092 0.21358593362932354 0.15756339366097638
5.140787978601479 0.07198484455491666 0.04201690497626037 0.11729719305872688 0.11204507993669433
5.711986642890533 0.031718643952667144 0.019257748114119334 0.0647760618384014 0.04901972247230377
