0.0 0.30070922188892224 0.31862819606997445 0.2801126998417358 0.24684931673552965
0.5711986642890533 0.24643738629458592 0.2941183348338226 0.19082677676718252 0.17331973302707404
1.1423973285781066 0.13212668893270113 0.11554648868471602 0.16281550678300893 0.1470591674169113
1.7135959928671598 0.08393082734228481 0.06127465309037971 0.15931409803498722 0.12780141930279196
2.284794657156213 0.13768774988544147 0.11204507993669433 0.11554648868471602 0.1680676199050415
2.8559933214452666 0.21780822064899677 0.2836141085897575 0.11379578431070517 0.19257748114119336
3.4271919857343196 0.17723307221603946 0.18907607239317167 0.12079860180674858 0.19958029863723675
3.998390650023373 0.11606140173589567 0.09278733182257498 0.1260507149287811 0.16281550678300893
4.569589314312426 0.07044010540137767 0.04901972247230377 0.09979014931861838 0.09453803619658584
5.140787978601479 0.08990381873596888 0.04026620060224952 0.17331973302707404 0.09103662744856413
5.711986642890533 0.1783658809286347 0.1943281855152042 0.208333820507291 0.1470591674169113
