0.0 0.21801418586946864 0.23809579486547544 0.19257748114119336 0.15231128053894383
0.5711986642890533 0.11286894081858177 0.10854367118867263 0.14880987179092214 0.13130282805081364
1.1423973285781066 0.06209851397226716 0.04026620060224952 0.10329155806664007 0.09979014931861838
1.7135959928671598 0.08588749693676752 0.05952394871636886 0.1470591674169113 0.10679296681466177
2.284794657156213 0.1725988547554225 0.1365549411728462 0.19607888988921507 0.16981832427905233
2.8559933214452666 0.2267677077395229 0.26085495172761647 0.1803225505231174 0.1680676199050415
3.4271919857343196 0.20215486389313506 0.2328436817434429 0.16456621115701978 0.21358593362932354
3.998390650023373 0.12635966275948893 0.12254930618075942 0.15056057616493299 0.15231128053894383
4.569589314312426 0.12275527140123128 0.12254930618075942 0.12780141930279196 0.15931409803498722
5.140787978601479 0.1783658809286347 0.17156902865306317 0.13480423679883535 0.18907607239317167
5.711986642890533 0.24283299493632832 0.25735354297959473 0.2048324117592693 0.208333820507291
