0.0 0.3385038398455094 0.35889439667222395 0.2818634042157466 0.27836199546772494
0.5711986642890533 0.2064801335230442 0.2118352292553127 0.1978295942632259 0.17857184614910657
1.1423973285781066 0.10545419288159466 0.10329155806664007 0.15231128053894383 0.09278733182257498
1.7135959928671598 0.08310696646039735 0.09803944494460753 0.11029437556268347 0.10504226244065092
2.284794657156213 0.1199747409248611 0.11204507993669433 0.1295521236768028 0.13480423679883535
2.8559933214452666 0.15982901108616687 0.15056057616493299 0.13480423679883535 0.1470591674169113
3.4271919857343196 0.14922180223186587 0.12430001055477025 0.11379578431070517 0.14880987179092214
3.998390650023373 0.10236471457451668 0.10154085369262923 0.06652676621241226 0.12430001055477025
4.569589314312426 0.0749713402517587 0.08753521870054244 0.10679296681466177 0.13130282805081364
5.140787978601479 0.1371728368342618 0.12079860180674858 0.22058875112536694 0.1435577586688896
5.711986642890533 0.27362479539687207 0.2818634042157466 0.2363450904914646 0.266107064849649
