0.0 0.0060759740039200046 0.0 0.04201690497626037 0.0017507043740108488
0.5711986642890533 0.012872826279491534 0.0017507043740108488 0.050770426846314616 0.010504226244065093
1.1423973285781066 0.04088409626366511 0.02626056561016273 0.11554648868471602 0.02626056561016273
1.7135959928671598 0.11358981909023332 0.11729719305872688 0.17507043740108488 0.09628874057059668
2.284794657156213 0.2733158475661643 0.2976197435818443 0.2871155173377792 0.27836199546772494
2.8559933214452666 0.49544933784507017 0.5339648340733089 0.34313805730612634 0.45693384161683154
3.4271919857343196 0.47166035488056984 0.5007014509671027 0.29236763045981173 0.4849451116010051
3.998390650023373 0.24159720361349715 0.24159720361349715 0.21708734237734525 0.24684931673552965
4.569589314312426 0.07002817496043395 0.02801126998417358 0.11904789743273772 0.10504226244065092
5.140787978601479 0.018742835062939674 0.0035014087480216977 0.0717788793344448 0.03851549622823867
5.711986642890533 0.006487904444863734 0.0 0.036764791854227825 0.0052521131220325465
