0.0 0.030894783070779683 0.010504226244065093 0.07703099245647733 0.01750704374010849
0.5711986642890533 0.029144078696768834 0.019257748114119334 0.0647760618384014 0.012254930618075942
1.1423973285781066 0.04840182681088817 0.04201690497626037 0.08578451432653159 0.04376760935027122
1.7135959928671598 0.09742154928319194 0.07352958370845565 0.11204507993669433 0.10329155806664007
2.284794657156213 0.18258816794830793 0.19257748114119336 0.17507043740108488 0.18907607239317167
2.8559933214452666 0.2948392131054741 0.336135239810083 0.23984649923948628 0.2626056561016273
3.4271919857343196 0.3319129527904097 0.3343845354360721 0.25385213423157305 0.3851549622823867
3.998390650023373 0.3052404567393033 0.32563101356601787 0.2188380467513561 0.3746507360383216
4.569589314312426 0.23304964696391475 0.2293422729954212 0.20133100301124762 0.21008452488130183
5.140787978601479 0.13706985422402584 0.1470591674169113 0.1978295942632259 0.10504226244065092
5.711986642890533 0.06014184437778445 0.04026620060224952 0.12430001055477025 0.04726901809829292
