0.0 0.13017001933821842 0.10854367118867263 0.16281550678300893 0.09803944494460753
0.5711986642890533 0.15941708064522317 0.18382395927113912 0.19958029863723675 0.07703099245647733
1.1423973285781066 0.1745555243499052 0.17857184614910657 0.24159720361349715 0.1365549411728462
1.7135959928671598 0.1923715159207215 0.18557466364514996 0.17682114177509572 0.20308170738525846
2.284794657156213 0.23861070791665506 0.24684931673552965 0.19082677676718252 0.2591042473536056
2.8559933214452666 0.282893230318106 0.29236763045981173 0.2293422729954212 0.2556028386055839
3.4271919857343196 0.23181385564108353 0.2713591779716816 0.15581268928696554 0.19082677676718252
3.998390650023373 0.14252793256653026 0.1435577586688896 0.1400563499208679 0.21008452488130183
4.569589314312426 0.06580588794076073 0.02976197435818443 0.08403380995252074 0.12430001055477025
5.140787978601479 0.0551986790864597 0.036764791854227825 0.054271835594336314 0.09979014931861838
5.711986642890533 0.07733994028718515 0.07352958370845565 0.11554648868471602 0.09628874057059668
