0.0 0.2894841173732056 0.30812396982590934 0.19958029863723675 0.27661129109371413
0.5711986642890533 0.25601476904652765 0.2976197435818443 0.16631691553103062 0.23984649923948628
1.1423973285781066 0.15807830671215606 0.1400563499208679 0.15931409803498722 0.1943281855152042
1.7135959928671598 0.12285825401146722 0.1365549411728462 0.15756339366097638 0.12430001055477025
2.284794657156213 0.15375303708224689 0.17331973302707404 0.15056057616493299 0.12430001055477025
2.8559933214452666 0.17270183736565842 0.19958029863723675 0.13480423679883535 0.1400563499208679
3.4271919857343196 0.13954143686968826 0.13130282805081364 0.15581268928696554 0.15231128053894383
3.998390650023373 0.08588749693676752 0.07352958370845565 0.15231128053894383 0.09628874057059668
4.569589314312426 0.06755659231477157 0.02275915686214103 0.12430001055477025 0.07703099245647733
5.140787978601479 0.1017468189131011 0.07528028808246649 0.14880987179092214 0.12430001055477025
5.711986642890533 0.20308170738525846 0.19257748114119336 0.20133100301124762 0.20133100301124762
