0.0 0.5228427121678282 0.6179986440258296 0.3729000316643108 0.4149169366405711
0.5711986642890533 0.3184222308495026 0.30112115232986597 0.31862819606997445 0.29937044795585516
1.1423973285781066 0.08444574039346446 0.02626056561016273 0.15581268928696554 0.15756339366097638
1.7135959928671598 0.01750704374010849 0.0035014087480216977 0.05602253996834716 0.06127465309037971
2.284794657156213 0.019257748114119334 0.015756339366097636 0.03501408748021698 0.03501408748021698
2.8559933214452666 0.05591955735811123 0.04376760935027122 0.06302535746439054 0.04726901809829292
3.4271919857343196 0.0625104444132109 0.04901972247230377 0.050770426846314616 0.05777324434235801
3.998390650023373 0.05612552257858309 0.07528028808246649 0.05952394871636886 0.0717788793344448
4.569589314312426 0.06662974882264817 0.06127465309037971 0.10154085369262923 0.09628874057059668
5.140787978601479 0.1554007588460218 0.12430001055477025 0.20308170738525846 0.1978295942632259
5.711986642890533 0.39164286672725046 0.43242398038067964 0.3343845354360721 0.3116253785739311
