0.0 0.6044049394746865 0.6985310452303287 0.43067327600666877 0.451681728494799
0.5711986642890533 0.3585854488415162 0.3641465097942565 0.2713591779716816 0.3851549622823867
1.1423973285781066 0.11328087125952552 0.07703099245647733 0.14880987179092214 0.18907607239317167
1.7135959928671598 0.01997862638577086 0.021008452488130186 0.04901972247230377 0.06302535746439054
2.284794657156213 0.005149130511796614 0.0052521131220325465 0.024509861236151884 0.015756339366097636
2.8559933214452666 0.00030894783070779683 0.0 0.0035014087480216977 0.0017507043740108488
3.4271919857343196 0.00041193044094372914 0.0 0.0052521131220325465 0.0017507043740108488
3.998390650023373 0.004943165291324749 0.0 0.03151267873219527 0.01400563499208679
4.569589314312426 0.034911104869981044 0.008753521870054244 0.1330535324248245 0.0717788793344448
5.140787978601479 0.15890216759404352 0.11554648868471602 0.25735354297959473 0.1978295942632259
5.711986642890533 0.44982804151055217 0.4604352503648532 0.3956591885264518 0.35889439667222395
