0.0 0.5918410610259027 0.6652676621241225 0.4481803197467773 0.47093947660891833
0.5711986642890533 0.34066647466046396 0.36589721416826737 0.266107064849649 0.38340425790837585
1.1423973285781066 0.09340522748399058 0.06652676621241226 0.10854367118867263 0.15406198491295467
1.7135959928671598 0.02162634814954578 0.0052521131220325465 0.04726901809829292 0.07352958370845565
2.284794657156213 0.003295443527549833 0.0 0.010504226244065093 0.02275915686214103
2.8559933214452666 0.00010298261023593229 0.0 0.0 0.0
3.4271919857343196 0.002059652204718645 0.0052521131220325465 0.0035014087480216977 0.007002817496043395
3.998390650023373 0.008341591429110513 0.008753521870054244 0.019257748114119334 0.019257748114119334
4.569589314312426 0.04150199192508071 0.02626056561016273 0.10504226244065092 0.06302535746439054
5.140787978601479 0.19144467242859808 0.14180705429487875 0.30812396982590934 0.22058875112536694
5.711986642890533 0.45641892856565186 0.4656873634868858 0.4341746847546905 0.336135239810083
