0.0 0.44921014584913666 0.45343243286880985 0.3764014404123325 0.3098746741999202
0.5711986642890533 0.3486991182588667 0.3746507360383216 0.3221296048179962 0.36764791854227824
1.1423973285781066 0.20287574216478657 0.17857184614910657 0.2258408642473995 0.22058875112536694
1.7135959928671598 0.11688526261778312 0.07703099245647733 0.1435577586688896 0.13480423679883535
2.284794657156213 0.09072767961785634 0.12430001055477025 0.10504226244065092 0.10154085369262923
2.8559933214452666 0.08877101002337362 0.11729719305872688 0.07002817496043395 0.07528028808246649
3.4271919857343196 0.06642378360217632 0.03851549622823867 0.05602253996834716 0.08053240120449905
3.998390650023373 0.02224424381096137 0.010504226244065093 0.03151267873219527 0.02801126998417358
4.569589314312426 0.014108617602322722 0.0052521131220325465 0.04376760935027122 0.0647760618384014
5.140787978601479 0.08012047076355532 0.0682774705864231 0.13130282805081364 0.12254930618075942
5.711986642890533 0.27063829970003 0.3028718567038768 0.24509861236151884 0.24509861236151884
