0.0 0.6152181135494594 0.6792732971162093 0.49895074659309185 0.46393665911287496
0.5711986642890533 0.46352472867193123 0.47794229410496175 0.40441271039650606 0.37990284916035416
1.1423973285781066 0.16291848939324485 0.1470591674169113 0.24159720361349715 0.18207325489712825
1.7135959928671598 0.03151267873219527 0.010504226244065093 0.08228310557850989 0.0647760618384014
2.284794657156213 0.004016321799201359 0.0017507043740108488 0.03151267873219527 0.015756339366097636
2.8559933214452666 0.00041193044094372914 0.0 0.0017507043740108488 0.0
3.4271919857343196 0.0009268434921233904 0.0 0.0017507043740108488 0.0035014087480216977
3.998390650023373 0.004016321799201359 0.0 0.012254930618075942 0.015756339366097636
4.569589314312426 0.018227922011760014 0.0052521131220325465 0.02976197435818443 0.03501408748021698
5.140787978601479 0.10390945372805567 0.07878169683048819 0.12079860180674858 0.21533663800333439
5.711986642890533 0.34602157039273246 0.35014087480216977 0.32563101356601787 0.3746507360383216
