0.0 0.5959603654353401 0.6460099140100032 0.44642961537276643 0.47093947660891833
0.5711986642890533 0.4316001194987922 0.4254211628846362 0.40616341477051693 0.37815214478634335
1.1423973285781066 0.14448460216101297 0.11554648868471602 0.2521014298575622 0.1610648024089981
1.7135959928671598 0.05612552257858309 0.03851549622823867 0.11029437556268347 0.07528028808246649
2.284794657156213 0.045003400673102406 0.04026620060224952 0.04201690497626037 0.050770426846314616
2.8559933214452666 0.030585835240071885 0.04376760935027122 0.01400563499208679 0.03151267873219527
3.4271919857343196 0.0159623045865695 0.01750704374010849 0.021008452488130186 0.012254930618075942
3.998390650023373 0.011740017566896278 0.0035014087480216977 0.02976197435818443 0.02801126998417358
4.569589314312426 0.01750704374010849 0.007002817496043395 0.04376760935027122 0.04726901809829292
5.140787978601479 0.08176819252733022 0.0647760618384014 0.12780141930279196 0.15406198491295467
5.711986642890533 0.3199669700030416 0.3483901704281589 0.25735354297959473 0.34138735293211553
