0.0 0.5344797471244885 0.6179986440258296 0.38165355353436503 0.4376760935027122
0.5711986642890533 0.4140930757586837 0.4271718672586471 0.416667641014582 0.33263383106206124
1.1423973285781066 0.20019819429865235 0.17156902865306317 0.2328436817434429 0.17331973302707404
1.7135959928671598 0.0618925487517953 0.04726901809829292 0.14530846304290046 0.09453803619658584
2.284794657156213 0.01699213068892883 0.01750704374010849 0.036764791854227825 0.03851549622823867
2.8559933214452666 0.004634217460616952 0.0052521131220325465 0.008753521870054244 0.0035014087480216977
3.4271919857343196 0.002059652204718645 0.0 0.0017507043740108488 0.007002817496043395
3.998390650023373 0.0073117653267511925 0.0017507043740108488 0.0052521131220325465 0.02801126998417358
4.569589314312426 0.028938113476296972 0.010504226244065093 0.050770426846314616 0.09453803619658584
5.140787978601479 0.1272865062516123 0.09979014931861838 0.17507043740108488 0.20308170738525846
5.711986642890533 0.352818422668304 0.35189157917618064 0.2958690392078335 0.3378859441840938
