0.0 0.4777363288844898 0.532214129699298 0.35714369229821313 0.2958690392078335
0.5711986642890533 0.33325172672347686 0.3221296048179962 0.3028718567038768 0.35364228355019145
1.1423973285781066 0.1435577586688896 0.1610648024089981 0.16981832427905233 0.21358593362932354
1.7135959928671598 0.042119887586496305 0.04026620060224952 0.06302535746439054 0.11379578431070517
2.284794657156213 0.015447391535389841 0.0035014087480216977 0.01750704374010849 0.036764791854227825
2.8559933214452666 0.009165452310997971 0.0017507043740108488 0.01400563499208679 0.03326338310620613
3.4271919857343196 0.012563878448783736 0.0035014087480216977 0.03326338310620613 0.03851549622823867
3.998390650023373 0.034602157039273246 0.02801126998417358 0.07528028808246649 0.05777324434235801
4.569589314312426 0.08526960127535192 0.06302535746439054 0.16631691553103062 0.10504226244065092
5.140787978601479 0.2060682030821005 0.19958029863723675 0.2293422729954212 0.1943281855152042
5.711986642890533 0.39092198845559895 0.3956591885264518 0.3221296048179962 0.30812396982590934
