0.0 0.5288970056222247 0.5462197646913848 0.35014087480216977 0.416667641014582
0.5711986642890533 0.3759407287349612 0.39215777977843014 0.2801126998417358 0.3116253785739311
1.1423973285781066 0.15406198491295467 0.12254930618075942 0.1610648024089981 0.18207325489712825
1.7135959928671598 0.053073985233170994 0.01400563499208679 0.09803944494460753 0.1400563499208679
2.284794657156213 0.020087029133387634 0.01400563499208679 0.07002817496043395 0.05602253996834716
2.8559933214452666 0.008661379534579988 0.0035014087480216977 0.03851549622823867 0.01750704374010849
3.4271919857343196 0.007002817496043395 0.0035014087480216977 0.03501408748021698 0.01400563499208679
3.998390650023373 0.014927058346829341 0.010504226244065093 0.07352958370845565 0.05602253996834716
4.569589314312426 0.04717687576281866 0.07002817496043395 0.10154085369262923 0.07703099245647733
5.140787978601479 0.15664197030623384 0.15056057616493299 0.18907607239317167 0.1680676199050415
5.711986642890533 0.38423353892764417 0.4236704585106254 0.35364228355019145 0.3116253785739311
