0.0 0.68166899783854 0.6407578008879706 0.4411775022507339 0.4901972247230377
0.5711986642890533 0.4006348746420616 0.4271718672586471 0.3956591885264518 0.3466394660541481
1.1423973285781066 0.10338370040211434 0.08053240120449905 0.22409015987338865 0.1435577586688896
1.7135959928671598 0.020639883146233166 0.01750704374010849 0.09103662744856413 0.07703099245647733
2.284794657156213 0.005159970786558291 0.0 0.021008452488130186 0.03151267873219527
2.8559933214452666 0.003869978089918718 0.010504226244065093 0.007002817496043395 0.021008452488130186
3.4271919857343196 0.002764270064227656 0.0035014087480216977 0.01750704374010849 0.0035014087480216977
3.998390650023373 0.007555671508888926 0.0035014087480216977 0.021008452488130186 0.05602253996834716
4.569589314312426 0.01879703643674806 0.010504226244065093 0.04551831372428206 0.08403380995252074
5.140787978601479 0.11149222592384879 0.11554648868471602 0.17857184614910657 0.19958029863723675
5.711986642890533 0.3947377651717093 0.4411775022507339 0.30812396982590934 0.2976197435818443
