0.0 0.6663733701498136 0.7177887933444479 0.451681728494799 0.4586845459908424
0.5711986642890533 0.41537764831794244 0.40616341477051693 0.36764791854227824 0.35364228355019145
1.1423973285781066 0.11425649598807644 0.09103662744856413 0.18207325489712825 0.21008452488130183
1.7135959928671598 0.021929875842872735 0.021008452488130186 0.07703099245647733 0.08053240120449905
2.284794657156213 0.007002817496043395 0.007002817496043395 0.04201690497626037 0.02801126998417358
2.8559933214452666 0.0025799853932791457 0.0 0.010504226244065093 0.021008452488130186
3.4271919857343196 0.003317124077073187 0.0035014087480216977 0.01750704374010849 0.01750704374010849
3.998390650023373 0.005159970786558291 0.0 0.021008452488130186 0.024509861236151884
4.569589314312426 0.021745591171924226 0.021008452488130186 0.11554648868471602 0.08053240120449905
5.140787978601479 0.09785516027365901 0.05952394871636886 0.19257748114119336 0.09453803619658584
5.711986642890533 0.39510633451360627 0.4236704585106254 0.2731098823456924 0.38165355353436503
