0.0 0.656053428576697 0.6617662533761008 0.4586845459908424 0.37815214478634335
0.5711986642890533 0.3862606703080778 0.4236704585106254 0.31862819606997445 0.35364228355019145
1.1423973285781066 0.10319941573116581 0.10504226244065092 0.17156902865306317 0.15756339366097638
1.7135959928671598 0.021561306500975715 0.010504226244065093 0.07703099245647733 0.05952394871636886
2.284794657156213 0.006634248154146374 0.0 0.05602253996834716 0.03151267873219527
2.8559933214452666 0.004054262760867229 0.0 0.02801126998417358 0.02801126998417358
3.4271919857343196 0.0029485547351761664 0.0 0.01750704374010849 0.01750704374010849
3.998390650023373 0.0053442554575068016 0.0 0.007002817496043395 0.02801126998417358
4.569589314312426 0.02727413130037954 0.01750704374010849 0.10854367118867263 0.08403380995252074
5.140787978601479 0.11001794855626071 0.08403380995252074 0.20308170738525846 0.18207325489712825
5.711986642890533 0.4273561519295956 0.4481803197467773 0.30462256107788765 0.43067327600666877
