0.0 0.5233684654937695 0.5777324434235801 0.3221296048179962 0.3466394660541481
0.5711986642890533 0.3750193053802186 0.4271718672586471 0.2836141085897575 0.2696084735976707
1.1423973285781066 0.16548763451176232 0.1400563499208679 0.22759156862141033 0.24509861236151884
1.7135959928671598 0.04312261300195143 0.02801126998417358 0.1365549411728462 0.10854367118867263
2.284794657156213 0.018059897752954017 0.007002817496043395 0.06302535746439054 0.05952394871636886
2.8559933214452666 0.007924240850785946 0.0035014087480216977 0.05252113122032546 0.03851549622823867
3.4271919857343196 0.007739956179837436 0.0035014087480216977 0.03151267873219527 0.04551831372428206
3.998390650023373 0.015848481701571892 0.0035014087480216977 0.07352958370845565 0.03851549622823867
4.569589314312426 0.04533402905333356 0.03501408748021698 0.1330535324248245 0.08753521870054244
5.140787978601479 0.16548763451176232 0.17507043740108488 0.15056057616493299 0.19958029863723675
5.711986642890533 0.3833121155729016 0.35014087480216977 0.27661129109371413 0.3116253785739311
