0.0 0.6857232605994072 0.7037831583523613 0.4376760935027122 0.4621859547388641
0.5711986642890533 0.4144562249631999 0.44467891099875556 0.3606451010462348 0.33963664855810466
1.1423973285781066 0.10393655441495986 0.08403380995252074 0.15056057616493299 0.19958029863723675
1.7135959928671598 0.01787561308200551 0.01400563499208679 0.05952394871636886 0.06652676621241226
2.284794657156213 0.004238547431815739 0.0 0.024509861236151884 0.02801126998417358
2.8559933214452666 0.0012899926966395729 0.0 0.01400563499208679 0.0
3.4271919857343196 0.002764270064227656 0.0035014087480216977 0.0035014087480216977 0.01400563499208679
3.998390650023373 0.006081394141300843 0.007002817496043395 0.024509861236151884 0.02801126998417358
4.569589314312426 0.01971845979149061 0.0035014087480216977 0.10854367118867263 0.08053240120449905
5.140787978601479 0.10154085369262923 0.06652676621241226 0.21708734237734525 0.19958029863723675
5.711986642890533 0.3930792031331727 0.4236704585106254 0.35014087480216977 0.33263383106206124
