0.0 0.6671105088336076 0.7177887933444479 0.3956591885264518 0.4691887722349075
0.5711986642890533 0.41703621035647903 0.4411775022507339 0.3886563710304084 0.31862819606997445
1.1423973285781066 0.11757362006514964 0.09453803619658584 0.20658311613328015 0.19958029863723675
1.7135959928671598 0.019902744462439125 0.010504226244065093 0.09103662744856413 0.06302535746439054
2.284794657156213 0.007371386837940416 0.0035014087480216977 0.05252113122032546 0.02801126998417358
2.8559933214452666 0.0025799853932791457 0.0 0.01400563499208679 0.02801126998417358
3.4271919857343196 0.0020271313804336145 0.0 0.0035014087480216977 0.01400563499208679
3.998390650023373 0.003317124077073187 0.0035014087480216977 0.01750704374010849 0.021008452488130186
4.569589314312426 0.015848481701571892 0.007002817496043395 0.04551831372428206 0.07703099245647733
5.140787978601479 0.09822372961555603 0.08053240120449905 0.15056057616493299 0.20658311613328015
5.711986642890533 0.39971345128731905 0.39215777977843014 0.3851549622823867 0.32563101356601787
