0.0 0.6492348957516022 0.7072845671003829 0.4271718672586471 0.45518313724282067
0.5711986642890533 0.39510633451360627 0.3956591885264518 0.36764791854227824 0.3711493272902999
1.1423973285781066 0.10928080987246666 0.10154085369262923 0.18557466364514996 0.18557466364514996
1.7135959928671598 0.0230355838685638 0.03151267873219527 0.05952394871636886 0.06302535746439054
2.284794657156213 0.005712824799403822 0.0035014087480216977 0.01750704374010849 0.04551831372428206
2.8559933214452666 0.0016585620385365935 0.0 0.010504226244065093 0.010504226244065093
3.4271919857343196 0.0035014087480216977 0.0 0.03501408748021698 0.0035014087480216977
3.998390650023373 0.010504226244065093 0.007002817496043395 0.03501408748021698 0.04551831372428206
4.569589314312426 0.025246999919945924 0.021008452488130186 0.08053240120449905 0.07703099245647733
5.140787978601479 0.11960075144558323 0.09803944494460753 0.16456621115701978 0.18207325489712825
5.711986642890533 0.40782197680905347 0.3851549622823867 0.36764791854227824 0.3116253785739311
