0.0 0.6932789321082962 0.7668085158167517 0.451681728494799 0.47969299847897257
0.5711986642890533 0.4041362833900833 0.38165355353436503 0.36764791854227824 0.34313805730612634
1.1423973285781066 0.10430512375685688 0.09453803619658584 0.20658311613328015 0.22058875112536694
1.7135959928671598 0.01750704374010849 0.01750704374010849 0.10854367118867263 0.06302535746439054
2.284794657156213 0.004054262760867229 0.0 0.024509861236151884 0.03501408748021698
2.8559933214452666 0.0012899926966395729 0.0 0.007002817496043395 0.010504226244065093
3.4271919857343196 0.0031328394061246765 0.0 0.01400563499208679 0.03851549622823867
3.998390650023373 0.0035014087480216977 0.0035014087480216977 0.024509861236151884 0.01750704374010849
4.569589314312426 0.016954189727262956 0.0035014087480216977 0.07002817496043395 0.06652676621241226
5.140787978601479 0.10117228435073221 0.08753521870054244 0.1400563499208679 0.18907607239317167
5.711986642890533 0.40137201332585565 0.3956591885264518 0.336135239810083 0.2871155173377792
