0.0 0.6783518737614668 0.7142873845964263 0.45518313724282067 0.39215777977843014
0.5711986642890533 0.41279766292466324 0.36764791854227824 0.34313805730612634 0.38165355353436503
1.1423973285781066 0.09767087560271051 0.08753521870054244 0.16456621115701978 0.21358593362932354
1.7135959928671598 0.016585620385365936 0.01400563499208679 0.05602253996834716 0.07002817496043395
2.284794657156213 0.004607116773712759 0.0 0.02801126998417358 0.03851549622823867
2.8559933214452666 0.000921423354742552 0.0 0.0035014087480216977 0.010504226244065093
3.4271919857343196 0.0014742773675880832 0.0 0.007002817496043395 0.010504226244065093
3.998390650023373 0.004607116773712759 0.0 0.024509861236151884 0.024509861236151884
4.569589314312426 0.021008452488130186 0.021008452488130186 0.09103662744856413 0.07703099245647733
5.140787978601479 0.11001794855626071 0.11204507993669433 0.19607888988921507 0.19607888988921507
5.711986642890533 0.40266200602249524 0.4341746847546905 0.38165355353436503 0.336135239810083
