0.0 0.6160534169435953 0.6915282277342852 0.5217099034552329 0.45343243286880985
0.5711986642890533 0.39040707540441927 0.4114155278925494 0.3116253785739311 0.3956591885264518
1.1423973285781066 0.11535196597649258 0.08928592307455328 0.17331973302707404 0.17682114177509572
1.7135959928671598 0.02645508831838616 0.012254930618075942 0.05952394871636886 0.05602253996834716
2.284794657156213 0.006224726663149684 0.0035014087480216977 0.01750704374010849 0.024509861236151884
2.8559933214452666 0.0027233179151279867 0.0017507043740108488 0.010504226244065093 0.008753521870054244
3.4271919857343196 0.003695931456245125 0.0035014087480216977 0.01400563499208679 0.007002817496043395
3.998390650023373 0.011087794368735375 0.0 0.02626056561016273 0.021008452488130186
4.569589314312426 0.034625042063770116 0.02976197435818443 0.05777324434235801 0.06652676621241226
5.140787978601479 0.13850016825508046 0.10154085369262923 0.19607888988921507 0.19958029863723675
5.711986642890533 0.4055798466458466 0.40616341477051693 0.3623958054202457 0.34138735293211553
