0.0 0.5989354186199336 0.6442592096359924 0.4254211628846362 0.46743806786089664
0.5711986642890533 0.4149169366405711 0.4254211628846362 0.4341746847546905 0.3764014404123325
1.1423973285781066 0.15172771241427357 0.16281550678300893 0.208333820507291 0.15931409803498722
1.7135959928671598 0.04046072331047295 0.02275915686214103 0.07528028808246649 0.07528028808246649
2.284794657156213 0.009726135411171382 0.0 0.021008452488130186 0.015756339366097636
2.8559933214452666 0.003695931456245125 0.0 0.010504226244065093 0.010504226244065093
3.4271919857343196 0.002917840623351415 0.0 0.01400563499208679 0.0052521131220325465
3.998390650023373 0.008948044578277671 0.0017507043740108488 0.021008452488130186 0.021008452488130186
4.569589314312426 0.029956497066407857 0.021008452488130186 0.07878169683048819 0.04901972247230377
5.140787978601479 0.11223960264491774 0.09628874057059668 0.1435577586688896 0.1803225505231174
5.711986642890533 0.3771795312452262 0.3764014404123325 0.31862819606997445 0.39040707540441927
