0.0 0.49739456492730444 0.5654775128055042 0.416667641014582 0.3343845354360721
0.5711986642890533 0.3124034694068248 0.3606451010462348 0.27486058671970326 0.2958690392078335
1.1423973285781066 0.11690814764228002 0.08928592307455328 0.1680676199050415 0.16456621115701978
1.7135959928671598 0.05329922205321917 0.036764791854227825 0.06127465309037971 0.09979014931861838
2.284794657156213 0.07761456058114763 0.08053240120449905 0.09103662744856413 0.07703099245647733
2.8559933214452666 0.11087794368735376 0.12254930618075942 0.09628874057059668 0.09453803619658584
3.4271919857343196 0.08131049203739274 0.08053240120449905 0.07703099245647733 0.05252113122032546
3.998390650023373 0.04162785955981351 0.03501408748021698 0.06302535746439054 0.06302535746439054
4.569589314312426 0.0352086101884404 0.01400563499208679 0.07528028808246649 0.08928592307455328
5.140787978601479 0.10115180827618236 0.08053240120449905 0.14880987179092214 0.17682114177509572
5.711986642890533 0.3229076956508899 0.28536481296376837 0.27836199546772494 0.3028718567038768
