0.0 0.5857078744607406 0.6512620271320357 0.44292820662474475 0.47969299847897257
0.5711986642890533 0.3886563710304084 0.38340425790837585 0.3308831266880504 0.36589721416826737
1.1423973285781066 0.13324805513304794 0.12254930618075942 0.16981832427905233 0.17331973302707404
1.7135959928671598 0.045712836432505496 0.02801126998417358 0.09103662744856413 0.07703099245647733
2.284794657156213 0.01750704374010849 0.008753521870054244 0.04201690497626037 0.019257748114119334
2.8559933214452666 0.00992065811939481 0.0035014087480216977 0.021008452488130186 0.008753521870054244
3.4271919857343196 0.012254930618075942 0.0017507043740108488 0.021008452488130186 0.01750704374010849
3.998390650023373 0.021981066029247324 0.024509861236151884 0.02976197435818443 0.02626056561016273
4.569589314312426 0.04065524601869637 0.03501408748021698 0.06652676621241226 0.05777324434235801
5.140787978601479 0.11807528389162057 0.09979014931861838 0.1873253680191608 0.15581268928696554
5.711986642890533 0.37698500853700273 0.39215777977843014 0.3483901704281589 0.36939862291628905
