0.0 0.6353111650577147 0.740547950206589 0.416667641014582 0.486695815975016
0.5711986642890533 0.3927413479031004 0.3869056666563976 0.40616341477051693 0.37815214478634335
1.1423973285781066 0.11515744326826917 0.07528028808246649 0.20308170738525846 0.17507043740108488
1.7135959928671598 0.01984131623878962 0.0 0.06652676621241226 0.04551831372428206
2.284794657156213 0.0025287952069045594 0.0 0.010504226244065093 0.0035014087480216977
2.8559933214452666 0.001556181665787421 0.0 0.0052521131220325465 0.0052521131220325465
3.4271919857343196 0.001556181665787421 0.0 0.0035014087480216977 0.008753521870054244
3.998390650023373 0.005057590413809119 0.0017507043740108488 0.012254930618075942 0.019257748114119334
4.569589314312426 0.027622224567726728 0.007002817496043395 0.04901972247230377 0.06302535746439054
5.140787978601479 0.12838498742746224 0.09453803619658584 0.17857184614910657 0.17682114177509572
5.711986642890533 0.42094714059549737 0.44467891099875556 0.3991605972744735 0.3886563710304084
