0.0 0.6388125738057363 0.7475507677026324 0.45693384161683154 0.4936986334710593
0.5711986642890533 0.42561568559285967 0.4009113016484844 0.416667641014582 0.43067327600666877
1.1423973285781066 0.11865885201629087 0.08753521870054244 0.13830564554685706 0.1873253680191608
1.7135959928671598 0.02548247477726902 0.012254930618075942 0.06302535746439054 0.05952394871636886
2.284794657156213 0.006419249371373112 0.0 0.021008452488130186 0.01400563499208679
2.8559933214452666 0.002139749790457704 0.0 0.007002817496043395 0.0052521131220325465
3.4271919857343196 0.0013616589575639933 0.0035014087480216977 0.007002817496043395 0.0017507043740108488
3.998390650023373 0.004863067705585691 0.0 0.01750704374010849 0.01400563499208679
4.569589314312426 0.020424884363459902 0.0035014087480216977 0.06652676621241226 0.04201690497626037
5.140787978601479 0.10523678514887434 0.07878169683048819 0.17682114177509572 0.14530846304290046
5.711986642890533 0.4016893924813781 0.416667641014582 0.37990284916035416 0.35714369229821313
