0.0 0.4660764089033327 0.4936986334710593 0.3378859441840938 0.42191975413661453
0.5711986642890533 0.3647300779189268 0.4271718672586471 0.34313805730612634 0.29937044795585516
1.1423973285781066 0.16670596094747747 0.16281550678300893 0.17857184614910657 0.21358593362932354
1.7135959928671598 0.05466088101078316 0.04026620060224952 0.08753521870054244 0.08228310557850989
2.284794657156213 0.017312521031885058 0.0035014087480216977 0.03851549622823867 0.03151267873219527
2.8559933214452666 0.008169953745383962 0.0017507043740108488 0.012254930618075942 0.021008452488130186
3.4271919857343196 0.009531612702947953 0.0035014087480216977 0.012254930618075942 0.02801126998417358
3.998390650023373 0.024509861236151884 0.015756339366097636 0.04726901809829292 0.04201690497626037
4.569589314312426 0.07138983391799794 0.04376760935027122 0.14180705429487875 0.07703099245647733
5.140787978601479 0.19374461739053392 0.19257748114119336 0.2293422729954212 0.1873253680191608
5.711986642890533 0.3738726452054279 0.36589721416826737 0.3221296048179962 0.3466394660541481
