0.0 0.5339648340733089 0.5724803303015475 0.39215777977843014 0.4149169366405711
0.5711986642890533 0.3271871952318053 0.31687749169596363 0.3203789004439853 0.3098746741999202
1.1423973285781066 0.10465321702420406 0.0682774705864231 0.18207325489712825 0.14880987179092214
1.7135959928671598 0.03443051935554669 0.02275915686214103 0.0647760618384014 0.07528028808246649
2.284794657156213 0.03248529227331241 0.02976197435818443 0.02976197435818443 0.036764791854227825
2.8559933214452666 0.048047108931186626 0.050770426846314616 0.04901972247230377 0.03151267873219527
3.4271919857343196 0.06321988017261397 0.08403380995252074 0.07528028808246649 0.04551831372428206
3.998390650023373 0.06127465309037971 0.06127465309037971 0.06302535746439054 0.050770426846314616
4.569589314312426 0.07080626579332766 0.05777324434235801 0.09803944494460753 0.10154085369262923
5.140787978601479 0.1266342830534514 0.08753521870054244 0.16981832427905233 0.1873253680191608
5.711986642890533 0.34800112501171204 0.3991605972744735 0.3063732654518985 0.3483901704281589
