0.0 0.41511145934879456 0.45693384161683154 0.29937044795585516 0.3483901704281589
0.5711986642890533 0.2779729500512781 0.28536481296376837 0.23984649923948628 0.2713591779716816
1.1423973285781066 0.11943694284918457 0.09803944494460753 0.16281550678300893 0.15931409803498722
1.7135959928671598 0.055244449135453455 0.02976197435818443 0.09453803619658584 0.09628874057059668
2.284794657156213 0.05835681246702829 0.054271835594336314 0.08053240120449905 0.07352958370845565
2.8559933214452666 0.0852009462018613 0.07352958370845565 0.08053240120449905 0.10854367118867263
3.4271919857343196 0.09842849036105439 0.09979014931861838 0.08753521870054244 0.08403380995252074
3.998390650023373 0.0774200378729242 0.09628874057059668 0.08578451432653159 0.0717788793344448
4.569589314312426 0.08131049203739274 0.04901972247230377 0.11904789743273772 0.11379578431070517
5.140787978601479 0.15581268928696554 0.17331973302707404 0.20658311613328015 0.14880987179092214
5.711986642890533 0.3264091043989116 0.3343845354360721 0.2941183348338226 0.27486058671970326
