0.0 0.6337549833919273 0.7002817496043395 0.5024521553411135 0.486695815975016
0.5711986642890533 0.3900180299879724 0.4411775022507339 0.35364228355019145 0.3378859441840938
1.1423973285781066 0.1287740328439091 0.09803944494460753 0.1680676199050415 0.17682114177509572
1.7135959928671598 0.0330688603979827 0.024509861236151884 0.0647760618384014 0.0647760618384014
2.284794657156213 0.007002817496043395 0.0017507043740108488 0.021008452488130186 0.024509861236151884
2.8559933214452666 0.0013616589575639933 0.0 0.0017507043740108488 0.0052521131220325465
3.4271919857343196 0.0013616589575639933 0.0 0.0017507043740108488 0.007002817496043395
3.998390650023373 0.009726135411171382 0.0017507043740108488 0.03151267873219527 0.02801126998417358
4.569589314312426 0.030734587899301568 0.015756339366097636 0.07352958370845565 0.05777324434235801
5.140787978601479 0.12099312451497199 0.08403380995252074 0.15756339366097638 0.18382395927113912
5.711986642890533 0.39390848415244095 0.38340425790837585 0.3746507360383216 0.37815214478634335
