0.0 0.6965858181480944 0.7563042895726867 0.5427183559433632 0.5234606078292438
0.5711986642890533 0.36083962375445827 0.35189157917618064 0.4079141191445278 0.3378859441840938
1.1423973285781066 0.0717788793344448 0.054271835594336314 0.14530846304290046 0.10154085369262923
1.7135959928671598 0.019063225405895907 0.01750704374010849 0.04026620060224952 0.04551831372428206
2.284794657156213 0.031318156023971845 0.050770426846314616 0.03151267873219527 0.03151267873219527
2.8559933214452666 0.07975431037160534 0.08053240120449905 0.06652676621241226 0.08053240120449905
3.4271919857343196 0.07314053829200878 0.05777324434235801 0.04901972247230377 0.06652676621241226
3.998390650023373 0.019257748114119334 0.01750704374010849 0.02801126998417358 0.04551831372428206
4.569589314312426 0.01147683978518223 0.0017507043740108488 0.02976197435818443 0.036764791854227825
5.140787978601479 0.06185822121504999 0.02626056561016273 0.12254930618075942 0.13130282805081364
5.711986642890533 0.32563101356601787 0.336135239810083 0.2871155173377792 0.35014087480216977
