0.0 0.6555415267129512 0.7160380889704371 0.5304634253252871 0.49194792909704854
0.5711986642890533 0.38457139415771646 0.36939862291628905 0.40441271039650606 0.33963664855810466
1.1423973285781066 0.12643976034522794 0.09453803619658584 0.16456621115701978 0.20308170738525846
1.7135959928671598 0.027038656443056443 0.024509861236151884 0.04551831372428206 0.06302535746439054
2.284794657156213 0.007586385620713678 0.0017507043740108488 0.021008452488130186 0.01400563499208679
2.8559933214452666 0.002139749790457704 0.0 0.007002817496043395 0.0035014087480216977
3.4271919857343196 0.0005835681246702829 0.0 0.0035014087480216977 0.0
3.998390650023373 0.002917840623351415 0.0 0.010504226244065093 0.012254930618075942
4.569589314312426 0.021786543321023893 0.008753521870054244 0.05952394871636886 0.04376760935027122
5.140787978601479 0.11574101139293944 0.09803944494460753 0.1610648024089981 0.17682114177509572
5.711986642890533 0.4063579374787403 0.4376760935027122 0.34313805730612634 0.40266200602249524
