0.0 0.7175942706362246 0.7965704901749362 0.5357155384473197 0.5812338521716018
0.5711986642890533 0.34527780709658407 0.3623958054202457 0.36939862291628905 0.323880309192007
1.1423973285781066 0.06847199329464652 0.03326338310620613 0.1295521236768028 0.14530846304290046
1.7135959928671598 0.01147683978518223 0.0017507043740108488 0.024509861236151884 0.03501408748021698
2.284794657156213 0.017312521031885058 0.012254930618075942 0.03851549622823867 0.02626056561016273
2.8559933214452666 0.05718967621768772 0.05602253996834716 0.04551831372428206 0.054271835594336314
3.4271919857343196 0.06711033433708254 0.07002817496043395 0.05952394871636886 0.05602253996834716
3.998390650023373 0.029956497066407857 0.02801126998417358 0.03501408748021698 0.036764791854227825
4.569589314312426 0.0239262931114816 0.02275915686214103 0.04901972247230377 0.02801126998417358
5.140787978601479 0.06808294787819967 0.04201690497626037 0.12780141930279196 0.1330535324248245
5.711986642890533 0.3443051935554669 0.32563101356601787 0.336135239810083 0.3308831266880504
