0.0 0.745994586036845 0.8018226032969688 0.5409676515693522 0.5374662428213306
0.5711986642890533 0.4005222562320375 0.39040707540441927 0.42016904976260366 0.43067327600666877
1.1423973285781066 0.07333506100023222 0.054271835594336314 0.1295521236768028 0.13830564554685706
1.7135959928671598 0.006419249371373112 0.0035014087480216977 0.02275915686214103 0.01750704374010849
2.284794657156213 0.001556181665787421 0.0 0.007002817496043395 0.0052521131220325465
2.8559933214452666 0.00019452270822342764 0.0 0.0 0.0
3.4271919857343196 0.00038904541644685527 0.0 0.0017507043740108488 0.0
3.998390650023373 0.00330688603979827 0.0017507043740108488 0.01400563499208679 0.0017507043740108488
4.569589314312426 0.018674179989449053 0.012254930618075942 0.04726901809829292 0.04376760935027122
5.140787978601479 0.07819812870581791 0.06127465309037971 0.1400563499208679 0.14530846304290046
5.711986642890533 0.422114276844838 0.4254211628846362 0.4271718672586471 0.43067327600666877
