0.0 0.7209011566760228 0.8420888038992183 0.5409676515693522 0.5637268084314933
0.5711986642890533 0.36356294166958625 0.32563101356601787 0.3623958054202457 0.39215777977843014
1.1423973285781066 0.08208858287028646 0.05952394871636886 0.16456621115701978 0.11029437556268347
1.7135959928671598 0.03443051935554669 0.03326338310620613 0.05602253996834716 0.04726901809829292
2.284794657156213 0.041433336851590084 0.03501408748021698 0.04901972247230377 0.03501408748021698
2.8559933214452666 0.037931928103568394 0.04726901809829292 0.02626056561016273 0.02976197435818443
3.4271919857343196 0.021008452488130186 0.01750704374010849 0.01400563499208679 0.02275915686214103
3.998390650023373 0.010309703535841664 0.010504226244065093 0.01750704374010849 0.008753521870054244
4.569589314312426 0.013033021450969651 0.0052521131220325465 0.021008452488130186 0.04201690497626037
5.140787978601479 0.06185822121504999 0.04551831372428206 0.12430001055477025 0.14880987179092214
5.711986642890533 0.3641465097942565 0.32913242231403955 0.3746507360383216 0.35014087480216977
