0.0 0.7638906751934004 0.8771028913794352 0.5742310346755584 0.5934887827896778
0.5711986642890533 0.3977989383169095 0.3729000316643108 0.4009113016484844 0.42016904976260366
1.1423973285781066 0.07061174308510423 0.04201690497626037 0.1435577586688896 0.1330535324248245
1.7135959928671598 0.008169953745383962 0.0017507043740108488 0.01400563499208679 0.03851549622823867
2.284794657156213 0.00038904541644685527 0.0 0.0017507043740108488 0.0017507043740108488
2.8559933214452666 0.00019452270822342764 0.0 0.0 0.0017507043740108488
3.4271919857343196 0.00019452270822342764 0.0 0.0 0.0017507043740108488
3.998390650023373 0.0023342724986811316 0.0 0.008753521870054244 0.007002817496043395
4.569589314312426 0.009726135411171382 0.0 0.02626056561016273 0.03151267873219527
5.140787978601479 0.07917074224693504 0.050770426846314616 0.14880987179092214 0.12430001055477025
5.711986642890533 0.41822382268036945 0.40616341477051693 0.43242398038067964 0.3974098929004627
