0.0 0.5586692180176842 0.6390070965139598 0.40616341477051693 0.4009113016484844
0.5711986642890533 0.35422585167486176 0.3378859441840938 0.3221296048179962 0.36764791854227824
1.1423973285781066 0.11904789743273772 0.07703099245647733 0.16631691553103062 0.17331973302707404
1.7135959928671598 0.027816747275950154 0.01400563499208679 0.05952394871636886 0.07002817496043395
2.284794657156213 0.03209624685686556 0.021008452488130186 0.03326338310620613 0.0647760618384014
2.8559933214452666 0.0653596299630717 0.06127465309037971 0.07002817496043395 0.07002817496043395
3.4271919857343196 0.07780908328937106 0.09453803619658584 0.04901972247230377 0.0717788793344448
3.998390650023373 0.03929358706113238 0.04901972247230377 0.054271835594336314 0.03326338310620613
4.569589314312426 0.034625042063770116 0.021008452488130186 0.06127465309037971 0.07878169683048819
5.140787978601479 0.10951628472978976 0.0717788793344448 0.18382395927113912 0.13830564554685706
5.711986642890533 0.3322447856456144 0.3641465097942565 0.3448887616801372 0.2818634042157466
