0.0 0.7903457635117864 0.8490916213952616 0.6232507571478622 0.6109958265297861
0.5711986642890533 0.4040236649800592 0.41841834538859285 0.4009113016484844 0.3956591885264518
1.1423973285781066 0.07275149287556193 0.04551831372428206 0.15406198491295467 0.10679296681466177
1.7135959928671598 0.009726135411171382 0.0035014087480216977 0.024509861236151884 0.03851549622823867
2.284794657156213 0.002139749790457704 0.0017507043740108488 0.007002817496043395 0.008753521870054244
2.8559933214452666 0.00019452270822342764 0.0 0.0 0.0017507043740108488
3.4271919857343196 0.0 0.0 0.0 0.0
3.998390650023373 0.00038904541644685527 0.0 0.0 0.0035014087480216977
4.569589314312426 0.007975431037160533 0.0017507043740108488 0.02626056561016273 0.03151267873219527
5.140787978601479 0.07275149287556193 0.04201690497626037 0.1400563499208679 0.15931409803498722
5.711986642890533 0.39040707540441927 0.3886563710304084 0.3746507360383216 0.39390848415244095
