0.0 0.735101314376333 0.8070747164190013 0.5812338521716018 0.5462197646913848
0.5711986642890533 0.3662862595847142 0.3764014404123325 0.3764014404123325 0.3956591885264518
1.1423973285781066 0.05894038059169857 0.02626056561016273 0.12430001055477025 0.13830564554685706
1.7135959928671598 0.007586385620713678 0.0017507043740108488 0.012254930618075942 0.02801126998417358
2.284794657156213 0.002139749790457704 0.0 0.0052521131220325465 0.0052521131220325465
2.8559933214452666 0.0027233179151279867 0.0 0.0035014087480216977 0.010504226244065093
3.4271919857343196 0.009142567286501098 0.0035014087480216977 0.012254930618075942 0.007002817496043395
3.998390650023373 0.021202975196353613 0.02801126998417358 0.02626056561016273 0.01400563499208679
4.569589314312426 0.02898388352529072 0.019257748114119334 0.050770426846314616 0.036764791854227825
5.140787978601479 0.10387512619131035 0.08053240120449905 0.1610648024089981 0.16456621115701978
5.711986642890533 0.41472241393234777 0.4079141191445278 0.3974098929004627 0.40441271039650606
