0.0 0.6468764242557258 0.7351366821414645 0.5673873721226069 0.48351271711317806
0.2026833970057931 0.6063095976498583 0.5772549785943044 0.43417468475469045 0.5476521591792118
0.4053667940115862 0.5005069282588793 0.5772549785943044 0.3897704556320517 0.4144394718112955
0.6080501910173793 0.39086685635112917 0.4193732750471443 0.3700352426886567 0.3700352426886567
0.8107335880231724 0.2675217754549103 0.2565577682641353 0.30589580062262284 0.36016763621695913
1.0134169850289656 0.1798097179287102 0.18255071972640394 0.19735212943395022 0.19241832619810148
1.2161003820347587 0.14801409707546268 0.13814649060376516 0.20721973590564774 0.21215353914149648
1.4187837790405518 0.10251346723374637 0.06907324530188258 0.12827888413206764 0.10360986795282387
1.6214671760463448 0.0942904618406651 0.0888084582452776 0.07400704853773134 0.11347747442452137
1.824150573052138 0.0811336532117351 0.05427183559433631 0.0789408517735801 0.11347747442452137
2.026833970057931 0.0910012596834326 0.08387465500942885 0.10360986795282387 0.10854367118867261
2.2295173670637243 0.08606745644758385 0.09867606471697511 0.07400704853773134 0.0888084582452776
2.4322007640695174 0.07126604674003757 0.06907324530188258 0.08387465500942885 0.03453662265094129
2.6348841610753104 0.06304304134695632 0.06413944206603382 0.03453662265094129 0.06413944206603382
2.8375675580811035 0.07071784638049883 0.09374226148112635 0.06413944206603382 0.0789408517735801
3.0402509550868966 0.05317543487525882 0.049338032358487556 0.024669016179243778 0.0789408517735801
3.2429343520926897 0.03947042588679005 0.0444042291226388 0.0444042291226388 0.029602819415092536
3.4456177490984827 0.025765416898321278 0.014801409707546268 0.03453662265094129 0.03453662265094129
3.648301146104276 0.010964007190775012 0.0 0.014801409707546268 0.03453662265094129
3.850984543110069 0.00877120575262001 0.0 0.019735212943395024 0.014801409707546268
4.053667940115862 0.005482003595387506 0.0 0.029602819415092536 0.004933803235848756
4.2563513371216555 0.0032892021572325037 0.0 0.014801409707546268 0.0
4.4590347341274486 0.0010964007190775013 0.0 0.004933803235848756 0.004933803235848756
4.661718131133242 0.004933803235848756 0.0 0.029602819415092536 0.009867606471697512
4.864401528139035 0.01644601078616252 0.004933803235848756 0.03947042588679005 0.049338032358487556
5.067084925144828 0.027410017976937533 0.004933803235848756 0.07400704853773134 0.029602819415092536
5.269768322150621 0.06797684458280508 0.024669016179243778 0.14308029383961393 0.09374226148112635
5.472451719156414 0.13869469096330392 0.07400704853773134 0.19241832619810148 0.14801409707546268
5.675135116162207 0.2423045589161278 0.22695494884904274 0.3354986200377154 0.29109439091507655
5.877818513168 0.3645532390932692 0.35030002974526164 0.404571865339598 0.36016763621695913
6.080501910173793 0.5235313433595069 0.6315268141886408 0.4144394718112955 0.46377750416978303
