0.0 0.7077266641645271 0.8190113371508935 0.5476521591792118 0.5427183559433632
0.2026833970057931 0.7345884817819258 0.7203352724339183 0.6019239947735482 0.6364606174244894
0.4053667940115862 0.6227556084360207 0.626593010952792 0.46377750416978303 0.5180493397641194
0.6080501910173793 0.43088548259745796 0.48351271711317806 0.34043242327356416 0.43417468475469045
0.8107335880231724 0.2538167664664415 0.23188875208489151 0.28616058767922786 0.29602819415092535
1.0134169850289656 0.14746589671592392 0.09867606471697511 0.1874845229622527 0.26149157149998403
1.2161003820347587 0.0888084582452776 0.06907324530188258 0.1233450808962189 0.1874845229622527
1.4187837790405518 0.054820035953875065 0.03947042588679005 0.09374226148112635 0.10360986795282387
1.6214671760463448 0.038922225527251296 0.03453662265094129 0.024669016179243778 0.08387465500942885
1.824150573052138 0.025765416898321278 0.019735212943395024 0.03453662265094129 0.019735212943395024
2.026833970057931 0.03234382121278629 0.03947042588679005 0.024669016179243778 0.029602819415092536
2.2295173670637243 0.01644601078616252 0.019735212943395024 0.019735212943395024 0.019735212943395024
2.4322007640695174 0.012060407909852513 0.004933803235848756 0.014801409707546268 0.029602819415092536
2.6348841610753104 0.006578404314465007 0.0 0.009867606471697512 0.009867606471697512
2.8375675580811035 0.0032892021572325037 0.0 0.014801409707546268 0.0
3.0402509550868966 0.0016446010786162518 0.0 0.009867606471697512 0.0
3.2429343520926897 0.002741001797693753 0.0 0.0 0.014801409707546268
3.4456177490984827 0.002741001797693753 0.004933803235848756 0.0 0.004933803235848756
3.648301146104276 0.004933803235848756 0.004933803235848756 0.0 0.009867606471697512
3.850984543110069 0.006030203954926257 0.0 0.014801409707546268 0.009867606471697512
4.053667940115862 0.013705008988468766 0.019735212943395024 0.004933803235848756 0.019735212943395024
4.2563513371216555 0.013156808628930015 0.004933803235848756 0.019735212943395024 0.004933803235848756
4.4590347341274486 0.023024415100627527 0.05427183559433631 0.004933803235848756 0.024669016179243778
4.661718131133242 0.028506418696015032 0.014801409707546268 0.05427183559433631 0.0444042291226388
4.864401528139035 0.0455006298417163 0.03453662265094129 0.0789408517735801 0.06907324530188258
5.067084925144828 0.06523584278511133 0.029602819415092536 0.1233450808962189 0.10854367118867261
5.269768322150621 0.0942904618406651 0.07400704853773134 0.1776169164905552 0.10360986795282387
5.472451719156414 0.16500830822116394 0.0888084582452776 0.25162396502828654 0.19735212943395022
5.675135116162207 0.24997936394967027 0.202285932669799 0.33056481680186667 0.2762929812075303
5.877818513168 0.43581928583330676 0.4588437009339343 0.4588437009339343 0.4193732750471443
6.080501910173793 0.6052131969307807 0.7351366821414645 0.6167254044810945 0.4539098976980855
