0.0 0.7713179058710221 0.8535479598018346 0.5575197656509094 0.5920563883018507
0.2026833970057931 0.7356848825010034 0.8535479598018346 0.5723211753584557 0.6413944206603382
0.4053667940115862 0.5717729749989169 0.5131155365282706 0.5081817332924218 0.43910848799053925
0.6080501910173793 0.38209565059850914 0.34043242327356416 0.444042291226388 0.3700352426886567
0.8107335880231724 0.23901535675889526 0.222021145613194 0.35030002974526164 0.2713591779716816
1.0134169850289656 0.12937528485114516 0.1332126873679164 0.202285932669799 0.14308029383961393
1.2161003820347587 0.07071784638049883 0.03453662265094129 0.10360986795282387 0.10854367118867261
1.4187837790405518 0.03782582480817379 0.014801409707546268 0.07400704853773134 0.10854367118867261
1.6214671760463448 0.019735212943395024 0.009867606471697512 0.0444042291226388 0.0444042291226388
1.824150573052138 0.009867606471697512 0.014801409707546268 0.014801409707546268 0.019735212943395024
2.026833970057931 0.003837402516771254 0.0 0.004933803235848756 0.009867606471697512
2.2295173670637243 0.0016446010786162518 0.0 0.009867606471697512 0.004933803235848756
2.4322007640695174 0.0 0.0 0.0 0.0
2.6348841610753104 0.0 0.0 0.0 0.0
2.8375675580811035 0.0 0.0 0.0 0.0
3.0402509550868966 0.0 0.0 0.0 0.0
3.2429343520926897 0.0 0.0 0.0 0.0
3.4456177490984827 0.0 0.0 0.0 0.0
3.648301146104276 0.0 0.0 0.0 0.0
3.850984543110069 0.0 0.0 0.0 0.0
4.053667940115862 0.0010964007190775013 0.0 0.0 0.009867606471697512
4.2563513371216555 0.0005482003595387506 0.0 0.0 0.004933803235848756
4.4590347341274486 0.0032892021572325037 0.0 0.014801409707546268 0.009867606471697512
4.661718131133242 0.006030203954926257 0.004933803235848756 0.009867606471697512 0.029602819415092536
4.864401528139035 0.014253209348007516 0.004933803235848756 0.03947042588679005 0.0444042291226388
5.067084925144828 0.04604883020125505 0.029602819415092536 0.10854367118867261 0.10360986795282387
5.269768322150621 0.10744727046959512 0.0789408517735801 0.1233450808962189 0.1776169164905552
5.472451719156414 0.19022552475994647 0.1776169164905552 0.222021145613194 0.25162396502828654
5.675135116162207 0.3629086380146529 0.34043242327356416 0.3700352426886567 0.4588437009339343
5.877818513168 0.5410737548647468 0.5229831429999681 0.5821887818301531 0.46871130740563177
6.080501910173793 0.687991451221132 0.7844747144999522 0.5772549785943044 0.6216592077169432
