0.0 0.6567440307274233 0.8584817630376834 0.5180493397641194 0.5229831429999681
0.2026833970057931 0.5717729749989169 0.5624535688867581 0.5920563883018507 0.4884465203490268
0.4053667940115862 0.43088548259745796 0.37990284916035416 0.34043242327356416 0.3749690459245054
0.6080501910173793 0.25107576466874776 0.24175635855658903 0.3206972103301691 0.24175635855658903
0.8107335880231724 0.1397910916823814 0.14308029383961393 0.18255071972640394 0.21708734237734523
1.0134169850289656 0.07455524889727008 0.06907324530188258 0.11347747442452137 0.11841127766037014
1.2161003820347587 0.0422114276844838 0.03947042588679005 0.10854367118867261 0.0789408517735801
1.4187837790405518 0.03398842229140254 0.024669016179243778 0.0789408517735801 0.06413944206603382
1.6214671760463448 0.02137981402201127 0.019735212943395024 0.03453662265094129 0.029602819415092536
1.824150573052138 0.031247420493708784 0.03947042588679005 0.014801409707546268 0.029602819415092536
2.026833970057931 0.03179562085324754 0.03453662265094129 0.024669016179243778 0.03453662265094129
2.2295173670637243 0.03398842229140254 0.03947042588679005 0.029602819415092536 0.03453662265094129
2.4322007640695174 0.031247420493708784 0.07400704853773134 0.019735212943395024 0.009867606471697512
2.6348841610753104 0.0433078284035613 0.06907324530188258 0.024669016179243778 0.03947042588679005
2.8375675580811035 0.03618122372955754 0.009867606471697512 0.049338032358487556 0.03947042588679005
3.0402509550868966 0.04385602876310005 0.024669016179243778 0.03453662265094129 0.0444042291226388
3.2429343520926897 0.03344022193186379 0.019735212943395024 0.019735212943395024 0.0444042291226388
3.4456177490984827 0.041115026965406296 0.05427183559433631 0.0444042291226388 0.0444042291226388
3.648301146104276 0.03508482301048004 0.03453662265094129 0.0444042291226388 0.03453662265094129
3.850984543110069 0.04385602876310005 0.03947042588679005 0.06413944206603382 0.024669016179243778
4.053667940115862 0.028506418696015032 0.009867606471697512 0.03947042588679005 0.03453662265094129
4.2563513371216555 0.03344022193186379 0.0444042291226388 0.05427183559433631 0.024669016179243778
4.4590347341274486 0.031247420493708784 0.024669016179243778 0.05920563883018507 0.029602819415092536
4.661718131133242 0.0433078284035613 0.019735212943395024 0.05920563883018507 0.0789408517735801
4.864401528139035 0.06523584278511133 0.03947042588679005 0.10360986795282387 0.09867606471697511
5.067084925144828 0.08716385716666135 0.049338032358487556 0.1332126873679164 0.13814649060376516
5.269768322150621 0.16665290929978016 0.09374226148112635 0.25162396502828654 0.25162396502828654
5.472451719156414 0.2598469704213678 0.24175635855658903 0.3108296038584716 0.3354986200377154
5.675135116162207 0.39031865599159044 0.3354986200377154 0.2762929812075303 0.43417468475469045
5.877818513168 0.5690319732012231 0.6611296336037333 0.43417468475469045 0.5032479300565731
6.080501910173793 0.6315268141886408 0.6364606174244894 0.5525859624150606 0.4884465203490268
