0.0 0.5761585778752268 0.6561958303678845 0.3897704556320517 0.404571865339598
0.2026833970057931 0.5865743847064632 0.626593010952792 0.40950566857544674 0.46871130740563177
0.4053667940115862 0.5065371322138056 0.5131155365282706 0.4884465203490268 0.5229831429999681
0.6080501910173793 0.402379063901443 0.37990284916035416 0.38483665239620296 0.42430707828299297
0.8107335880231724 0.22531034777042652 0.25162396502828654 0.23188875208489151 0.222021145613194
1.0134169850289656 0.14362849419915266 0.12827888413206764 0.1874845229622527 0.19735212943395022
1.2161003820347587 0.09593506291928136 0.0444042291226388 0.1233450808962189 0.222021145613194
1.4187837790405518 0.04714523092033255 0.029602819415092536 0.08387465500942885 0.06907324530188258
1.6214671760463448 0.031247420493708784 0.009867606471697512 0.05920563883018507 0.06413944206603382
1.824150573052138 0.007674805033542508 0.004933803235848756 0.014801409707546268 0.024669016179243778
2.026833970057931 0.004933803235848756 0.0 0.014801409707546268 0.014801409707546268
2.2295173670637243 0.0032892021572325037 0.0 0.009867606471697512 0.014801409707546268
2.4322007640695174 0.0010964007190775013 0.0 0.009867606471697512 0.0
2.6348841610753104 0.0005482003595387506 0.0 0.0 0.004933803235848756
2.8375675580811035 0.0 0.0 0.0 0.0
3.0402509550868966 0.0 0.0 0.0 0.0
3.2429343520926897 0.0010964007190775013 0.0 0.004933803235848756 0.004933803235848756
3.4456177490984827 0.0005482003595387506 0.0 0.0 0.0
3.648301146104276 0.0010964007190775013 0.0 0.004933803235848756 0.0
3.850984543110069 0.0016446010786162518 0.004933803235848756 0.0 0.0
4.053667940115862 0.005482003595387506 0.0 0.019735212943395024 0.024669016179243778
4.2563513371216555 0.01589781042662377 0.009867606471697512 0.019735212943395024 0.03453662265094129
4.4590347341274486 0.020283413302933775 0.004933803235848756 0.03453662265094129 0.05920563883018507
4.661718131133242 0.038922225527251296 0.024669016179243778 0.0789408517735801 0.0789408517735801
4.864401528139035 0.07345884817819258 0.024669016179243778 0.10360986795282387 0.11841127766037014
5.067084925144828 0.1288270844916064 0.0888084582452776 0.1776169164905552 0.17268311325470645
5.269768322150621 0.19515932799579522 0.15294790031131142 0.23682255532074029 0.23682255532074029
5.472451719156414 0.28616058767922786 0.29602819415092535 0.36016763621695913 0.21215353914149648
5.675135116162207 0.42046967576622174 0.43417468475469045 0.39470425886790045 0.3651014394528079
5.877818513168 0.5164047386855031 0.5772549785943044 0.5131155365282706 0.49831412682072435
6.080501910173793 0.5958937908186219 0.6709972400754308 0.5772549785943044 0.47364511064148057
