0.0 0.7663841026351733 0.8535479598018346 0.5723211753584557 0.606857798009397
0.2026833970057931 0.6874432508615933 0.666063436839582 0.5723211753584557 0.5525859624150606
0.4053667940115862 0.5032479300565731 0.5427183559433632 0.49831412682072435 0.46377750416978303
0.6080501910173793 0.30644400098216157 0.29602819415092535 0.3552338329811104 0.3453662265094129
0.8107335880231724 0.1820025193668652 0.14308029383961393 0.29109439091507655 0.21215353914149648
1.0134169850289656 0.08003725249265758 0.049338032358487556 0.09867606471697511 0.20721973590564774
1.2161003820347587 0.03453662265094129 0.0 0.07400704853773134 0.07400704853773134
1.4187837790405518 0.01644601078616252 0.009867606471697512 0.0444042291226388 0.049338032358487556
1.6214671760463448 0.006578404314465007 0.0 0.024669016179243778 0.019735212943395024
1.824150573052138 0.006030203954926257 0.0 0.029602819415092536 0.009867606471697512
2.026833970057931 0.0032892021572325037 0.0 0.014801409707546268 0.004933803235848756
2.2295173670637243 0.0005482003595387506 0.0 0.004933803235848756 0.0
2.4322007640695174 0.0005482003595387506 0.0 0.0 0.0
2.6348841610753104 0.002741001797693753 0.0 0.014801409707546268 0.0
2.8375675580811035 0.0010964007190775013 0.0 0.004933803235848756 0.0
3.0402509550868966 0.0 0.0 0.0 0.0
3.2429343520926897 0.0 0.0 0.0 0.0
3.4456177490984827 0.0 0.0 0.0 0.0
3.648301146104276 0.0005482003595387506 0.0 0.0 0.004933803235848756
3.850984543110069 0.0010964007190775013 0.0 0.004933803235848756 0.004933803235848756
4.053667940115862 0.0016446010786162518 0.0 0.0 0.0
4.2563513371216555 0.003837402516771254 0.0 0.024669016179243778 0.004933803235848756
4.4590347341274486 0.01041580683123626 0.004933803235848756 0.019735212943395024 0.024669016179243778
4.661718131133242 0.019735212943395024 0.009867606471697512 0.06413944206603382 0.029602819415092536
4.864401528139035 0.03618122372955754 0.019735212943395024 0.09374226148112635 0.049338032358487556
5.067084925144828 0.07291064781865383 0.07400704853773134 0.10360986795282387 0.10854367118867261
5.269768322150621 0.1622673064234702 0.1233450808962189 0.222021145613194 0.20721973590564774
5.472451719156414 0.27355197940983655 0.2664253747358328 0.3552338329811104 0.35030002974526164
5.675135116162207 0.4116984700136017 0.33056481680186667 0.4193732750471443 0.4884465203490268
5.877818513168 0.5942491897400057 0.7351366821414645 0.47364511064148057 0.4933803235848756
6.080501910173793 0.7482934907703946 0.809143730679196 0.5525859624150606 0.6216592077169432
