0.0 0.591508187942312 0.6808648465471283 0.5624535688867581 0.4193732750471443
0.2026833970057931 0.5492967602578281 0.5821887818301531 0.4588437009339343 0.4785789138773293
0.4053667940115862 0.43581928583330676 0.5624535688867581 0.3206972103301691 0.3552338329811104
0.6080501910173793 0.34372162543079665 0.29602819415092535 0.3009619973867741 0.35030002974526164
0.8107335880231724 0.219828344175039 0.19241832619810148 0.2565577682641353 0.2565577682641353
1.0134169850289656 0.13705008988468764 0.11347747442452137 0.16281550678300893 0.1874845229622527
1.2161003820347587 0.08606745644758385 0.07400704853773134 0.13814649060376516 0.1233450808962189
1.4187837790405518 0.05646463703249131 0.05427183559433631 0.0789408517735801 0.0888084582452776
1.6214671760463448 0.03782582480817379 0.0444042291226388 0.05427183559433631 0.03453662265094129
1.824150573052138 0.028506418696015032 0.024669016179243778 0.029602819415092536 0.049338032358487556
2.026833970057931 0.03289202157232504 0.029602819415092536 0.024669016179243778 0.049338032358487556
2.2295173670637243 0.038922225527251296 0.03453662265094129 0.024669016179243778 0.05920563883018507
2.4322007640695174 0.04769343127987131 0.049338032358487556 0.0444042291226388 0.03453662265094129
2.6348841610753104 0.06578404314465008 0.09374226148112635 0.03947042588679005 0.07400704853773134
2.8375675580811035 0.07345884817819258 0.08387465500942885 0.06907324530188258 0.049338032358487556
3.0402509550868966 0.06742864422326633 0.08387465500942885 0.03947042588679005 0.0888084582452776
3.2429343520926897 0.06688044386372757 0.07400704853773134 0.0789408517735801 0.0789408517735801
3.4456177490984827 0.06468764242557258 0.07400704853773134 0.0444042291226388 0.03947042588679005
3.648301146104276 0.03672942408909629 0.004933803235848756 0.05427183559433631 0.03947042588679005
3.850984543110069 0.029054619055553784 0.009867606471697512 0.05427183559433631 0.049338032358487556
4.053667940115862 0.021928014381550023 0.004933803235848756 0.049338032358487556 0.03947042588679005
4.2563513371216555 0.010964007190775012 0.0 0.0444042291226388 0.009867606471697512
4.4590347341274486 0.01644601078616252 0.0 0.049338032358487556 0.03453662265094129
4.661718131133242 0.02521721653878253 0.009867606471697512 0.08387465500942885 0.05427183559433631
4.864401528139035 0.04275962804402254 0.004933803235848756 0.06907324530188258 0.08387465500942885
5.067084925144828 0.08387465500942885 0.049338032358487556 0.1233450808962189 0.14801409707546268
5.269768322150621 0.14582129563730767 0.07400704853773134 0.19241832619810148 0.18255071972640394
5.472451719156414 0.222021145613194 0.18255071972640394 0.21215353914149648 0.21215353914149648
5.675135116162207 0.3508482301048004 0.3453662265094129 0.39470425886790045 0.3354986200377154
5.877818513168 0.446235092664543 0.47364511064148057 0.42430707828299297 0.35030002974526164
6.080501910173793 0.5580679660104482 0.626593010952792 0.4539098976980855 0.5772549785943044
