0.0 0.6413944206603382 0.6759310433112796 0.4785789138773293 0.5032479300565731
0.2026833970057931 0.6052131969307807 0.666063436839582 0.48351271711317806 0.5427183559433632
0.4053667940115862 0.5202421412022743 0.5081817332924218 0.42430707828299297 0.4785789138773293
0.6080501910173793 0.3239864124874016 0.33056481680186667 0.32563101356601787 0.36016763621695913
0.8107335880231724 0.2187319434559615 0.18255071972640394 0.2762929812075303 0.29602819415092535
1.0134169850289656 0.14965869815407892 0.12827888413206764 0.1776169164905552 0.222021145613194
1.2161003820347587 0.08497105572850634 0.0789408517735801 0.11347747442452137 0.14308029383961393
1.4187837790405518 0.06907324530188258 0.07400704853773134 0.09374226148112635 0.10360986795282387
1.6214671760463448 0.04604883020125505 0.03453662265094129 0.06907324530188258 0.03947042588679005
1.824150573052138 0.051530833796642556 0.03453662265094129 0.09867606471697511 0.05427183559433631
2.026833970057931 0.04714523092033255 0.029602819415092536 0.05920563883018507 0.06907324530188258
2.2295173670637243 0.04275962804402254 0.049338032358487556 0.03947042588679005 0.03947042588679005
2.4322007640695174 0.05865743847064631 0.03453662265094129 0.0789408517735801 0.019735212943395024
2.6348841610753104 0.04824163163941005 0.05427183559433631 0.05920563883018507 0.05920563883018507
2.8375675580811035 0.04769343127987131 0.024669016179243778 0.0888084582452776 0.019735212943395024
3.0402509550868966 0.06304304134695632 0.10360986795282387 0.049338032358487556 0.03947042588679005
3.2429343520926897 0.07071784638049883 0.10854367118867261 0.05920563883018507 0.05920563883018507
3.4456177490984827 0.06797684458280508 0.06907324530188258 0.05427183559433631 0.0444042291226388
3.648301146104276 0.057561037751568817 0.029602819415092536 0.06413944206603382 0.029602819415092536
3.850984543110069 0.0433078284035613 0.0444042291226388 0.029602819415092536 0.049338032358487556
4.053667940115862 0.03453662265094129 0.05427183559433631 0.024669016179243778 0.05920563883018507
4.2563513371216555 0.028506418696015032 0.019735212943395024 0.03453662265094129 0.049338032358487556
4.4590347341274486 0.02083161366247252 0.009867606471697512 0.019735212943395024 0.03947042588679005
4.661718131133242 0.015349610067085016 0.009867606471697512 0.0444042291226388 0.019735212943395024
4.864401528139035 0.01863881222431752 0.024669016179243778 0.05427183559433631 0.03453662265094129
5.067084925144828 0.04001862624632879 0.024669016179243778 0.07400704853773134 0.07400704853773134
5.269768322150621 0.06797684458280508 0.03453662265094129 0.11841127766037014 0.13814649060376516
5.472451719156414 0.1452730952777689 0.0789408517735801 0.2565577682641353 0.1677493100188577
5.675135116162207 0.26149157149998403 0.30589580062262284 0.36016763621695913 0.2466901617924378
5.877818513168 0.46377750416978303 0.5032479300565731 0.40950566857544674 0.4588437009339343
6.080501910173793 0.5794477800324594 0.606857798009397 0.4144394718112955 0.47364511064148057
