0.0 0.6282376120314082 0.7104676659622208 0.44897609446223674 0.46377750416978303
0.2026833970057931 0.5383327530670532 0.6315268141886408 0.4193732750471443 0.37990284916035416
0.4053667940115862 0.4445904915859268 0.5180493397641194 0.43910848799053925 0.42430707828299297
0.6080501910173793 0.2784857826456853 0.2664253747358328 0.32563101356601787 0.29602819415092535
0.8107335880231724 0.1578817035471602 0.1332126873679164 0.24175635855658903 0.19735212943395022
1.0134169850289656 0.09319406112158761 0.0444042291226388 0.1677493100188577 0.14308029383961393
1.2161003820347587 0.03947042588679005 0.014801409707546268 0.07400704853773134 0.06413944206603382
1.4187837790405518 0.030151019774631287 0.004933803235848756 0.10360986795282387 0.029602819415092536
1.6214671760463448 0.02083161366247252 0.004933803235848756 0.06413944206603382 0.029602819415092536
1.824150573052138 0.01754241150524002 0.004933803235848756 0.03453662265094129 0.024669016179243778
2.026833970057931 0.01644601078616252 0.009867606471697512 0.03453662265094129 0.03453662265094129
2.2295173670637243 0.023024415100627527 0.014801409707546268 0.03947042588679005 0.024669016179243778
2.4322007640695174 0.03508482301048004 0.024669016179243778 0.0444042291226388 0.049338032358487556
2.6348841610753104 0.04001862624632879 0.03453662265094129 0.024669016179243778 0.024669016179243778
2.8375675580811035 0.057012837392030065 0.049338032358487556 0.05427183559433631 0.06907324530188258
3.0402509550868966 0.08332645464989008 0.12827888413206764 0.09374226148112635 0.07400704853773134
3.2429343520926897 0.0811336532117351 0.10854367118867261 0.0444042291226388 0.06907324530188258
3.4456177490984827 0.09374226148112635 0.11347747442452137 0.09867606471697511 0.0789408517735801
3.648301146104276 0.10964007190775013 0.11347747442452137 0.0888084582452776 0.0888084582452776
3.850984543110069 0.11073647262682762 0.09867606471697511 0.10360986795282387 0.0888084582452776
4.053667940115862 0.08716385716666135 0.10854367118867261 0.05920563883018507 0.1233450808962189
4.2563513371216555 0.06962144566142132 0.049338032358487556 0.0444042291226388 0.09867606471697511
4.4590347341274486 0.05317543487525882 0.049338032358487556 0.06413944206603382 0.09867606471697511
4.661718131133242 0.04604883020125505 0.014801409707546268 0.0444042291226388 0.07400704853773134
4.864401528139035 0.04275962804402254 0.024669016179243778 0.049338032358487556 0.10360986795282387
5.067084925144828 0.06962144566142132 0.029602819415092536 0.09374226148112635 0.15294790031131142
5.269768322150621 0.10580266939097886 0.0888084582452776 0.1332126873679164 0.14801409707546268
5.472451719156414 0.19790032979348898 0.1677493100188577 0.222021145613194 0.28616058767922786
5.675135116162207 0.3141188060157041 0.33056481680186667 0.3453662265094129 0.3206972103301691
5.877818513168 0.4582955005743955 0.42430707828299297 0.40950566857544674 0.39470425886790045
6.080501910173793 0.5904117872232344 0.6167254044810945 0.5229831429999681 0.4785789138773293
