0.0 0.6408462203007995 0.7696733047924059 0.5229831429999681 0.5476521591792118
0.2026833970057931 0.6085023990880132 0.5279169462358169 0.4785789138773293 0.5229831429999681
0.4053667940115862 0.45226529661946924 0.46871130740563177 0.3700352426886567 0.4144394718112955
0.6080501910173793 0.29602819415092535 0.2664253747358328 0.35030002974526164 0.29109439091507655
0.8107335880231724 0.18035791828824896 0.15294790031131142 0.28122678444337906 0.222021145613194
1.0134169850289656 0.09154946004297135 0.05920563883018507 0.18255071972640394 0.11841127766037014
1.2161003820347587 0.05591643667295257 0.029602819415092536 0.10854367118867261 0.09867606471697511
1.4187837790405518 0.030699220134170032 0.009867606471697512 0.12827888413206764 0.03453662265094129
1.6214671760463448 0.014801409707546268 0.0 0.06413944206603382 0.029602819415092536
1.824150573052138 0.00931940611215876 0.0 0.03453662265094129 0.024669016179243778
2.026833970057931 0.004933803235848756 0.0 0.024669016179243778 0.009867606471697512
2.2295173670637243 0.00877120575262001 0.0 0.019735212943395024 0.014801409707546268
2.4322007640695174 0.01699421114570127 0.019735212943395024 0.009867606471697512 0.019735212943395024
2.6348841610753104 0.03179562085324754 0.019735212943395024 0.03453662265094129 0.05920563883018507
2.8375675580811035 0.04166322732494504 0.03453662265094129 0.03453662265094129 0.05427183559433631
3.0402509550868966 0.05043443307756506 0.05920563883018507 0.03453662265094129 0.05427183559433631
3.2429343520926897 0.08168185357127385 0.0789408517735801 0.0789408517735801 0.03947042588679005
3.4456177490984827 0.07565164961634759 0.09374226148112635 0.06413944206603382 0.07400704853773134
3.648301146104276 0.06523584278511133 0.05427183559433631 0.03947042588679005 0.0789408517735801
3.850984543110069 0.054820035953875065 0.049338032358487556 0.06907324530188258 0.03947042588679005
4.053667940115862 0.051530833796642556 0.05920563883018507 0.05920563883018507 0.06907324530188258
4.2563513371216555 0.04604883020125505 0.06907324530188258 0.0444042291226388 0.03453662265094129
4.4590347341274486 0.0433078284035613 0.0444042291226388 0.03947042588679005 0.049338032358487556
4.661718131133242 0.04495242948217755 0.029602819415092536 0.06907324530188258 0.05427183559433631
4.864401528139035 0.06194664062787882 0.024669016179243778 0.1233450808962189 0.09867606471697511
5.067084925144828 0.08606745644758385 0.06907324530188258 0.11841127766037014 0.13814649060376516
5.269768322150621 0.14253209348007514 0.12827888413206764 0.12827888413206764 0.1874845229622527
5.472451719156414 0.23079235136581402 0.21708734237734523 0.28616058767922786 0.3009619973867741
5.675135116162207 0.34591442686895163 0.3552338329811104 0.39470425886790045 0.35030002974526164
5.877818513168 0.476934312798713 0.5180493397641194 0.30589580062262284 0.47364511064148057
6.080501910173793 0.591508187942312 0.7252690756697671 0.43417468475469045 0.4292408815188417
