0.0 0.21820559333875533 0.09453803619658584 0.1435577586688896 0.22409015987338865
0.5711986642890533 0.18438308475184415 0.1330535324248245 0.12254930618075942 0.1435577586688896
1.1423973285781066 0.1323202531058671 0.11554648868471602 0.17857184614910657 0.18207325489712825
1.7135959928671598 0.10913029464383855 0.11554648868471602 0.11554648868471602 0.15056057616493299
2.284794657156213 0.1432094509923848 0.22058875112536694 0.17156902865306317 0.17507043740108488
2.8559933214452666 0.19243082527740188 0.2871155173377792 0.19257748114119336 0.1470591674169113
3.4271919857343196 0.19261414510714123 0.20308170738525846 0.18557466364514996 0.09453803619658584
3.998390650023373 0.14656420387661503 0.21008452488130183 0.21358593362932354 0.11554648868471602
4.569589314312426 0.1134749746086613 0.11204507993669433 0.1400563499208679 0.1435577586688896
5.140787978601479 0.1303770629106299 0.10854367118867263 0.1400563499208679 0.15056057616493299
5.711986642890533 0.18799448539770947 0.15056057616493299 0.1470591674169113 0.22409015987338865
