0.0 0.22121203854648078 0.1610648024089981 0.18207325489712825 0.266107064849649
0.5711986642890533 0.18689456641927332 0.1400563499208679 0.15406198491295467 0.17507043740108488
1.1423973285781066 0.12513411578008432 0.15056057616493299 0.15056057616493299 0.17156902865306317
1.7135959928671598 0.10962525818413482 0.11904789743273772 0.15756339366097638 0.09803944494460753
2.284794657156213 0.1435577586688896 0.18907607239317167 0.1435577586688896 0.1260507149287811
2.8559933214452666 0.19180753785628807 0.2696084735976707 0.1610648024089981 0.08403380995252074
3.4271919857343196 0.19375072805152524 0.23109297736943205 0.18907607239317167 0.1330535324248245
3.998390650023373 0.1438144064305247 0.1680676199050415 0.1435577586688896 0.1400563499208679
4.569589314312426 0.11202674795372038 0.1400563499208679 0.10504226244065092 0.1610648024089981
5.140787978601479 0.1316053057698836 0.08053240120449905 0.16456621115701978 0.17507043740108488
5.711986642890533 0.19127591035004393 0.10154085369262923 0.19958029863723675 0.22058875112536694
