0.0 0.21105611997892043 0.15756339366097638 0.18207325489712825 0.21358593362932354
0.5711986642890533 0.17560206490732902 0.1365549411728462 0.19607888988921507 0.22409015987338865
1.1423973285781066 0.12194435074261954 0.11204507993669433 0.17507043740108488 0.20658311613328015
1.7135959928671598 0.10671047289127905 0.12254930618075942 0.1330535324248245 0.15756339366097638
2.284794657156213 0.1483974021740086 0.18207325489712825 0.15756339366097638 0.12254930618075942
2.8559933214452666 0.1993603148415495 0.2486000211095405 0.12254930618075942 0.10504226244065092
3.4271919857343196 0.2022934321173792 0.266107064849649 0.11904789743273772 0.10854367118867263
3.998390650023373 0.15321871369615367 0.1680676199050415 0.18557466364514996 0.05602253996834716
4.569589314312426 0.12031280425793926 0.11904789743273772 0.15056057616493299 0.15056057616493299
5.140787978601479 0.13314519233969416 0.10504226244065092 0.1400563499208679 0.22759156862141033
5.711986642890533 0.17866350606397624 0.1330535324248245 0.18907607239317167 0.17857184614910657
