0.0 0.2020184523727702 0.1470591674169113 0.19607888988921507 0.19607888988921507
0.5711986642890533 0.17507043740108488 0.09453803619658584 0.1400563499208679 0.20658311613328015
1.1423973285781066 0.12927714393219378 0.1365549411728462 0.15056057616493299 0.19607888988921507
1.7135959928671598 0.11809463431809307 0.10854367118867263 0.11904789743273772 0.1295521236768028
2.284794657156213 0.1452626330854656 0.12254930618075942 0.1295521236768028 0.1470591674169113
2.8559933214452666 0.18786616151689192 0.20658311613328015 0.17507043740108488 0.11554648868471602
3.4271919857343196 0.1939340478812646 0.2521014298575622 0.18207325489712825 0.1470591674169113
3.998390650023373 0.15928660006052633 0.2486000211095405 0.18207325489712825 0.1330535324248245
4.569589314312426 0.1285072006472885 0.16456621115701978 0.1680676199050415 0.17507043740108488
5.140787978601479 0.13448342709679148 0.1435577586688896 0.1610648024089981 0.1470591674169113
5.711986642890533 0.17690363569847845 0.1260507149287811 0.1470591674169113 0.15756339366097638
