0.0 0.19384238796639494 0.1610648024089981 0.2801126998417358 0.23809579486547544
0.5711986642890533 0.1687459032750771 0.1330535324248245 0.2486000211095405 0.18557466364514996
1.1423973285781066 0.12828721685160127 0.09103662744856413 0.18907607239317167 0.20658311613328015
1.7135959928671598 0.11820462621593668 0.09453803619658584 0.16456621115701978 0.1470591674169113
2.284794657156213 0.1507255640116984 0.16456621115701978 0.10504226244065092 0.17156902865306317
2.8559933214452666 0.1940440397791082 0.18207325489712825 0.07352958370845565 0.1400563499208679
3.4271919857343196 0.20524488137618285 0.24509861236151884 0.11904789743273772 0.10154085369262923
3.998390650023373 0.16227471328527782 0.2521014298575622 0.1260507149287811 0.1470591674169113
4.569589314312426 0.12551908742253698 0.17857184614910657 0.08053240120449905 0.12254930618075942
5.140787978601479 0.13292520854400694 0.11904789743273772 0.11554648868471602 0.1610648024089981
5.711986642890533 0.17089074528302756 0.1295521236768028 0.2486000211095405 0.1295521236768028
