0.0 0.2107811402343114 0.15056057616493299 0.1330535324248245 0.17857184614910657
0.5711986642890533 0.18302651801177292 0.1330535324248245 0.1295521236768028 0.19958029863723675
1.1423973285781066 0.13105534628066554 0.1260507149287811 0.20308170738525846 0.1470591674169113
1.7135959928671598 0.11917622131355526 0.11904789743273772 0.18907607239317167 0.1435577586688896
2.284794657156213 0.1541169808618765 0.20308170738525846 0.15756339366097638 0.15756339366097638
2.8559933214452666 0.19695882507196397 0.27661129109371413 0.18207325489712825 0.15056057616493299
3.4271919857343196 0.18870943273369295 0.2731098823456924 0.18207325489712825 0.1400563499208679
3.998390650023373 0.14528096506843954 0.1435577586688896 0.17156902865306317 0.1295521236768028
4.569589314312426 0.11387827823408787 0.09453803619658584 0.11554648868471602 0.1470591674169113
5.140787978601479 0.12788391322617468 0.09103662744856413 0.1400563499208679 0.1680676199050415
5.711986642890533 0.17983675297430812 0.1400563499208679 0.1470591674169113 0.18907607239317167
