0.0 0.18016672866783898 0.1295521236768028 0.1470591674169113 0.15056057616493299
0.5711986642890533 0.17103740114681906 0.1330535324248245 0.1470591674169113 0.18557466364514996
1.1423973285781066 0.15287040601964888 0.1330535324248245 0.20658311613328015 0.17156902865306317
1.7135959928671598 0.14632588809795385 0.20308170738525846 0.21008452488130183 0.1435577586688896
2.284794657156213 0.16095481051115448 0.21358593362932354 0.19607888988921507 0.17507043740108488
2.8559933214452666 0.1788468258937156 0.21008452488130183 0.18207325489712825 0.17857184614910657
3.4271919857343196 0.17140404080629776 0.20308170738525846 0.19257748114119336 0.1365549411728462
3.998390650023373 0.15199047083689998 0.15756339366097638 0.1260507149287811 0.1365549411728462
4.569589314312426 0.1319169494804405 0.16456621115701978 0.15756339366097638 0.1610648024089981
5.140787978601479 0.13912141878919718 0.10504226244065092 0.09103662744856413 0.1680676199050415
5.711986642890533 0.1660694337608825 0.09803944494460753 0.09453803619658584 0.1435577586688896
