0.0 0.2043832781764079 0.15056057616493299 0.21008452488130183 0.24159720361349715
0.5711986642890533 0.16861757939425956 0.15056057616493299 0.21708734237734525 0.18557466364514996
1.1423973285781066 0.1258857270820157 0.15056057616493299 0.17507043740108488 0.19257748114119336
1.7135959928671598 0.1152348449741591 0.17156902865306317 0.17507043740108488 0.10854367118867263
2.284794657156213 0.15287040601964888 0.11904789743273772 0.1400563499208679 0.12254930618075942
2.8559933214452666 0.20161514874734363 0.23109297736943205 0.09803944494460753 0.10154085369262923
3.4271919857343196 0.2019634564238484 0.21708734237734525 0.11204507993669433 0.1330535324248245
3.998390650023373 0.15518023587436475 0.19607888988921507 0.08403380995252074 0.17857184614910657
4.569589314312426 0.1191395573476074 0.11554648868471602 0.1470591674169113 0.11554648868471602
5.140787978601479 0.1296071196257246 0.09453803619658584 0.18907607239317167 0.19257748114119336
5.711986642890533 0.17620702034546887 0.15406198491295467 0.20308170738525846 0.17857184614910657
