0.0 0.2173256581560064 0.17156902865306317 0.22409015987338865 0.23459438611745376
0.5711986642890533 0.1886361048017972 0.1435577586688896 0.16456621115701978 0.2836141085897575
1.1423973285781066 0.1345934189946351 0.10154085369262923 0.1365549411728462 0.22058875112536694
1.7135959928671598 0.11710470723750054 0.09103662744856413 0.15406198491295467 0.15406198491295467
2.284794657156213 0.1477741147528948 0.18207325489712825 0.18907607239317167 0.09103662744856413
2.8559933214452666 0.1942456915918215 0.22759156862141033 0.11554648868471602 0.1400563499208679
3.4271919857343196 0.20057022571782926 0.2696084735976707 0.18557466364514996 0.07352958370845565
3.998390650023373 0.1448043335111172 0.20308170738525846 0.11554648868471602 0.10854367118867263
4.569589314312426 0.10696712065291417 0.1260507149287811 0.17857184614910657 0.10504226244065092
5.140787978601479 0.12258597014670727 0.09803944494460753 0.12254930618075942 0.17156902865306317
5.711986642890533 0.17609702844762526 0.1365549411728462 0.16456621115701978 0.1680676199050415
