0.0 0.1772519433749832 0.09453803619658584 0.27661129109371413 0.15406198491295467
0.5711986642890533 0.16469453503783732 0.15756339366097638 0.18557466364514996 0.1610648024089981
1.1423973285781066 0.1470041714679895 0.15756339366097638 0.18207325489712825 0.15756339366097638
1.7135959928671598 0.144016058243238 0.18557466364514996 0.10504226244065092 0.17156902865306317
2.284794657156213 0.16177974974498158 0.24159720361349715 0.11554648868471602 0.1295521236768028
2.8559933214452666 0.18456640458158352 0.1470591674169113 0.10154085369262923 0.17857184614910657
3.4271919857343196 0.1809000079867964 0.23809579486547544 0.08753521870054244 0.15056057616493299
3.998390650023373 0.1555652075168174 0.16456621115701978 0.12254930618075942 0.17857184614910657
4.569589314312426 0.13316352432266812 0.1295521236768028 0.19257748114119336 0.15056057616493299
5.140787978601479 0.13893809895945783 0.1260507149287811 0.15756339366097638 0.15756339366097638
5.711986642890533 0.1628246727744959 0.10854367118867263 0.22409015987338865 0.1610648024089981
