0.0 0.2968416527489505 0.33263383106206124 0.23109297736943205 0.2258408642473995
0.5711986642890533 0.16981832427905233 0.16281550678300893 0.1943281855152042 0.16281550678300893
1.1423973285781066 0.07197340204266822 0.06652676621241226 0.14180705429487875 0.09103662744856413
1.7135959928671598 0.049214245180527194 0.02275915686214103 0.08753521870054244 0.08403380995252074
2.284794657156213 0.11943694284918457 0.11904789743273772 0.12780141930279196 0.1260507149287811
2.8559933214452666 0.24529313506974224 0.2521014298575622 0.21708734237734525 0.18382395927113912
3.4271919857343196 0.2629947015180742 0.2818634042157466 0.19257748114119336 0.26435636047563815
3.998390650023373 0.14102896346198504 0.12430001055477025 0.1435577586688896 0.18557466364514996
4.569589314312426 0.07158435662622137 0.0647760618384014 0.09453803619658584 0.12430001055477025
5.140787978601479 0.10465321702420406 0.09628874057059668 0.12430001055477025 0.11904789743273772
5.711986642890533 0.21786543321023893 0.22759156862141033 0.19607888988921507 0.18382395927113912
