0.0 0.1795444596902237 0.2258408642473995 0.1365549411728462 0.1295521236768028
0.5711986642890533 0.10893271660511947 0.08578451432653159 0.13130282805081364 0.11204507993669433
1.1423973285781066 0.055244449135453455 0.036764791854227825 0.10154085369262923 0.07528028808246649
1.7135959928671598 0.06030203954926257 0.02801126998417358 0.11379578431070517 0.06652676621241226
2.284794657156213 0.14978248533203928 0.1400563499208679 0.19607888988921507 0.15931409803498722
2.8559933214452666 0.3129870375314951 0.3553929879242023 0.2836141085897575 0.23809579486547544
3.4271919857343196 0.3460558979294778 0.4009113016484844 0.24509861236151884 0.26085495172761647
3.998390650023373 0.21125166113064242 0.19082677676718252 0.19257748114119336 0.26785776922365984
4.569589314312426 0.1091272393133429 0.07352958370845565 0.12430001055477025 0.19607888988921507
5.140787978601479 0.08014335578805219 0.05952394871636886 0.09103662744856413 0.12430001055477025
5.711986642890533 0.1373330320057399 0.15406198491295467 0.13480423679883535 0.12079860180674858
