0.0 0.12702332846989825 0.1295521236768028 0.10679296681466177 0.10679296681466177
0.5711986642890533 0.0865626051594253 0.05952394871636886 0.08753521870054244 0.11204507993669433
1.1423973285781066 0.06166369850682656 0.06127465309037971 0.08403380995252074 0.09628874057059668
1.7135959928671598 0.09453803619658584 0.0717788793344448 0.12430001055477025 0.11029437556268347
2.284794657156213 0.19763507155500248 0.17857184614910657 0.19607888988921507 0.2048324117592693
2.8559933214452666 0.3250474454413476 0.33963664855810466 0.2696084735976707 0.27486058671970326
3.4271919857343196 0.31279251482327164 0.37815214478634335 0.2713591779716816 0.25035072548355136
3.998390650023373 0.19471723093165105 0.1873253680191608 0.22409015987338865 0.20133100301124762
4.569589314312426 0.11476839785182232 0.10679296681466177 0.1330535324248245 0.1470591674169113
5.140787978601479 0.09745587681993725 0.09453803619658584 0.12079860180674858 0.11554648868471602
5.711986642890533 0.13850016825508046 0.1435577586688896 0.1330535324248245 0.13130282805081364
