0.0 0.31746105982063394 0.35189157917618064 0.25035072548355136 0.2556028386055839
0.5711986642890533 0.23867936299014572 0.24159720361349715 0.23809579486547544 0.1943281855152042
1.1423973285781066 0.1314973507590371 0.1260507149287811 0.1610648024089981 0.16281550678300893
1.7135959928671598 0.0717788793344448 0.04726901809829292 0.10329155806664007 0.11729719305872688
2.284794657156213 0.10017919473506523 0.07352958370845565 0.11554648868471602 0.12780141930279196
2.8559933214452666 0.1414180088784319 0.15406198491295467 0.12254930618075942 0.12780141930279196
3.4271919857343196 0.15853600720209352 0.19607888988921507 0.12430001055477025 0.14180705429487875
3.998390650023373 0.11613005680938629 0.10679296681466177 0.11729719305872688 0.1260507149287811
4.569589314312426 0.08948044578277672 0.04901972247230377 0.15581268928696554 0.12780141930279196
5.140787978601479 0.12994116909324965 0.11379578431070517 0.15756339366097638 0.13130282805081364
5.711986642890533 0.2556028386055839 0.2906169260858009 0.2048324117592693 0.23809579486547544
