0.0 0.2421807717381674 0.243347907987508 0.1873253680191608 0.21008452488130183
0.5711986642890533 0.19316104926586367 0.22759156862141033 0.17156902865306317 0.16281550678300893
1.1423973285781066 0.0922037636979047 0.09979014931861838 0.11729719305872688 0.10679296681466177
1.7135959928671598 0.08286667370318017 0.050770426846314616 0.13130282805081364 0.11554648868471602
2.284794657156213 0.1406399180455382 0.09979014931861838 0.15056057616493299 0.17331973302707404
2.8559933214452666 0.2966471300407272 0.31512678732195276 0.2591042473536056 0.2818634042157466
3.4271919857343196 0.28341958588153404 0.3308831266880504 0.243347907987508 0.22058875112536694
3.998390650023373 0.12994116909324965 0.10854367118867263 0.16456621115701978 0.10329155806664007
4.569589314312426 0.06263631204794369 0.04376760935027122 0.10679296681466177 0.11904789743273772
5.140787978601479 0.07002817496043395 0.06127465309037971 0.08403380995252074 0.09278733182257498
5.711986642890533 0.1569798255363061 0.16981832427905233 0.13480423679883535 0.16456621115701978
