0.0 0.3145432191972825 0.3483901704281589 0.2626056561016273 0.23984649923948628
0.5711986642890533 0.24548765777796566 0.243347907987508 0.2118352292553127 0.24509861236151884
1.1423973285781066 0.09823396765283096 0.12079860180674858 0.1260507149287811 0.1260507149287811
1.7135959928671598 0.05699515350946429 0.03326338310620613 0.09628874057059668 0.12254930618075942
2.284794657156213 0.12527262409588738 0.11029437556268347 0.15231128053894383 0.12780141930279196
2.8559933214452666 0.256575452146701 0.2836141085897575 0.2048324117592693 0.22409015987338865
3.4271919857343196 0.22097779654181382 0.23459438611745376 0.16281550678300893 0.1873253680191608
3.998390650023373 0.10620939868999149 0.11729719305872688 0.11554648868471602 0.11904789743273772
4.569589314312426 0.04707449539006949 0.02976197435818443 0.08753521870054244 0.0682774705864231
5.140787978601479 0.07430767454134936 0.05602253996834716 0.11204507993669433 0.11379578431070517
5.711986642890533 0.20502693446749273 0.17331973302707404 0.2188380467513561 0.17682114177509572
