0.0 0.383015212491929 0.439426797876723 0.266107064849649 0.27836199546772494
0.5711986642890533 0.2548247477726902 0.2941183348338226 0.2521014298575622 0.22759156862141033
1.1423973285781066 0.088702354949883 0.04551831372428206 0.11729719305872688 0.14530846304290046
1.7135959928671598 0.04454570018316493 0.015756339366097636 0.08403380995252074 0.09278733182257498
2.284794657156213 0.08617355974297844 0.08753521870054244 0.08228310557850989 0.10154085369262923
2.8559933214452666 0.17507043740108488 0.208333820507291 0.13480423679883535 0.14180705429487875
3.4271919857343196 0.17798827802443629 0.19082677676718252 0.1435577586688896 0.13830564554685706
3.998390650023373 0.10406964889953378 0.07528028808246649 0.14180705429487875 0.15581268928696554
4.569589314312426 0.06302535746439054 0.03326338310620613 0.09979014931861838 0.11379578431070517
5.140787978601479 0.11924242014096113 0.09278733182257498 0.16631691553103062 0.13130282805081364
5.711986642890533 0.2540466569397965 0.26785776922365984 0.2626056561016273 0.22409015987338865
