0.0 0.3528641927172977 0.42191975413661453 0.27486058671970326 0.25035072548355136
0.5711986642890533 0.25385213423157305 0.2556028386055839 0.22409015987338865 0.25035072548355136
1.1423973285781066 0.10873819389689604 0.08928592307455328 0.1435577586688896 0.15231128053894383
1.7135959928671598 0.06925008412754023 0.03851549622823867 0.11379578431070517 0.11029437556268347
2.284794657156213 0.10679296681466177 0.08228310557850989 0.14880987179092214 0.14880987179092214
2.8559933214452666 0.18888154968494825 0.21533663800333439 0.15756339366097638 0.15406198491295467
3.4271919857343196 0.1873253680191608 0.2048324117592693 0.12254930618075942 0.15581268928696554
3.998390650023373 0.09239828640612813 0.07703099245647733 0.11204507993669433 0.11729719305872688
4.569589314312426 0.050381381429867755 0.04201690497626037 0.07878169683048819 0.08928592307455328
5.140787978601479 0.10173537640085266 0.08578451432653159 0.15406198491295467 0.12430001055477025
5.711986642890533 0.23848484028192227 0.23809579486547544 0.22058875112536694 0.1978295942632259
