0.0 0.16087027970077467 0.17682114177509572 0.13130282805081364 0.12079860180674858
0.5711986642890533 0.11418482972715202 0.11204507993669433 0.15406198491295467 0.09979014931861838
1.1423973285781066 0.06944460683576367 0.04201690497626037 0.11729719305872688 0.09453803619658584
1.7135959928671598 0.08850783224165958 0.07002817496043395 0.10329155806664007 0.1365549411728462
2.284794657156213 0.21358593362932354 0.208333820507291 0.22409015987338865 0.2048324117592693
2.8559933214452666 0.35694916958998973 0.3956591885264518 0.2591042473536056 0.31862819606997445
3.4271919857343196 0.33380096731140185 0.38165355353436503 0.29236763045981173 0.2521014298575622
3.998390650023373 0.1795444596902237 0.17156902865306317 0.19082677676718252 0.1978295942632259
4.569589314312426 0.06497058454662483 0.03851549622823867 0.11904789743273772 0.11029437556268347
5.140787978601479 0.05329922205321917 0.04726901809829292 0.050770426846314616 0.09103662744856413
5.711986642890533 0.11554648868471602 0.10679296681466177 0.10854367118867263 0.12430001055477025
