0.0 0.321156991276879 0.35189157917618064 0.2836141085897575 0.2258408642473995
0.5711986642890533 0.20989000217307843 0.21708734237734525 0.22058875112536694 0.18557466364514996
1.1423973285781066 0.07780908328937106 0.05777324434235801 0.1260507149287811 0.10504226244065092
1.7135959928671598 0.05466088101078316 0.04201690497626037 0.08928592307455328 0.09979014931861838
2.284794657156213 0.1069874895228852 0.12079860180674858 0.10329155806664007 0.12254930618075942
2.8559933214452666 0.2203942284171435 0.2328436817434429 0.1873253680191608 0.17682114177509572
3.4271919857343196 0.2293422729954212 0.25035072548355136 0.19257748114119336 0.19082677676718252
3.998390650023373 0.11360126160248173 0.08403380995252074 0.12079860180674858 0.1365549411728462
4.569589314312426 0.061080130382156275 0.050770426846314616 0.10679296681466177 0.10329155806664007
5.140787978601479 0.1091272393133429 0.09278733182257498 0.13130282805081364 0.17156902865306317
5.711986642890533 0.24665479402730625 0.25035072548355136 0.18907607239317167 0.2328436817434429
