0.0 0.011512207550313763 0.004933803235848756 0.004933803235848756 0.009867606471697512
0.2026833970057931 0.01589781042662377 0.009867606471697512 0.024669016179243778 0.019735212943395024
0.4053667940115862 0.015349610067085016 0.014801409707546268 0.03947042588679005 0.024669016179243778
0.6080501910173793 0.01863881222431752 0.014801409707546268 0.024669016179243778 0.014801409707546268
0.8107335880231724 0.02083161366247252 0.0 0.03453662265094129 0.0
1.0134169850289656 0.024120815819705026 0.019735212943395024 0.024669016179243778 0.03453662265094129
1.2161003820347587 0.04056682660586755 0.05427183559433631 0.03453662265094129 0.049338032358487556
1.4187837790405518 0.04824163163941005 0.03947042588679005 0.05920563883018507 0.0444042291226388
1.6214671760463448 0.05920563883018507 0.05920563883018507 0.09867606471697511 0.07400704853773134
1.824150573052138 0.08826025788573885 0.10360986795282387 0.06907324530188258 0.1677493100188577
2.026833970057931 0.1365018895251489 0.11347747442452137 0.19735212943395022 0.1776169164905552
2.2295173670637243 0.21708734237734523 0.15294790031131142 0.26149157149998403 0.28616058767922786
2.4322007640695174 0.27464838012891407 0.28122678444337906 0.28616058767922786 0.2664253747358328
2.6348841610753104 0.4144394718112955 0.4292408815188417 0.3651014394528079 0.43910848799053925
2.8375675580811035 0.5147601376068869 0.5969901915376994 0.46377750416978303 0.3996380621037492
3.0402509550868966 0.5542305634936768 0.5476521591792118 0.4539098976980855 0.5279169462358169
3.2429343520926897 0.5635499696058357 0.6117916012452457 0.4588437009339343 0.4785789138773293
3.4456177490984827 0.5284651465953556 0.626593010952792 0.4933803235848756 0.43910848799053925
3.648301146104276 0.4385602876310005 0.39470425886790045 0.3996380621037492 0.4588437009339343
3.850984543110069 0.3481072283071066 0.33056481680186667 0.32563101356601787 0.32563101356601787
4.053667940115862 0.2231175463322715 0.20721973590564774 0.28122678444337906 0.23682255532074029
4.2563513371216555 0.13376088772745515 0.09867606471697511 0.14801409707546268 0.14801409707546268
4.4590347341274486 0.10854367118867261 0.09867606471697511 0.1578817035471602 0.1776169164905552
4.661718131133242 0.04714523092033255 0.05427183559433631 0.05427183559433631 0.029602819415092536
4.864401528139035 0.029602819415092536 0.029602819415092536 0.024669016179243778 0.049338032358487556
5.067084925144828 0.022476214741088775 0.004933803235848756 0.05920563883018507 0.014801409707546268
5.269768322150621 0.014801409707546268 0.024669016179243778 0.024669016179243778 0.024669016179243778
5.472451719156414 0.004933803235848756 0.004933803235848756 0.014801409707546268 0.004933803235848756
5.675135116162207 0.004385602876310005 0.0 0.024669016179243778 0.0
5.877818513168 0.005482003595387506 0.0 0.019735212943395024 0.004933803235848756
6.080501910173793 0.006578404314465007 0.004933803235848756 0.004933803235848756 0.004933803235848756
