0.0 0.009867606471697512 0.0 0.014801409707546268 0.009867606471697512
0.2026833970057931 0.01589781042662377 0.014801409707546268 0.03453662265094129 0.009867606471697512
0.4053667940115862 0.01041580683123626 0.014801409707546268 0.004933803235848756 0.024669016179243778
0.6080501910173793 0.013705008988468766 0.004933803235848756 0.024669016179243778 0.03453662265094129
0.8107335880231724 0.01754241150524002 0.0 0.024669016179243778 0.029602819415092536
1.0134169850289656 0.019187012583856272 0.009867606471697512 0.03947042588679005 0.024669016179243778
1.2161003820347587 0.03234382121278629 0.029602819415092536 0.049338032358487556 0.05427183559433631
1.4187837790405518 0.046597030560793805 0.029602819415092536 0.09867606471697511 0.06413944206603382
1.6214671760463448 0.08551925608804509 0.08387465500942885 0.14801409707546268 0.10854367118867261
1.824150573052138 0.12498968197483513 0.10360986795282387 0.18255071972640394 0.1332126873679164
2.026833970057931 0.18145431900732645 0.14308029383961393 0.1874845229622527 0.202285932669799
2.2295173670637243 0.25929877006182905 0.25162396502828654 0.26149157149998403 0.24175635855658903
2.4322007640695174 0.3371432211163316 0.3453662265094129 0.37990284916035416 0.34043242327356416
2.6348841610753104 0.4166322732494505 0.3700352426886567 0.39470425886790045 0.36016763621695913
2.8375675580811035 0.48680191927041055 0.5377845527075144 0.46377750416978303 0.404571865339598
3.0402509550868966 0.5021515293374955 0.5723211753584557 0.37990284916035416 0.39470425886790045
3.2429343520926897 0.5706765742798394 0.6857986497829771 0.44897609446223674 0.5081817332924218
3.4456177490984827 0.5081817332924218 0.5427183559433632 0.4144394718112955 0.48351271711317806
3.648301146104276 0.3755172462840442 0.3700352426886567 0.3354986200377154 0.3749690459245054
3.850984543110069 0.2697145768930653 0.21215353914149648 0.23188875208489151 0.28122678444337906
4.053667940115862 0.18912912404086896 0.1874845229622527 0.20721973590564774 0.18255071972640394
4.2563513371216555 0.13869469096330392 0.13814649060376516 0.202285932669799 0.19241832619810148
4.4590347341274486 0.08551925608804509 0.09374226148112635 0.10854367118867261 0.17268311325470645
4.661718131133242 0.054820035953875065 0.024669016179243778 0.06413944206603382 0.11347747442452137
4.864401528139035 0.03234382121278629 0.019735212943395024 0.06413944206603382 0.05427183559433631
5.067084925144828 0.02521721653878253 0.009867606471697512 0.019735212943395024 0.024669016179243778
5.269768322150621 0.03234382121278629 0.03947042588679005 0.03453662265094129 0.049338032358487556
5.472451719156414 0.027410017976937533 0.014801409707546268 0.03947042588679005 0.014801409707546268
5.675135116162207 0.02631361725786003 0.0444042291226388 0.03453662265094129 0.024669016179243778
5.877818513168 0.020283413302933775 0.014801409707546268 0.029602819415092536 0.004933803235848756
6.080501910173793 0.01809061186477877 0.024669016179243778 0.009867606471697512 0.014801409707546268
