0.0 0.004385602876310005 0.0 0.009867606471697512 0.014801409707546268
0.2026833970057931 0.007126604674003758 0.0 0.004933803235848756 0.03453662265094129
0.4053667940115862 0.00877120575262001 0.004933803235848756 0.009867606471697512 0.019735212943395024
0.6080501910173793 0.012060407909852513 0.004933803235848756 0.009867606471697512 0.024669016179243778
0.8107335880231724 0.01699421114570127 0.004933803235848756 0.03947042588679005 0.03453662265094129
1.0134169850289656 0.02686181761739878 0.009867606471697512 0.024669016179243778 0.03453662265094129
1.2161003820347587 0.04495242948217755 0.03453662265094129 0.0789408517735801 0.0444042291226388
1.4187837790405518 0.049338032358487556 0.019735212943395024 0.049338032358487556 0.11347747442452137
1.6214671760463448 0.08168185357127385 0.06907324530188258 0.09374226148112635 0.09867606471697511
1.824150573052138 0.11895947801990889 0.0888084582452776 0.16281550678300893 0.1776169164905552
2.026833970057931 0.17377951397378397 0.16281550678300893 0.1874845229622527 0.18255071972640394
2.2295173670637243 0.21763554273688399 0.17268311325470645 0.2565577682641353 0.202285932669799
2.4322007640695174 0.31028140349893285 0.34043242327356416 0.39470425886790045 0.24175635855658903
2.6348841610753104 0.3678424412505017 0.4193732750471443 0.32563101356601787 0.33056481680186667
2.8375675580811035 0.422114276844838 0.37990284916035416 0.40950566857544674 0.3157634070943204
3.0402509550868966 0.4807717153154843 0.5723211753584557 0.39470425886790045 0.4539098976980855
3.2429343520926897 0.4972177261016468 0.5081817332924218 0.3897704556320517 0.43417468475469045
3.4456177490984827 0.4730969102819418 0.5673873721226069 0.39470425886790045 0.37990284916035416
3.648301146104276 0.41992147540668295 0.46377750416978303 0.35030002974526164 0.38483665239620296
3.850984543110069 0.3640050387337304 0.4292408815188417 0.32563101356601787 0.28122678444337906
4.053667940115862 0.2751965804884528 0.28122678444337906 0.30589580062262284 0.29602819415092535
4.2563513371216555 0.1874845229622527 0.19735212943395022 0.202285932669799 0.23682255532074029
4.4590347341274486 0.12937528485114516 0.0789408517735801 0.1578817035471602 0.16281550678300893
4.661718131133242 0.08606745644758385 0.06413944206603382 0.09374226148112635 0.11347747442452137
4.864401528139035 0.06194664062787882 0.014801409707546268 0.11841127766037014 0.11347747442452137
5.067084925144828 0.03947042588679005 0.03453662265094129 0.05920563883018507 0.0789408517735801
5.269768322150621 0.02521721653878253 0.009867606471697512 0.029602819415092536 0.049338032358487556
5.472451719156414 0.013705008988468766 0.0 0.019735212943395024 0.029602819415092536
5.675135116162207 0.010964007190775012 0.0 0.014801409707546268 0.024669016179243778
5.877818513168 0.004385602876310005 0.0 0.019735212943395024 0.014801409707546268
6.080501910173793 0.0021928014381550026 0.0 0.0 0.009867606471697512
