0.0 0.009867606471697512 0.004933803235848756 0.019735212943395024 0.004933803235848756
0.2026833970057931 0.010964007190775012 0.009867606471697512 0.024669016179243778 0.009867606471697512
0.4053667940115862 0.013705008988468766 0.0 0.049338032358487556 0.019735212943395024
0.6080501910173793 0.013156808628930015 0.004933803235848756 0.004933803235848756 0.019735212943395024
0.8107335880231724 0.01863881222431752 0.009867606471697512 0.014801409707546268 0.049338032358487556
1.0134169850289656 0.01644601078616252 0.014801409707546268 0.029602819415092536 0.019735212943395024
1.2161003820347587 0.029054619055553784 0.009867606471697512 0.03453662265094129 0.049338032358487556
1.4187837790405518 0.048789831998948804 0.029602819415092536 0.03947042588679005 0.11347747442452137
1.6214671760463448 0.07291064781865383 0.049338032358487556 0.10360986795282387 0.11841127766037014
1.824150573052138 0.09757966399789761 0.0789408517735801 0.1332126873679164 0.13814649060376516
2.026833970057931 0.13485728844653266 0.10360986795282387 0.1332126873679164 0.26149157149998403
2.2295173670637243 0.2384671563993565 0.17268311325470645 0.26149157149998403 0.2565577682641353
2.4322007640695174 0.33604682039725414 0.3749690459245054 0.3700352426886567 0.29109439091507655
2.6348841610753104 0.4303372822379193 0.5772549785943044 0.3700352426886567 0.3552338329811104
2.8375675580811035 0.5394291537861307 0.5624535688867581 0.46377750416978303 0.3552338329811104
3.0402509550868966 0.5767067782347657 0.6709972400754308 0.46377750416978303 0.44897609446223674
3.2429343520926897 0.5564233649318319 0.5476521591792118 0.48351271711317806 0.3897704556320517
3.4456177490984827 0.47803071351779053 0.5377845527075144 0.49831412682072435 0.404571865339598
3.648301146104276 0.39251145742974547 0.4144394718112955 0.3996380621037492 0.39470425886790045
3.850984543110069 0.2751965804884528 0.2466901617924378 0.28122678444337906 0.28122678444337906
4.053667940115862 0.18912912404086896 0.14308029383961393 0.18255071972640394 0.2713591779716816
4.2563513371216555 0.14472489491823015 0.11841127766037014 0.1776169164905552 0.24175635855658903
4.4590347341274486 0.08497105572850634 0.049338032358487556 0.1233450808962189 0.13814649060376516
4.661718131133242 0.06359124170649508 0.029602819415092536 0.09374226148112635 0.1233450808962189
4.864401528139035 0.031247420493708784 0.019735212943395024 0.0444042291226388 0.029602819415092536
5.067084925144828 0.022476214741088775 0.019735212943395024 0.03947042588679005 0.019735212943395024
5.269768322150621 0.02631361725786003 0.024669016179243778 0.009867606471697512 0.03947042588679005
5.472451719156414 0.023024415100627527 0.029602819415092536 0.029602819415092536 0.009867606471697512
5.675135116162207 0.02137981402201127 0.03453662265094129 0.014801409707546268 0.03453662265094129
5.877818513168 0.01754241150524002 0.029602819415092536 0.014801409707546268 0.024669016179243778
6.080501910173793 0.020283413302933775 0.014801409707546268 0.024669016179243778 0.019735212943395024
