0.0 0.06523584278511133 0.08387465500942885 0.06907324530188258 0.05427183559433631
0.2026833970057931 0.06523584278511133 0.05920563883018507 0.0789408517735801 0.05427183559433631
0.4053667940115862 0.05920563883018507 0.05427183559433631 0.07400704853773134 0.0888084582452776
0.6080501910173793 0.07619984997588634 0.024669016179243778 0.1332126873679164 0.11347747442452137
0.8107335880231724 0.08277825429035134 0.049338032358487556 0.15294790031131142 0.0888084582452776
1.0134169850289656 0.11676667658175388 0.11841127766037014 0.1332126873679164 0.1332126873679164
1.2161003820347587 0.13485728844653266 0.16281550678300893 0.1677493100188577 0.1332126873679164
1.4187837790405518 0.18693632260271395 0.1578817035471602 0.20721973590564774 0.15294790031131142
1.6214671760463448 0.22695494884904274 0.23188875208489151 0.19241832619810148 0.222021145613194
1.824150573052138 0.28780518875784405 0.34043242327356416 0.22695494884904274 0.24175635855658903
2.026833970057931 0.3228900117683241 0.32563101356601787 0.29602819415092535 0.3009619973867741
2.2295173670637243 0.3530410315429554 0.34043242327356416 0.2762929812075303 0.3453662265094129
2.4322007640695174 0.37990284916035416 0.4144394718112955 0.2762929812075303 0.4292408815188417
2.6348841610753104 0.3744208455649667 0.37990284916035416 0.2713591779716816 0.4539098976980855
2.8375675580811035 0.32946841608278915 0.36016763621695913 0.3552338329811104 0.30589580062262284
3.0402509550868966 0.3228900117683241 0.33056481680186667 0.28616058767922786 0.3206972103301691
3.2429343520926897 0.2987691959486191 0.3552338329811104 0.3009619973867741 0.2762929812075303
3.4456177490984827 0.25162396502828654 0.2762929812075303 0.26149157149998403 0.20721973590564774
3.648301146104276 0.21544274129872898 0.23188875208489151 0.20721973590564774 0.16281550678300893
3.850984543110069 0.17706871613101643 0.1776169164905552 0.23682255532074029 0.15294790031131142
4.053667940115862 0.13156808628930017 0.10854367118867261 0.12827888413206764 0.11347747442452137
4.2563513371216555 0.0920976604025101 0.06413944206603382 0.11841127766037014 0.10360986795282387
4.4590347341274486 0.06304304134695632 0.05427183559433631 0.06907324530188258 0.10854367118867261
4.661718131133242 0.04001862624632879 0.004933803235848756 0.05920563883018507 0.0789408517735801
4.864401528139035 0.02521721653878253 0.004933803235848756 0.06907324530188258 0.024669016179243778
5.067084925144828 0.02686181761739878 0.03453662265094129 0.0444042291226388 0.03947042588679005
5.269768322150621 0.029054619055553784 0.019735212943395024 0.03453662265094129 0.03453662265094129
5.472451719156414 0.03727762444863504 0.029602819415092536 0.0444042291226388 0.0444042291226388
5.675135116162207 0.0433078284035613 0.019735212943395024 0.03947042588679005 0.06413944206603382
5.877818513168 0.052079034156181314 0.05427183559433631 0.05427183559433631 0.03453662265094129
6.080501910173793 0.06578404314465008 0.06413944206603382 0.06907324530188258 0.049338032358487556
