0.0 0.030699220134170032 0.024669016179243778 0.05427183559433631 0.03453662265094129
0.2026833970057931 0.02521721653878253 0.019735212943395024 0.03947042588679005 0.024669016179243778
0.4053667940115862 0.020283413302933775 0.009867606471697512 0.014801409707546268 0.029602819415092536
0.6080501910173793 0.01754241150524002 0.004933803235848756 0.03947042588679005 0.019735212943395024
0.8107335880231724 0.014253209348007516 0.004933803235848756 0.049338032358487556 0.024669016179243778
1.0134169850289656 0.015349610067085016 0.0 0.0444042291226388 0.019735212943395024
1.2161003820347587 0.023024415100627527 0.009867606471697512 0.03453662265094129 0.049338032358487556
1.4187837790405518 0.02521721653878253 0.0 0.05427183559433631 0.019735212943395024
1.6214671760463448 0.051530833796642556 0.024669016179243778 0.07400704853773134 0.11347747442452137
1.824150573052138 0.0789408517735801 0.05920563883018507 0.1578817035471602 0.11347747442452137
2.026833970057931 0.1211522794580639 0.10360986795282387 0.1677493100188577 0.1332126873679164
2.2295173670637243 0.21215353914149648 0.18255071972640394 0.2565577682641353 0.18255071972640394
2.4322007640695174 0.3239864124874016 0.3157634070943204 0.33056481680186667 0.3206972103301691
2.6348841610753104 0.4034754646205205 0.4193732750471443 0.3453662265094129 0.404571865339598
2.8375675580811035 0.4939285239444143 0.5377845527075144 0.3157634070943204 0.3996380621037492
3.0402509550868966 0.5366881519884369 0.5871225850660019 0.4785789138773293 0.444042291226388
3.2429343520926897 0.5087299336519606 0.5920563883018507 0.404571865339598 0.5328507494716656
3.4456177490984827 0.49447672430395306 0.5476521591792118 0.32563101356601787 0.5476521591792118
3.648301146104276 0.3640050387337304 0.35030002974526164 0.3651014394528079 0.38483665239620296
3.850984543110069 0.2697145768930653 0.2466901617924378 0.3108296038584716 0.23188875208489151
4.053667940115862 0.19241832619810148 0.222021145613194 0.19241832619810148 0.25162396502828654
4.2563513371216555 0.14472489491823015 0.10360986795282387 0.20721973590564774 0.14801409707546268
4.4590347341274486 0.0942904618406651 0.08387465500942885 0.14308029383961393 0.08387465500942885
4.661718131133242 0.07016964602096008 0.049338032358487556 0.0789408517735801 0.10360986795282387
4.864401528139035 0.06742864422326633 0.05427183559433631 0.07400704853773134 0.07400704853773134
5.067084925144828 0.07619984997588634 0.10360986795282387 0.0888084582452776 0.03947042588679005
5.269768322150621 0.07236244745911508 0.08387465500942885 0.07400704853773134 0.05427183559433631
5.472451719156414 0.057012837392030065 0.049338032358487556 0.06413944206603382 0.0444042291226388
5.675135116162207 0.054820035953875065 0.05920563883018507 0.06413944206603382 0.0444042291226388
5.877818513168 0.0422114276844838 0.05427183559433631 0.03947042588679005 0.03453662265094129
6.080501910173793 0.03179562085324754 0.029602819415092536 0.0444042291226388 0.024669016179243778
