0.0 0.03234382121278629 0.024669016179243778 0.06413944206603382 0.029602819415092536
0.2026833970057931 0.027410017976937533 0.009867606471697512 0.049338032358487556 0.024669016179243778
0.4053667940115862 0.027410017976937533 0.029602819415092536 0.029602819415092536 0.05920563883018507
0.6080501910173793 0.023024415100627527 0.019735212943395024 0.03947042588679005 0.004933803235848756
0.8107335880231724 0.028506418696015032 0.024669016179243778 0.029602819415092536 0.03453662265094129
1.0134169850289656 0.035633023370018786 0.0444042291226388 0.03947042588679005 0.014801409707546268
1.2161003820347587 0.02686181761739878 0.03453662265094129 0.014801409707546268 0.03453662265094129
1.4187837790405518 0.048789831998948804 0.019735212943395024 0.08387465500942885 0.05920563883018507
1.6214671760463448 0.03453662265094129 0.029602819415092536 0.07400704853773134 0.024669016179243778
1.824150573052138 0.049338032358487556 0.06413944206603382 0.06413944206603382 0.05427183559433631
2.026833970057931 0.08003725249265758 0.06907324530188258 0.11347747442452137 0.10854367118867261
2.2295173670637243 0.12005587873898638 0.10360986795282387 0.17268311325470645 0.14308029383961393
2.4322007640695174 0.21489454093919025 0.21708734237734523 0.25162396502828654 0.21708734237734523
2.6348841610753104 0.26368437293813907 0.2713591779716816 0.24175635855658903 0.30589580062262284
2.8375675580811035 0.36181223729557543 0.3651014394528079 0.3996380621037492 0.34043242327356416
3.0402509550868966 0.4144394718112955 0.3897704556320517 0.40950566857544674 0.3453662265094129
3.2429343520926897 0.4670667063270155 0.5032479300565731 0.34043242327356416 0.4144394718112955
3.4456177490984827 0.4895429210681043 0.5673873721226069 0.4785789138773293 0.39470425886790045
3.648301146104276 0.42156607648529926 0.4539098976980855 0.38483665239620296 0.34043242327356416
3.850984543110069 0.39031865599159044 0.404571865339598 0.3749690459245054 0.3354986200377154
4.053667940115862 0.34591442686895163 0.38483665239620296 0.3354986200377154 0.3157634070943204
4.2563513371216555 0.2576541689832128 0.22695494884904274 0.222021145613194 0.2565577682641353
4.4590347341274486 0.19790032979348898 0.202285932669799 0.14308029383961393 0.23682255532074029
4.661718131133242 0.14911049779454016 0.1677493100188577 0.1677493100188577 0.18255071972640394
4.864401528139035 0.10964007190775013 0.06907324530188258 0.11347747442452137 0.1776169164905552
5.067084925144828 0.07729625069496383 0.05427183559433631 0.07400704853773134 0.1332126873679164
5.269768322150621 0.057012837392030065 0.0444042291226388 0.049338032358487556 0.10360986795282387
5.472451719156414 0.05372363523479756 0.03453662265094129 0.06413944206603382 0.0789408517735801
5.675135116162207 0.052079034156181314 0.03453662265094129 0.03947042588679005 0.0789408517735801
5.877818513168 0.038922225527251296 0.024669016179243778 0.049338032358487556 0.03453662265094129
6.080501910173793 0.03727762444863504 0.0444042291226388 0.019735212943395024 0.049338032358487556
