0.0 0.04001862624632879 0.024669016179243778 0.03453662265094129 0.049338032358487556
0.2026833970057931 0.0422114276844838 0.03947042588679005 0.03947042588679005 0.0444042291226388
0.4053667940115862 0.0444042291226388 0.06413944206603382 0.03947042588679005 0.019735212943395024
0.6080501910173793 0.05591643667295257 0.05920563883018507 0.05920563883018507 0.03453662265094129
0.8107335880231724 0.051530833796642556 0.05427183559433631 0.03453662265094129 0.06907324530188258
1.0134169850289656 0.046597030560793805 0.0444042291226388 0.07400704853773134 0.029602819415092536
1.2161003820347587 0.05262723451572006 0.0444042291226388 0.08387465500942885 0.0789408517735801
1.4187837790405518 0.057561037751568817 0.049338032358487556 0.0789408517735801 0.07400704853773134
1.6214671760463448 0.08003725249265758 0.0888084582452776 0.08387465500942885 0.12827888413206764
1.824150573052138 0.12553788233437388 0.09374226148112635 0.13814649060376516 0.202285932669799
2.026833970057931 0.16829751037839646 0.12827888413206764 0.23682255532074029 0.222021145613194
2.2295173670637243 0.23791895603981777 0.202285932669799 0.28616058767922786 0.202285932669799
2.4322007640695174 0.3042511995440066 0.3009619973867741 0.20721973590564774 0.3354986200377154
2.6348841610753104 0.4078610674968305 0.46377750416978303 0.4144394718112955 0.35030002974526164
2.8375675580811035 0.5131155365282706 0.5180493397641194 0.4144394718112955 0.44897609446223674
3.0402509550868966 0.5366881519884369 0.6167254044810945 0.43910848799053925 0.43910848799053925
3.2429343520926897 0.5207903415618131 0.5377845527075144 0.444042291226388 0.4292408815188417
3.4456177490984827 0.45062069554085304 0.46871130740563177 0.4193732750471443 0.3354986200377154
3.648301146104276 0.38319205131758666 0.404571865339598 0.37990284916035416 0.3651014394528079
3.850984543110069 0.2757447808479916 0.3157634070943204 0.2762929812075303 0.3206972103301691
4.053667940115862 0.1984485301530277 0.1874845229622527 0.26149157149998403 0.24175635855658903
4.2563513371216555 0.11292927406498263 0.06907324530188258 0.11841127766037014 0.13814649060376516
4.4590347341274486 0.07400704853773134 0.05920563883018507 0.13814649060376516 0.09374226148112635
4.661718131133242 0.03398842229140254 0.03453662265094129 0.05920563883018507 0.049338032358487556
4.864401528139035 0.023572615460166275 0.004933803235848756 0.0444042291226388 0.06907324530188258
5.067084925144828 0.014801409707546268 0.009867606471697512 0.029602819415092536 0.03453662265094129
5.269768322150621 0.012060407909852513 0.0 0.019735212943395024 0.029602819415092536
5.472451719156414 0.010964007190775012 0.0 0.019735212943395024 0.024669016179243778
5.675135116162207 0.011512207550313763 0.004933803235848756 0.009867606471697512 0.03453662265094129
5.877818513168 0.019735212943395024 0.004933803235848756 0.029602819415092536 0.014801409707546268
6.080501910173793 0.02686181761739878 0.03947042588679005 0.019735212943395024 0.024669016179243778
