0.0 0.11457387514359887 0.07400704853773134 0.09867606471697511 0.13814649060376516
0.2026833970057931 0.08606745644758385 0.09867606471697511 0.1578817035471602 0.0444042291226388
0.4053667940115862 0.061398440268340064 0.03453662265094129 0.0789408517735801 0.05427183559433631
0.6080501910173793 0.04769343127987131 0.014801409707546268 0.0789408517735801 0.06907324530188258
0.8107335880231724 0.03508482301048004 0.009867606471697512 0.06413944206603382 0.049338032358487556
1.0134169850289656 0.04166322732494504 0.03947042588679005 0.08387465500942885 0.05920563883018507
1.2161003820347587 0.03618122372955754 0.019735212943395024 0.0789408517735801 0.05920563883018507
1.4187837790405518 0.03618122372955754 0.009867606471697512 0.07400704853773134 0.0444042291226388
1.6214671760463448 0.049338032358487556 0.024669016179243778 0.05920563883018507 0.06907324530188258
1.824150573052138 0.06413944206603382 0.03453662265094129 0.07400704853773134 0.09374226148112635
2.026833970057931 0.10086886615513012 0.07400704853773134 0.10360986795282387 0.14308029383961393
2.2295173670637243 0.12005587873898638 0.11347747442452137 0.16281550678300893 0.10360986795282387
2.4322007640695174 0.1578817035471602 0.17268311325470645 0.18255071972640394 0.14308029383961393
2.6348841610753104 0.20173773231026024 0.19735212943395022 0.1874845229622527 0.17268311325470645
2.8375675580811035 0.23791895603981777 0.2664253747358328 0.19735212943395022 0.21215353914149648
3.0402509550868966 0.2686181761739878 0.33056481680186667 0.26149157149998403 0.20721973590564774
3.2429343520926897 0.28890158947692157 0.3552338329811104 0.32563101356601787 0.2466901617924378
3.4456177490984827 0.2790339830052241 0.24175635855658903 0.2762929812075303 0.2664253747358328
3.648301146104276 0.2762929812075303 0.2762929812075303 0.24175635855658903 0.2713591779716816
3.850984543110069 0.2664253747358328 0.2762929812075303 0.19241832619810148 0.3157634070943204
4.053667940115862 0.28122678444337906 0.2762929812075303 0.28616058767922786 0.29602819415092535
4.2563513371216555 0.2642325732976778 0.28616058767922786 0.1776169164905552 0.3108296038584716
4.4590347341274486 0.232985152803969 0.222021145613194 0.16281550678300893 0.202285932669799
4.661718131133242 0.232985152803969 0.24175635855658903 0.21708734237734523 0.25162396502828654
4.864401528139035 0.19954493087210523 0.16281550678300893 0.1578817035471602 0.2664253747358328
5.067084925144828 0.20009313123164396 0.21215353914149648 0.19735212943395022 0.222021145613194
5.269768322150621 0.16829751037839646 0.2762929812075303 0.14801409707546268 0.11841127766037014
5.472451719156414 0.15568890210900518 0.17268311325470645 0.17268311325470645 0.08387465500942885
5.675135116162207 0.16007450498531517 0.14801409707546268 0.19241832619810148 0.1578817035471602
5.877818513168 0.13869469096330392 0.1776169164905552 0.10854367118867261 0.11347747442452137
6.080501910173793 0.1299234852106839 0.09374226148112635 0.1332126873679164 0.14801409707546268
