0.0 0.0021928014381550026 0.0 0.014801409707546268 0.0
0.2026833970057931 0.0016446010786162518 0.0 0.004933803235848756 0.0
0.4053667940115862 0.007126604674003758 0.0 0.019735212943395024 0.004933803235848756
0.6080501910173793 0.011512207550313763 0.004933803235848756 0.03453662265094129 0.019735212943395024
0.8107335880231724 0.019735212943395024 0.014801409707546268 0.0444042291226388 0.024669016179243778
1.0134169850289656 0.03289202157232504 0.019735212943395024 0.06413944206603382 0.03947042588679005
1.2161003820347587 0.06249484098741757 0.03453662265094129 0.09867606471697511 0.05427183559433631
1.4187837790405518 0.08387465500942885 0.08387465500942885 0.11841127766037014 0.06413944206603382
1.6214671760463448 0.11841127766037014 0.08387465500942885 0.1677493100188577 0.08387465500942885
1.824150573052138 0.15020689851361768 0.18255071972640394 0.202285932669799 0.11841127766037014
2.026833970057931 0.20009313123164396 0.19735212943395022 0.22695494884904274 0.16281550678300893
2.2295173670637243 0.2466901617924378 0.26149157149998403 0.2664253747358328 0.2713591779716816
2.4322007640695174 0.33220941788048286 0.3453662265094129 0.3453662265094129 0.3552338329811104
2.6348841610753104 0.39415605850836166 0.3996380621037492 0.3552338329811104 0.3206972103301691
2.8375675580811035 0.48680191927041055 0.5377845527075144 0.42430707828299297 0.43417468475469045
3.0402509550868966 0.49776592646118556 0.5624535688867581 0.404571865339598 0.4588437009339343
3.2429343520926897 0.5531341627745994 0.6117916012452457 0.444042291226388 0.4785789138773293
3.4456177490984827 0.4950249246634918 0.5279169462358169 0.38483665239620296 0.48351271711317806
3.648301146104276 0.402379063901443 0.39470425886790045 0.3749690459245054 0.38483665239620296
3.850984543110069 0.30644400098216157 0.3009619973867741 0.3108296038584716 0.3108296038584716
4.053667940115862 0.20447873410795397 0.14308029383961393 0.1677493100188577 0.2664253747358328
4.2563513371216555 0.1321162866488389 0.1332126873679164 0.16281550678300893 0.18255071972640394
4.4590347341274486 0.08935665860481636 0.06413944206603382 0.11841127766037014 0.11841127766037014
4.661718131133242 0.049338032358487556 0.014801409707546268 0.0789408517735801 0.13814649060376516
4.864401528139035 0.024120815819705026 0.009867606471697512 0.029602819415092536 0.05427183559433631
5.067084925144828 0.014801409707546268 0.0 0.024669016179243778 0.05920563883018507
5.269768322150621 0.007674805033542508 0.004933803235848756 0.009867606471697512 0.019735212943395024
5.472451719156414 0.004385602876310005 0.0 0.014801409707546268 0.019735212943395024
5.675135116162207 0.0005482003595387506 0.0 0.004933803235848756 0.0
5.877818513168 0.0010964007190775013 0.0 0.004933803235848756 0.004933803235848756
6.080501910173793 0.0010964007190775013 0.0 0.009867606471697512 0.0
