0.0 0.0360368674039812 0.02013310030112476 0.08578451432653159 0.0810576125167023
0.5711986642890533 0.040865125782832176 0.028361410858975748 0.08981113438675653 0.08578451432653159
1.1423973285781066 0.06697826365623609 0.04884465203490268 0.11852268612053446 0.11957310874494097
1.7135959928671598 0.1309526871760115 0.12184902443115507 0.1563379005991688 0.15913902759758614
2.284794657156213 0.24771545468898765 0.2676826987862588 0.21446128581632898 0.22163917374977343
2.8559933214452666 0.3649205054122403 0.40073623121108326 0.25087593679575465 0.2428226966753047
3.4271919857343196 0.3659248568689097 0.3874308779686008 0.2487750915469416 0.25717847254219367
3.998390650023373 0.25312420978132644 0.2741603049700989 0.21621199019033982 0.2151615675659333
4.569589314312426 0.1326849630829275 0.1264008558035833 0.16018945022199266 0.1528364918511471
5.140787978601479 0.06814847131675915 0.04901972247230377 0.11904789743273772 0.12254930618075942
5.711986642890533 0.043352968840637066 0.026085495172761645 0.09068648657376197 0.09296240225997607
