0.0 0.023063226569206077 0.010854367118867262 0.05392169471953414 0.05934887827896777
0.5711986642890533 0.026131566340498773 0.014880987179092215 0.07650578114427409 0.07002817496043395
1.1423973285781066 0.0412336951247292 0.02293422729954212 0.0901612752615587 0.09926493800641513
1.7135959928671598 0.10156849639327149 0.08508423257692724 0.16229029547080567 0.152661421413746
2.284794657156213 0.25127214883829396 0.25490255685597957 0.22986748430762444 0.23967142880208517
2.8559933214452666 0.4465954715766201 0.5042028597151244 0.2874656582125814 0.2834390381523564
3.4271919857343196 0.44599654639603736 0.4858204637880106 0.299020307081053 0.30812396982590934
3.998390650023373 0.24917130358948092 0.24930030285914487 0.22496551206039406 0.22636607555960273
4.569589314312426 0.09844487122069426 0.08158282382890555 0.1573883232235753 0.15248635097634491
5.140787978601479 0.0411599812563498 0.028186340421574665 0.0983895858194097 0.08858564132494895
5.711986642890533 0.026067066705666796 0.012955212367680281 0.07072845671003829 0.07072845671003829
