0.0 0.03931713454686469 0.018207325489712826 0.08140775339150447 0.09191197963556956
0.5711986642890533 0.04505760204691079 0.029411833483382256 0.08823550045014678 0.09208705007297065
1.1423973285781066 0.06753111766908164 0.05234606078292438 0.1144960660603095 0.12097367224414964
1.7135959928671598 0.13043669009735567 0.12359972880516591 0.15826367541058073 0.15248635097634491
2.284794657156213 0.24622274885430476 0.24895016198434267 0.21095987706830727 0.20815875006988993
2.8559933214452666 0.36367658388333785 0.39863538596227027 0.25577790904298503 0.25735354297959473
3.4271919857343196 0.3641925809619937 0.3982852450874681 0.2542022751063752 0.2443983306119145
3.998390650023373 0.2496043725662099 0.2745104458449011 0.21743748325214743 0.22181424418717455
4.569589314312426 0.13173589702754265 0.12552550361657785 0.15581268928696554 0.16474128159442086
5.140787978601479 0.06896853810248 0.056722821717951497 0.11764733393352902 0.11257029124889757
5.711986642890533 0.04396110825476715 0.024509861236151884 0.09646381100799777 0.08420888038992182
