0.0 0.02575378276505433 0.011029437556268347 0.05987408959117103 0.06407578008879707
0.5711986642890533 0.027624272175181708 0.012079860180674857 0.061799864402582956 0.07072845671003829
1.1423973285781066 0.04326082650516282 0.02521014298575622 0.09821451538200861 0.10259127631703574
1.7135959928671598 0.10129206938684875 0.08298338732811422 0.15073564660233407 0.15826367541058073
2.284794657156213 0.24913444665529122 0.25437734554377633 0.22864199124581683 0.22496551206039406
2.8559933214452666 0.43763002233497506 0.49527426740766906 0.297094532269641 0.297094532269641
3.4271919857343196 0.44068914787272034 0.47636666016835194 0.29919537751845404 0.2972696027070421
3.998390650023373 0.2538613484651205 0.2603297404154132 0.23914621748988193 0.22391508943598756
4.569589314312426 0.10041671719984331 0.08998620482415763 0.15458719622515796 0.13988127948346682
5.140787978601479 0.04280932906133896 0.030987467419992025 0.09523831794619017 0.10066550150562381
5.711986642890533 0.02823241158931179 0.012079860180674857 0.06617662533761008 0.07125366802224155
