0.0 0.014871772945544788 0.002801126998417358 0.04481803197467773 0.04814437028529834
0.5711986642890533 0.017921684249742633 0.005602253996834716 0.061799864402582956 0.05917380784156668
1.1423973285781066 0.032977741866235935 0.02275915686214103 0.08035733076709796 0.08368366907771857
1.7135959928671598 0.09104584168211155 0.07580549939466975 0.1481095900413178 0.15563761884956445
2.284794657156213 0.2559529794803861 0.2528017116071666 0.24229748536310144 0.25525269773078174
2.8559933214452666 0.4704234795302625 0.5143569450843873 0.305322842827492 0.3126758011983376
3.4271919857343196 0.4727823233184034 0.5236356782666448 0.3203789004439853 0.30654833588929964
3.998390650023373 0.2537507776625514 0.2550776272933806 0.2466742462981286 0.2328436817434429
4.569589314312426 0.0907694146756888 0.07650578114427409 0.15476226666255904 0.15038550572753193
5.140787978601479 0.032240603182441895 0.016106480240899806 0.08928592307455328 0.08981113438675653
5.711986642890533 0.017967755417479764 0.0052521131220325465 0.056897892155352583 0.056547751280550416
