0.0 0.01135193573042824 0.0022759156862141032 0.03781521447863433 0.03781521447863433
0.5711986642890533 0.013683136817926895 0.004201690497626037 0.05059535640891353 0.05059535640891353
1.1423973285781066 0.028914264871821277 0.014880987179092215 0.08788535957534462 0.08193296470370773
1.7135959928671598 0.08620836906971316 0.07615564026947191 0.14863480135352106 0.15371184403815252
2.284794657156213 0.2537231349619091 0.24369804886231014 0.2417722740508982 0.253677063794172
2.8559933214452666 0.48283505211864464 0.5234606078292438 0.3308831266880504 0.3298327040636439
3.4271919857343196 0.48712888495174494 0.5344900453855121 0.32142932306839184 0.3286072110018363
3.998390650023373 0.25834868020271673 0.2624305856642262 0.24824988023473837 0.24737452804773294
4.569589314312426 0.0866967234477267 0.06932789321082962 0.14670902654210913 0.14180705429487875
5.140787978601479 0.02789148494805705 0.014180705429487874 0.08823550045014678 0.07738113333127952
5.711986642890533 0.013922706890159961 0.005602253996834716 0.048494511160100506 0.04796929984789726
