0.0 0.014530846304290045 0.004376760935027122 0.04901972247230377 0.04394267978767231
0.5711986642890533 0.01737804447044453 0.005427183559433631 0.05199591990812221 0.05637268084314933
1.1423973285781066 0.03025032873619798 0.014530846304290045 0.0856094438891305 0.08000718989229579
1.7135959928671598 0.08802357307855599 0.07265423152145023 0.15038550572753193 0.15441212578775687
2.284794657156213 0.2527095692716923 0.2464991758607275 0.24247255580050256 0.2545524159811774
2.8559933214452666 0.4749292397349536 0.5269620165772655 0.3270315770652265 0.3098746741999202
3.4271919857343196 0.48059599336662023 0.5108555363363657 0.3067234063267007 0.31670242125856257
3.998390650023373 0.25361256415933997 0.2696084735976707 0.24124706273869498 0.24212241492570039
4.569589314312426 0.09014284679446387 0.07370465414585672 0.15196113966414168 0.1514359283519384
5.140787978601479 0.030517541509073317 0.01873253680191608 0.08298338732811422 0.08420888038992182
5.711986642890533 0.018013826585216892 0.007352958370845564 0.06127465309037971 0.057072962592753664
