0.0 0.01135193573042824 0.0022759156862141032 0.040091130164848436 0.04289225716326579
0.5711986642890533 0.014844130244902512 0.003676479185422782 0.05812338521716018 0.050770426846314616
1.1423973285781066 0.029992330196870066 0.014705916741691128 0.08998620482415763 0.07930690814269145
1.7135959928671598 0.08759050410182699 0.06950296364823069 0.1551124075373612 0.13900592729646138
2.284794657156213 0.25903974771877364 0.26523171266264356 0.2456238236737221 0.2478997393599362
2.8559933214452666 0.4814252743858885 0.5402673698197479 0.3207290413187875 0.3354349580604786
3.4271919857343196 0.48358140503598607 0.5227603260796394 0.3230049570050016 0.32825707012703415
3.998390650023373 0.2516315039466435 0.24194734448829927 0.23494452699225593 0.23652016092886566
4.569589314312426 0.08730486286185679 0.07317944283365348 0.1435577586688896 0.14898494222832323
5.140787978601479 0.02933811961500285 0.01365549411728462 0.0843839508273229 0.08876071176235004
5.711986642890533 0.01460456017266945 0.0035014087480216977 0.055147187781341735 0.05287127209512763
