0.0 0.012872284265753452 0.002801126998417358 0.04709394766089183 0.03974098929004627
0.5711986642890533 0.014705916741691128 0.006127465309037971 0.056897892155352583 0.04376760935027122
1.1423973285781066 0.02952240428595137 0.01943281855152042 0.08613465520133376 0.08193296470370773
1.7135959928671598 0.08660458111225246 0.076330710706873 0.14075663167047223 0.1502104352901308
2.284794657156213 0.2550591988262858 0.2606798812902154 0.23687030180366783 0.2443983306119145
2.8559933214452666 0.4819412714645444 0.5152322972713927 0.3303579153758472 0.3212542526309907
3.4271919857343196 0.483599833503081 0.530113284450485 0.33140833800025365 0.3408621416199123
3.998390650023373 0.2551697696288549 0.24947537329654593 0.239321287927283 0.24124706273869498
4.569589314312426 0.08649401030968336 0.06985310452303287 0.14775944916651565 0.14828466047871888
5.140787978601479 0.02951319005240394 0.01785718461491066 0.08140775339150447 0.08788535957534462
5.711986642890533 0.015221913820346959 0.002801126998417358 0.052696201657726545 0.05112056772111678
