0.0 0.08480617952929023 0.09173690919816847 0.06862761146122527 0.07230409064664806
0.5711986642890533 0.06080093308329442 0.0647760618384014 0.05532225821874283 0.06285028702698947
1.1423973285781066 0.03789760056682308 0.02801126998417358 0.05987408959117103 0.07125366802224155
1.7135959928671598 0.06490993923170811 0.04639366591128749 0.10959409381307914 0.11432099562290841
2.284794657156213 0.2281167799336136 0.22041368068796588 0.24299776711270582 0.247549598485134
2.8559933214452666 0.4936265456438942 0.5526973708752249 0.3827039761587715 0.3792025674107498
3.4271919857343196 0.4610634442872924 0.48774623859942245 0.38708073709379864 0.37219974991470645
3.998390650023373 0.18912756369828965 0.16053959109679483 0.23652016092886566 0.2219893146245756
4.569589314312426 0.04627008677900437 0.026085495172761645 0.09926493800641513 0.0985646562568108
5.140787978601479 0.026940250837719885 0.018207325489712826 0.051820849470721124 0.05252113122032546
5.711986642890533 0.057145050419918825 0.05409676515693523 0.056897892155352583 0.05794831477975909
