0.0 0.08917264220329375 0.10136578325522815 0.06530127315060466 0.07493014720766432
0.5711986642890533 0.0606670556899877 0.05462197646913848 0.06425085052619815 0.05987408959117103
1.1423973285781066 0.029823763924325987 0.02013310030112476 0.056897892155352583 0.0554973286561439
1.7135959928671598 0.051130865982140374 0.030987467419992025 0.10066550150562381 0.09891479713161296
2.284794657156213 0.19757213773763607 0.17944719833611197 0.22794170949621254 0.2373955131158711
2.8559933214452666 0.4592303538250928 0.5091048319623548 0.3461142547419448 0.37517594735052484
3.4271919857343196 0.4774376793148057 0.5253863826406556 0.38147848309696397 0.3711493272902999
3.998390650023373 0.22227766593323625 0.20080579169904433 0.2545524159811774 0.2324935408686407
4.569589314312426 0.06286058528801307 0.03623958054202457 0.12885184192719845 0.11204507993669433
5.140787978601479 0.037084037945959214 0.030812396982590938 0.06635169577501117 0.0647760618384014
5.711986642890533 0.06344758616635787 0.061799864402582956 0.058298455654561265 0.06845254102382418
