0.0 0.07476537503128683 0.08490916213952616 0.066001554900209 0.06845254102382418
0.5711986642890533 0.06282969050494228 0.06004916002857211 0.07387972458325782 0.07107859758484045
1.1423973285781066 0.05784533216952316 0.04201690497626037 0.07913183770529036 0.09471310663398692
1.7135959928671598 0.10160264325877079 0.0821080351411088 0.13060254630120932 0.14478325173069717
2.284794657156213 0.23790012790602716 0.24107199230129386 0.24212241492570039 0.24509861236151884
2.8559933214452666 0.39950043988825207 0.4359253891287013 0.3310581971254515 0.32790692925223197
3.4271919857343196 0.397502577249675 0.42086933151220807 0.32142932306839184 0.32738171794002874
3.998390650023373 0.22776663905881142 0.2312680478068331 0.23144311824423422 0.21691227193994414
4.569589314312426 0.08991411699699246 0.07458000633286216 0.1330535324248245 0.121673953993754
5.140787978601479 0.045168172849479896 0.027836199546772498 0.07930690814269145 0.07195394977184588
5.711986642890533 0.05590925909708764 0.050070145096710275 0.06267521658958838 0.060749441778176455
