0.0 0.08567123345527206 0.09401282488438258 0.06652676621241226 0.06740211839941768
0.5711986642890533 0.05060565466993712 0.046743806786089664 0.04989507465930919 0.05252113122032546
1.1423973285781066 0.02115262814246049 0.012079860180674857 0.04219197541366145 0.048319440722699426
1.7135959928671598 0.045157874588456305 0.02731098823456924 0.10679296681466177 0.09663888144539885
2.284794657156213 0.19384416724709533 0.16719226771803605 0.22233945549937778 0.22794170949621254
2.8559933214452666 0.4768506784364608 0.5080544093379483 0.39303313196543554 0.3884813005930073
3.4271919857343196 0.494213546522239 0.5388668063205393 0.38025299003515634 0.3797277787229531
3.998390650023373 0.22412105465645943 0.22409015987338865 0.2466742462981286 0.24509861236151884
4.569589314312426 0.05610492605653591 0.03711493272902999 0.11081958687488672 0.1109946573122878
5.140787978601479 0.03416963007628233 0.025035072548355138 0.06460099140100033 0.07037831583523611
5.711986642890533 0.06881298015964994 0.07020324539783503 0.06757718883681876 0.06320042790179164
