0.0 0.09206645355092345 0.09471310663398692 0.06897775233602743 0.0798321194548947
0.5711986642890533 0.06308714703053211 0.060924512215577535 0.07090352714743937 0.06267521658958838
1.1423973285781066 0.028371709119999346 0.020658311613328015 0.06320042790179164 0.05374662428213306
1.7135959928671598 0.05729952433527272 0.03746507360383216 0.11222015037409541 0.11274536168629866
2.284794657156213 0.22254542071984965 0.19590381945181398 0.2648815717878414 0.24737452804773294
2.8559933214452666 0.4923701577990158 0.5358906088847207 0.38252890572137044 0.3884813005930073
3.4271919857343196 0.46954921137073324 0.511380747648569 0.37167453860250316 0.3637963689194544
3.998390650023373 0.19740736556125857 0.19520353770220963 0.22181424418717455 0.2270663573092071
4.569589314312426 0.04845331811600614 0.025385213423157308 0.08946099351195437 0.10556747375285418
5.140787978601479 0.02363450904914646 0.015056057616493299 0.04656873634868857 0.052696201657726545
5.711986642890533 0.05591955735811123 0.05812338521716018 0.058473526091962345 0.056722821717951497
