0.0 0.07627921940175504 0.08140775339150447 0.05794831477975909 0.07107859758484045
0.5711986642890533 0.06152181135494595 0.06039930090337429 0.07212902020924697 0.07212902020924697
1.1423973285781066 0.05636238258212574 0.044467891099875555 0.08123268295410338 0.08736014826314135
1.7135959928671598 0.10616477289222258 0.08403380995252074 0.14916001266572432 0.14863480135352106
2.284794657156213 0.24903254807253145 0.257878754291798 0.24264762623790365 0.23687030180366783
2.8559933214452666 0.40212649644926834 0.44327834749954687 0.32142932306839184 0.3270315770652265
3.4271919857343196 0.37740037173162105 0.40161158339808867 0.3263312953156222 0.2941183348338226
3.998390650023373 0.21769493977773724 0.2025564960730552 0.228992132120619 0.22689128687180599
4.569589314312426 0.0874322360903065 0.06687690708721442 0.13007733498900606 0.12692606711578652
5.140787978601479 0.04960672335064858 0.03904070754044193 0.07720606289387844 0.08035733076709796
5.711986642890533 0.0670828723076863 0.06915282277342853 0.0635505687765938 0.07930690814269145
