0.0 0.08708209521550433 0.08876071176235004 0.07440493589546107 0.06757718883681876
0.5711986642890533 0.060502283513610214 0.06495113227580249 0.0647760618384014 0.05637268084314933
1.1423973285781066 0.02644593430858741 0.02293422729954212 0.057072962592753664 0.04464296153727664
1.7135959928671598 0.04756766766797712 0.030462256107788768 0.09944000844381622 0.09331254313477824
2.284794657156213 0.1995185090710952 0.1818981844597272 0.23687030180366783 0.2281167799336136
2.8559933214452666 0.47435849926875123 0.5084045502127504 0.37990284916035416 0.3729000316643108
3.4271919857343196 0.48443019854982544 0.5274872278894688 0.38760594840600193 0.39040707540441927
3.998390650023373 0.2134829510190876 0.1941531150778031 0.23617002005406348 0.2464991758607275
4.569589314312426 0.05987408959117103 0.04306732760066688 0.10066550150562381 0.11379578431070517
5.140787978601479 0.0363425631522605 0.030637326545189855 0.05287127209512763 0.07072845671003829
5.711986642890533 0.06109958265297862 0.05794831477975909 0.060924512215577535 0.06635169577501117
