0.0 0.09120139962494163 0.09418789532178366 0.07685592201907626 0.06810240014902201
0.5711986642890533 0.0624898478911637 0.06109958265297862 0.066001554900209 0.06897775233602743
1.1423973285781066 0.03175983699676152 0.022233945549937777 0.05584746953094607 0.058998737404165606
1.7135959928671598 0.055229573869530486 0.03956591885264518 0.1018909945674314 0.10924395293827696
2.284794657156213 0.1977986994801551 0.19065170632978143 0.22636607555960273 0.228992132120619
2.8559933214452666 0.46597571479554634 0.5059535640891353 0.377451863036739 0.38025299003515634
3.4271919857343196 0.48688118467344066 0.5147070859591895 0.37325017253911297 0.38638045534419435
3.998390650023373 0.2194147493686773 0.20780860919508776 0.23809579486547544 0.23792072442807433
4.569589314312426 0.05562090778842703 0.03693986229162891 0.11432099562290841 0.10101564238042597
5.140787978601479 0.027074128231026597 0.019958029863723675 0.0635505687765938 0.05217099034552329
5.711986642890533 0.05725833129117834 0.057598173904956924 0.057072962592753664 0.05864859652936344
