0.0 0.08007927771946094 0.09086155701116305 0.06792732971162094 0.06530127315060466
0.5711986642890533 0.05720683998606038 0.056722821717951497 0.05794831477975909 0.06617662533761008
1.1423973285781066 0.03337666397746565 0.021358593362932356 0.06407578008879707 0.060224230465973194
1.7135959928671598 0.0621911983214795 0.04289225716326579 0.11292043212369975 0.11344564343590299
2.284794657156213 0.21117614054980274 0.2039570595722639 0.23967142880208517 0.23371903393044832
2.8559933214452666 0.4647090286896444 0.5019269440289104 0.3690484820414869 0.37990284916035416
3.4271919857343196 0.4686738591837278 0.5056034232143332 0.3660722846056685 0.3764014404123325
3.998390650023373 0.2227410876792979 0.21376100406672463 0.23809579486547544 0.23757058355327215
4.569589314312426 0.06233537397580981 0.03729000316643108 0.11029437556268347 0.10696803725206286
5.140787978601479 0.030905081331803273 0.019257748114119334 0.06197493483998405 0.057072962592753664
5.711986642890533 0.05730982259629631 0.057072962592753664 0.06267521658958838 0.05392169471953414
