0.0 0.1925408171752455 0.5252113122032546 0.31862819606997445 0.09103662744856413
0.5711986642890533 0.14348443073699385 0.3746507360383216 0.30462256107788765 0.10504226244065092
1.1423973285781066 0.07688433659268587 0.1260507149287811 0.22058875112536694 0.10854367118867263
1.7135959928671598 0.07785593169030444 0.08053240120449905 0.1365549411728462 0.1680676199050415
2.284794657156213 0.17072575743626214 0.024509861236151884 0.06652676621241226 0.2556028386055839
2.8559933214452666 0.30575914402227167 0.01750704374010849 0.02801126998417358 0.2556028386055839
3.4271919857343196 0.3046775570268095 0.03501408748021698 0.04551831372428206 0.27661129109371413
3.998390650023373 0.17188067236362006 0.03851549622823867 0.05602253996834716 0.18907607239317167
4.569589314312426 0.07805758350301774 0.04901972247230377 0.07703099245647733 0.1330535324248245
5.140787978601479 0.08067905706829052 0.1435577586688896 0.22409015987338865 0.1260507149287811
5.711986642890533 0.14815908639534742 0.336135239810083 0.2731098823456924 0.04201690497626037
