0.0 0.24189051534108008 0.6232507571478622 0.42016904976260366 0.01400563499208679
0.5711986642890533 0.15939659195836994 0.35014087480216977 0.39215777977843014 0.024509861236151884
1.1423973285781066 0.052961098811699914 0.11554648868471602 0.18907607239317167 0.03851549622823867
1.7135959928671598 0.04077033013403275 0.04901972247230377 0.07703099245647733 0.12254930618075942
2.284794657156213 0.14199954011610505 0.01400563499208679 0.021008452488130186 0.2836141085897575
2.8559933214452666 0.36434816160696987 0.010504226244065093 0.01750704374010849 0.3956591885264518
3.4271919857343196 0.36614469593841553 0.007002817496043395 0.01400563499208679 0.4131662322665603
3.998390650023373 0.14199954011610505 0.0035014087480216977 0.04201690497626037 0.30462256107788765
4.569589314312426 0.03748890518169828 0.03151267873219527 0.06302535746439054 0.10154085369262923
5.140787978601479 0.0487814066936426 0.1330535324248245 0.21708734237734525 0.03501408748021698
5.711986642890533 0.15492358811272966 0.4131662322665603 0.2976197435818443 0.01750704374010849
