0.0 0.2535313245295292 0.672270479620166 0.5147070859591895 0.010504226244065093
0.5711986642890533 0.15512523992544294 0.3711493272902999 0.30462256107788765 0.007002817496043395
1.1423973285781066 0.04967967385936545 0.1330535324248245 0.1435577586688896 0.04901972247230377
1.7135959928671598 0.03767222501143764 0.03501408748021698 0.08403380995252074 0.12254930618075942
2.284794657156213 0.14282447934993217 0.0035014087480216977 0.021008452488130186 0.30112115232986597
2.8559933214452666 0.36394485798154325 0.0 0.0 0.3851549622823867
3.4271919857343196 0.36627301981923305 0.0 0.0035014087480216977 0.45518313724282067
3.998390650023373 0.14198120813313114 0.01750704374010849 0.03151267873219527 0.20658311613328015
4.569589314312426 0.039340435462065775 0.03851549622823867 0.09103662744856413 0.1260507149287811
5.140787978601479 0.0476998196981804 0.11904789743273772 0.21008452488130183 0.06652676621241226
5.711986642890533 0.1526320902409877 0.3606451010462348 0.3466394660541481 0.021008452488130186
