0.0 0.24495195649772733 0.5987408959117103 0.43067327600666877 0.02801126998417358
0.5711986642890533 0.15393366103213713 0.33963664855810466 0.38165355353436503 0.03151267873219527
1.1423973285781066 0.05048628111021861 0.11904789743273772 0.15756339366097638 0.06302535746439054
1.7135959928671598 0.039468759342883325 0.01750704374010849 0.07703099245647733 0.11204507993669433
2.284794657156213 0.14441936186866455 0.0035014087480216977 0.024509861236151884 0.18907607239317167
2.8559933214452666 0.36909614519721917 0.0 0.007002817496043395 0.4271718672586471
3.4271919857343196 0.36728127888279954 0.0035014087480216977 0.01750704374010849 0.36764791854227824
3.998390650023373 0.14225618787774016 0.03501408748021698 0.021008452488130186 0.2871155173377792
4.569589314312426 0.03745224121575041 0.07352958370845565 0.06652676621241226 0.11204507993669433
5.140787978601479 0.0487814066936426 0.1295521236768028 0.18557466364514996 0.04901972247230377
5.711986642890533 0.1525770942920659 0.43067327600666877 0.38165355353436503 0.08403380995252074
