0.0 0.19668384532735492 0.4376760935027122 0.3886563710304084 0.04201690497626037
0.5711986642890533 0.15131218746686434 0.3641465097942565 0.2871155173377792 0.03851549622823867
1.1423973285781066 0.08682027136455894 0.2486000211095405 0.1470591674169113 0.09103662744856413
1.7135959928671598 0.08111902465966497 0.06302535746439054 0.09803944494460753 0.17156902865306317
2.284794657156213 0.17268727961447325 0.04901972247230377 0.06302535746439054 0.2521014298575622
2.8559933214452666 0.30376095787811275 0.010504226244065093 0.04551831372428206 0.3606451010462348
3.4271919857343196 0.300259549130091 0.024509861236151884 0.02801126998417358 0.336135239810083
3.998390650023373 0.16438289132728043 0.03151267873219527 0.03501408748021698 0.23109297736943205
4.569589314312426 0.07176971334295783 0.03501408748021698 0.12254930618075942 0.11204507993669433
5.140787978601479 0.07539944597179708 0.1400563499208679 0.22759156862141033 0.07352958370845565
5.711986642890533 0.14650920792769323 0.3466394660541481 0.30812396982590934 0.04201690497626037
