0.0 0.24685848272701663 0.5707296259275367 0.4411775022507339 0.03151267873219527
0.5711986642890533 0.15243043842827445 0.40616341477051693 0.3641465097942565 0.04551831372428206
1.1423973285781066 0.05013797343371383 0.1365549411728462 0.19607888988921507 0.04901972247230377
1.7135959928671598 0.03895546381961312 0.05602253996834716 0.08053240120449905 0.10154085369262923
2.284794657156213 0.1456292727449443 0.01750704374010849 0.021008452488130186 0.27661129109371413
2.8559933214452666 0.3687478375207144 0.010504226244065093 0.0035014087480216977 0.39215777977843014
3.4271919857343196 0.3658697161938065 0.0035014087480216977 0.0035014087480216977 0.35714369229821313
3.998390650023373 0.13836980748726582 0.010504226244065093 0.021008452488130186 0.2801126998417358
4.569589314312426 0.03741557724980254 0.007002817496043395 0.06302535746439054 0.1400563499208679
5.140787978601479 0.05033962524642713 0.12254930618075942 0.18557466364514996 0.05252113122032546
5.711986642890533 0.15595017915927004 0.4096648235185386 0.3711493272902999 0.024509861236151884
