0.0 0.23805913089952757 0.5847352609196235 0.4481803197467773 0.08403380995252074
0.5711986642890533 0.1526320902409877 0.34313805730612634 0.30462256107788765 0.05952394871636886
1.1423973285781066 0.056480839542695546 0.1435577586688896 0.21358593362932354 0.1330535324248245
1.7135959928671598 0.04575662950294323 0.024509861236151884 0.07352958370845565 0.1470591674169113
2.284794657156213 0.1487090458845655 0.021008452488130186 0.04901972247230377 0.21358593362932354
2.8559933214452666 0.36141504433114013 0.010504226244065093 0.02801126998417358 0.32563101356601787
3.4271919857343196 0.35751033195769183 0.021008452488130186 0.02801126998417358 0.35364228355019145
3.998390650023373 0.14654587189364107 0.03501408748021698 0.05952394871636886 0.24159720361349715
4.569589314312426 0.04383177129067999 0.04901972247230377 0.09453803619658584 0.10504226244065092
5.140787978601479 0.052301147424638234 0.15056057616493299 0.1610648024089981 0.04901972247230377
5.711986642890533 0.1474624710423379 0.36764791854227824 0.2906169260858009 0.03851549622823867
