0.0 0.2424588068132721 0.591738078415667 0.39215777977843014 0.03501408748021698
0.5711986642890533 0.14837907019103466 0.32913242231403955 0.31512678732195276 0.024509861236151884
1.1423973285781066 0.05187951181623771 0.1295521236768028 0.23459438611745376 0.03851549622823867
1.7135959928671598 0.040733666168084874 0.03851549622823867 0.09803944494460753 0.07352958370845565
2.284794657156213 0.14374107849862894 0.007002817496043395 0.03151267873219527 0.22409015987338865
2.8559933214452666 0.35422890700535736 0.010504226244065093 0.01750704374010849 0.43067327600666877
3.4271919857343196 0.35751033195769183 0.010504226244065093 0.03501408748021698 0.44467891099875556
3.998390650023373 0.14775578276992082 0.04901972247230377 0.01750704374010849 0.22409015987338865
4.569589314312426 0.046911544430301176 0.07703099245647733 0.07352958370845565 0.15056057616493299
5.140787978601479 0.059285632937707694 0.1435577586688896 0.16456621115701978 0.07703099245647733
5.711986642890533 0.15782004142261147 0.3641465097942565 0.3711493272902999 0.02801126998417358
