0.0 0.24388870148523908 0.6197493483998404 0.4586845459908424 0.04901972247230377
0.5711986642890533 0.15285207403667492 0.39215777977843014 0.35364228355019145 0.05952394871636886
1.1423973285781066 0.049001390489329825 0.15756339366097638 0.18907607239317167 0.08053240120449905
1.7135959928671598 0.039303771496117905 0.05602253996834716 0.05952394871636886 0.10854367118867263
2.284794657156213 0.14225618787774016 0.02801126998417358 0.03151267873219527 0.23809579486547544
2.8559933214452666 0.369994412362942 0.01400563499208679 0.010504226244065093 0.35014087480216977
3.4271919857343196 0.3686378456228708 0.010504226244065093 0.024509861236151884 0.3991605972744735
3.998390650023373 0.14352109470294172 0.01400563499208679 0.021008452488130186 0.2521014298575622
4.569589314312426 0.03978040305344023 0.01750704374010849 0.09453803619658584 0.11204507993669433
5.140787978601479 0.05072459688887977 0.09803944494460753 0.18557466364514996 0.05952394871636886
5.711986642890533 0.15074389599467233 0.34313805730612634 0.3221296048179962 0.04201690497626037
