0.0 0.25068986716856917 0.6057437134077536 0.43067327600666877 0.01400563499208679
0.5711986642890533 0.15406198491295467 0.42016904976260366 0.3746507360383216 0.02801126998417358
1.1423973285781066 0.047021536328144785 0.1435577586688896 0.20308170738525846 0.05252113122032546
1.7135959928671598 0.03512407937806059 0.021008452488130186 0.08403380995252074 0.1295521236768028
2.284794657156213 0.14388773436242042 0.0035014087480216977 0.01750704374010849 0.3221296048179962
2.8559933214452666 0.3653564206705363 0.0035014087480216977 0.007002817496043395 0.38165355353436503
3.4271919857343196 0.3663463477511288 0.0035014087480216977 0.01400563499208679 0.3991605972744735
3.998390650023373 0.13981803414220675 0.007002817496043395 0.01750704374010849 0.2731098823456924
4.569589314312426 0.03915711563232642 0.04201690497626037 0.05252113122032546 0.09803944494460753
5.140787978601479 0.052814442947908435 0.1610648024089981 0.17507043740108488 0.04551831372428206
5.711986642890533 0.1564268107165924 0.33963664855810466 0.3746507360383216 0.007002817496043395
