0.0 0.42106731692832655 0.647760618384014 0.35014087480216977 0.024509861236151884
0.5711986642890533 0.2775462222253848 0.4376760935027122 0.32563101356601787 0.04901972247230377
1.1423973285781066 0.09246652212053111 0.1295521236768028 0.18557466364514996 0.07002817496043395
1.7135959928671598 0.04166859729975559 0.007002817496043395 0.08053240120449905 0.15756339366097638
2.284794657156213 0.0798907818004113 0.0 0.01750704374010849 0.2626056561016273
2.8559933214452666 0.1676093203306931 0.0 0.01750704374010849 0.37815214478634335
3.4271919857343196 0.17265061564852538 0.0 0.021008452488130186 0.31512678732195276
3.998390650023373 0.08460210142471274 0.0 0.07352958370845565 0.2906169260858009
4.569589314312426 0.04245687256763483 0.02801126998417358 0.1295521236768028 0.15406198491295467
5.140787978601479 0.09466636007740338 0.11204507993669433 0.22409015987338865 0.02801126998417358
5.711986642890533 0.27607966358747 0.3886563710304084 0.32563101356601787 0.021008452488130186
