0.0 0.42502702525069663 0.6687690708721442 0.3956591885264518 0.04901972247230377
0.5711986642890533 0.2791227727611433 0.3746507360383216 0.31862819606997445 0.04551831372428206
1.1423973285781066 0.09494133982201242 0.1365549411728462 0.22409015987338865 0.09453803619658584
1.7135959928671598 0.04132028962325082 0.01400563499208679 0.11204507993669433 0.15756339366097638
2.284794657156213 0.08542704065853984 0.0 0.05952394871636886 0.23459438611745376
2.8559933214452666 0.16858091542831166 0.0 0.01400563499208679 0.336135239810083
3.4271919857343196 0.1669127049776835 0.0 0.01750704374010849 0.3991605972744735
3.998390650023373 0.08003743766420278 0.0 0.021008452488130186 0.22409015987338865
4.569589314312426 0.03990872693425778 0.007002817496043395 0.07703099245647733 0.12254930618075942
5.140787978601479 0.09012002829986736 0.11204507993669433 0.21008452488130183 0.04901972247230377
5.711986642890533 0.2793060925908826 0.4376760935027122 0.30112115232986597 0.03851549622823867
