0.0 0.4212506367580659 0.6057437134077536 0.37815214478634335 0.03851549622823867
0.5711986642890533 0.27142333991209033 0.3641465097942565 0.3116253785739311 0.03501408748021698
1.1423973285781066 0.08597700014775791 0.09453803619658584 0.20658311613328015 0.05602253996834716
1.7135959928671598 0.03853382821121261 0.01400563499208679 0.07703099245647733 0.08753521870054244
2.284794657156213 0.08260391528055376 0.0035014087480216977 0.07002817496043395 0.19257748114119336
2.8559933214452666 0.17092740924897545 0.0 0.04901972247230377 0.35014087480216977
3.4271919857343196 0.17738026725580075 0.007002817496043395 0.04551831372428206 0.3991605972744735
3.998390650023373 0.08848848181518708 0.021008452488130186 0.07002817496043395 0.32563101356601787
4.569589314312426 0.04368511542688851 0.01400563499208679 0.10854367118867263 0.15056057616493299
5.140787978601479 0.09334645730328002 0.1330535324248245 0.15056057616493299 0.09103662744856413
5.711986642890533 0.27708792265103643 0.4936986334710593 0.2836141085897575 0.024509861236151884
