0.0 0.41855583526089735 0.5392169471953414 0.35014087480216977 0.021008452488130186
0.5711986642890533 0.27593300772367846 0.37815214478634335 0.3466394660541481 0.021008452488130186
1.1423973285781066 0.09444637628171615 0.1470591674169113 0.1610648024089981 0.04201690497626037
1.7135959928671598 0.0433734717163316 0.03851549622823867 0.08753521870054244 0.1470591674169113
2.284794657156213 0.08931342104901419 0.007002817496043395 0.06652676621241226 0.30812396982590934
2.8559933214452666 0.17937845339995973 0.010504226244065093 0.07002817496043395 0.3606451010462348
3.4271919857343196 0.17640867215818218 0.01400563499208679 0.06302535746439054 0.35014087480216977
3.998390650023373 0.08297055494003248 0.01750704374010849 0.05252113122032546 0.2556028386055839
4.569589314312426 0.03825884846660357 0.024509861236151884 0.09103662744856413 0.1470591674169113
5.140787978601479 0.0850420690160872 0.1435577586688896 0.19257748114119336 0.05252113122032546
5.711986642890533 0.2670236639983458 0.43067327600666877 0.2696084735976707 0.04551831372428206
