0.0 0.33294547477261816 0.4761915897309509 0.2626056561016273 0.09103662744856413
0.5711986642890533 0.25882926760899655 0.3606451010462348 0.3221296048179962 0.06302535746439054
1.1423973285781066 0.13519837443277496 0.1435577586688896 0.23459438611745376 0.09453803619658584
1.7135959928671598 0.07671934874592044 0.03501408748021698 0.15056057616493299 0.19958029863723675
2.284794657156213 0.09437304834982041 0.021008452488130186 0.08753521870054244 0.19607888988921507
2.8559933214452666 0.1409362851036168 0.01750704374010849 0.04551831372428206 0.30112115232986597
3.4271919857343196 0.14416271410702947 0.007002817496043395 0.03851549622823867 0.2626056561016273
3.998390650023373 0.09789278908081604 0.01750704374010849 0.04551831372428206 0.23809579486547544
4.569589314312426 0.07974412593661981 0.05602253996834716 0.1330535324248245 0.1330535324248245
5.140787978601479 0.1304137268765778 0.17507043740108488 0.18907607239317167 0.08053240120449905
5.711986642890533 0.25948921899605826 0.4411775022507339 0.24159720361349715 0.09103662744856413
