0.0 0.4244953977444525 0.6687690708721442 0.3116253785739311 0.021008452488130186
0.5711986642890533 0.27563969599609556 0.3641465097942565 0.30812396982590934 0.04201690497626037
1.1423973285781066 0.09488634387309061 0.11904789743273772 0.18207325489712825 0.04201690497626037
1.7135959928671598 0.04370344740986245 0.01750704374010849 0.08403380995252074 0.19257748114119336
2.284794657156213 0.08434545366307764 0.010504226244065093 0.04901972247230377 0.23809579486547544
2.8559933214452666 0.1719356683125419 0.0 0.03501408748021698 0.416667641014582
3.4271919857343196 0.172760607546369 0.0035014087480216977 0.04551831372428206 0.36764791854227824
3.998390650023373 0.08258558329757983 0.0 0.05252113122032546 0.2626056561016273
4.569589314312426 0.03923044356422216 0.010504226244065093 0.09453803619658584 0.10504226244065092
5.140787978601479 0.09023002019771097 0.08053240120449905 0.23109297736943205 0.03501408748021698
5.711986642890533 0.2708917124058462 0.4761915897309509 0.35714369229821313 0.02801126998417358
