0.0 0.41437614314284005 0.6547634358800575 0.3711493272902999 0.04901972247230377
0.5711986642890533 0.2838524243684187 0.4621859547388641 0.2906169260858009 0.07352958370845565
1.1423973285781066 0.10045926669716702 0.1330535324248245 0.18207325489712825 0.09803944494460753
1.7135959928671598 0.046233261060265554 0.03501408748021698 0.07703099245647733 0.15756339366097638
2.284794657156213 0.08550036859043558 0.0035014087480216977 0.05602253996834716 0.21358593362932354
2.8559933214452666 0.16414457554861925 0.0 0.01750704374010849 0.36764791854227824
3.4271919857343196 0.16366794399129694 0.0 0.02801126998417358 0.2486000211095405
3.998390650023373 0.08185230397862239 0.007002817496043395 0.03851549622823867 0.2556028386055839
4.569589314312426 0.046856548481379365 0.03151267873219527 0.09103662744856413 0.1400563499208679
5.140787978601479 0.09802111296163359 0.10154085369262923 0.22409015987338865 0.07703099245647733
5.711986642890533 0.2657404251901703 0.3221296048179962 0.3746507360383216 0.07002817496043395
