0.0 0.4293717052155194 0.6967803408563178 0.36764791854227824 0.04901972247230377
0.5711986642890533 0.2756213640131216 0.31862819606997445 0.2906169260858009 0.05602253996834716
1.1423973285781066 0.08913010121927484 0.08753521870054244 0.18207325489712825 0.07002817496043395
1.7135959928671598 0.040037050815075324 0.01400563499208679 0.10154085369262923 0.1330535324248245
2.284794657156213 0.0798907818004113 0.0035014087480216977 0.02801126998417358 0.21708734237734525
2.8559933214452666 0.16603276979493461 0.0 0.007002817496043395 0.35714369229821313
3.4271919857343196 0.16801262395611966 0.0 0.021008452488130186 0.35364228355019145
3.998390650023373 0.08458376944173882 0.0 0.05602253996834716 0.22409015987338865
4.569589314312426 0.04262186041440025 0.02801126998417358 0.09453803619658584 0.15406198491295467
5.140787978601479 0.09334645730328002 0.1295521236768028 0.21358593362932354 0.08053240120449905
5.711986642890533 0.282055890036973 0.4726901809829292 0.3886563710304084 0.05602253996834716
