0.0 0.40345028129037447 0.5392169471953414 0.35714369229821313 0.01750704374010849
0.5711986642890533 0.2616340610040087 0.3466394660541481 0.30112115232986597 0.03151267873219527
1.1423973285781066 0.0924115261716093 0.08753521870054244 0.17857184614910657 0.06302535746439054
1.7135959928671598 0.04205356894220824 0.03851549622823867 0.10154085369262923 0.12254930618075942
2.284794657156213 0.08555536453935739 0.024509861236151884 0.05602253996834716 0.2801126998417358
2.8559933214452666 0.1714773687381935 0.02801126998417358 0.07002817496043395 0.3851549622823867
3.4271919857343196 0.17888348985966346 0.007002817496043395 0.05952394871636886 0.32913242231403955
3.998390650023373 0.09516132361769965 0.01400563499208679 0.09803944494460753 0.2486000211095405
4.569589314312426 0.05090791671861913 0.06652676621241226 0.11204507993669433 0.1365549411728462
5.140787978601479 0.09840608460408623 0.22759156862141033 0.19607888988921507 0.07352958370845565
5.711986642890533 0.2707633885250287 0.3711493272902999 0.22058875112536694 0.06302535746439054
