0.0 0.03817205661419827 0.024669016179243778 0.07400704853773134 0.03947042588679005
0.2026833970057931 0.05531053101240973 0.06413944206603382 0.06413944206603382 0.06413944206603382
0.4053667940115862 0.08725041511816746 0.1332126873679164 0.06413944206603382 0.11841127766037014
0.6080501910173793 0.10412921566186059 0.16281550678300893 0.07400704853773134 0.11347747442452137
0.8107335880231724 0.1163338868242233 0.17268311325470645 0.05920563883018507 0.0888084582452776
1.0134169850289656 0.11399682213355809 0.09867606471697511 0.08387465500942885 0.0789408517735801
1.2161003820347587 0.13632877362213666 0.09374226148112635 0.0888084582452776 0.10360986795282387
1.4187837790405518 0.11555486526066822 0.08387465500942885 0.08387465500942885 0.12827888413206764
1.6214671760463448 0.1191902992239252 0.11347747442452137 0.1332126873679164 0.11347747442452137
1.824150573052138 0.12256605933266382 0.11841127766037014 0.1332126873679164 0.10854367118867261
2.026833970057931 0.128538557986586 0.1233450808962189 0.12827888413206764 0.15294790031131142
2.2295173670637243 0.1654122453281925 0.1578817035471602 0.19735212943395022 0.21708734237734523
2.4322007640695174 0.20306495423335405 0.1677493100188577 0.2565577682641353 0.2466901617924378
2.6348841610753104 0.2752542857894569 0.25162396502828654 0.28616058767922786 0.29109439091507655
2.8375675580811035 0.36795785185250984 0.404571865339598 0.4292408815188417 0.36016763621695913
3.0402509550868966 0.4017154529398961 0.3996380621037492 0.39470425886790045 0.3108296038584716
3.2429343520926897 0.4328763154820987 0.42430707828299297 0.4539098976980855 0.32563101356601787
3.4456177490984827 0.41703621035647903 0.49831412682072435 0.33056481680186667 0.37990284916035416
3.648301146104276 0.3876930647959049 0.4933803235848756 0.3453662265094129 0.2664253747358328
3.850984543110069 0.3243326442934261 0.3749690459245054 0.28616058767922786 0.2565577682641353
4.053667940115862 0.25292233430087835 0.2664253747358328 0.26149157149998403 0.19735212943395022
4.2563513371216555 0.19060060921647298 0.17268311325470645 0.19735212943395022 0.222021145613194
4.4590347341274486 0.1500914879116095 0.05427183559433631 0.1776169164905552 0.1578817035471602
4.661718131133242 0.09711802158986499 0.03947042588679005 0.09867606471697511 0.1677493100188577
4.864401528139035 0.04752031537685907 0.009867606471697512 0.049338032358487556 0.1233450808962189
5.067084925144828 0.028044776287982402 0.004933803235848756 0.049338032358487556 0.0789408517735801
5.269768322150621 0.013243366580436133 0.0 0.0444042291226388 0.05920563883018507
5.472451719156414 0.009348258762660799 0.004933803235848756 0.029602819415092536 0.0789408517735801
5.675135116162207 0.003116086254220267 0.0 0.014801409707546268 0.019735212943395024
5.877818513168 0.009088584908142445 0.014801409707546268 0.019735212943395024 0.029602819415092536
6.080501910173793 0.019994886797913378 0.004933803235848756 0.024669016179243778 0.03453662265094129
