0.0 0.009088584908142445 0.0 0.0444042291226388 0.0
0.2026833970057931 0.005972498653922178 0.0 0.029602819415092536 0.004933803235848756
0.4053667940115862 0.0025967385451835553 0.0 0.009867606471697512 0.0
0.6080501910173793 0.004154781672293689 0.0 0.004933803235848756 0.014801409707546268
0.8107335880231724 0.006232172508440534 0.0 0.004933803235848756 0.019735212943395024
1.0134169850289656 0.014022388143991201 0.0 0.024669016179243778 0.0444042291226388
1.2161003820347587 0.03401727494190458 0.004933803235848756 0.06413944206603382 0.05920563883018507
1.4187837790405518 0.05453150944885466 0.03947042588679005 0.05427183559433631 0.0888084582452776
1.6214671760463448 0.08257628573683706 0.07400704853773134 0.06413944206603382 0.08387465500942885
1.824150573052138 0.11529519140614987 0.1677493100188577 0.0789408517735801 0.1233450808962189
2.026833970057931 0.1589203989652336 0.20721973590564774 0.16281550678300893 0.18255071972640394
2.2295173670637243 0.21578897310475348 0.23188875208489151 0.16281550678300893 0.22695494884904274
2.4322007640695174 0.26330928848161256 0.34043242327356416 0.2565577682641353 0.24175635855658903
2.6348841610753104 0.34199046640067426 0.38483665239620296 0.3009619973867741 0.3996380621037492
2.8375675580811035 0.37990284916035416 0.38483665239620296 0.3206972103301691 0.3009619973867741
3.0402509550868966 0.3822399138510194 0.34043242327356416 0.3651014394528079 0.3552338329811104
3.2429343520926897 0.38120121843294597 0.3108296038584716 0.35030002974526164 0.3651014394528079
3.4456177490984827 0.39470425886790045 0.33056481680186667 0.3651014394528079 0.37990284916035416
3.648301146104276 0.385615673959758 0.404571865339598 0.35030002974526164 0.4292408815188417
3.850984543110069 0.34874198661815153 0.30589580062262284 0.23682255532074029 0.4193732750471443
4.053667940115862 0.299403954259664 0.3354986200377154 0.22695494884904274 0.3897704556320517
4.2563513371216555 0.2547400512825068 0.2664253747358328 0.222021145613194 0.22695494884904274
4.4590347341274486 0.18878289223484448 0.18255071972640394 0.24175635855658903 0.17268311325470645
4.661718131133242 0.15268822645679309 0.1776169164905552 0.18255071972640394 0.1776169164905552
4.864401528139035 0.11737258224229671 0.14308029383961393 0.1332126873679164 0.0789408517735801
5.067084925144828 0.10023410784408525 0.10360986795282387 0.10360986795282387 0.06413944206603382
5.269768322150621 0.08776976282720417 0.08387465500942885 0.16281550678300893 0.024669016179243778
5.472451719156414 0.06881357144736422 0.0789408517735801 0.13814649060376516 0.024669016179243778
5.675135116162207 0.04570259839523058 0.019735212943395024 0.13814649060376516 0.014801409707546268
5.877818513168 0.024409342324725424 0.014801409707546268 0.0789408517735801 0.019735212943395024
6.080501910173793 0.012983692725917777 0.0 0.05427183559433631 0.0
