0.0 0.030122167124129243 0.0 0.024669016179243778 0.06907324530188258
0.2026833970057931 0.0163594528346564 0.0 0.029602819415092536 0.03453662265094129
0.4053667940115862 0.012464345016881068 0.0 0.004933803235848756 0.03947042588679005
0.6080501910173793 0.007270867926513956 0.0 0.004933803235848756 0.049338032358487556
0.8107335880231724 0.003375760108738622 0.0 0.009867606471697512 0.019735212943395024
1.0134169850289656 0.0020773908361468446 0.0 0.004933803235848756 0.024669016179243778
1.2161003820347587 0.0005193477090367112 0.0 0.004933803235848756 0.0
1.4187837790405518 0.004154781672293689 0.0 0.014801409707546268 0.019735212943395024
1.6214671760463448 0.016619126689174757 0.024669016179243778 0.019735212943395024 0.05920563883018507
1.824150573052138 0.034276948796422936 0.019735212943395024 0.03947042588679005 0.0789408517735801
2.026833970057931 0.07971987333713515 0.10360986795282387 0.05920563883018507 0.15294790031131142
2.2295173670637243 0.1345110566405082 0.11347747442452137 0.1233450808962189 0.19735212943395022
2.4322007640695174 0.2313694043758548 0.20721973590564774 0.32563101356601787 0.23188875208489151
2.6348841610753104 0.3393937278554907 0.3996380621037492 0.3651014394528079 0.33056481680186667
2.8375675580811035 0.4336553370456538 0.444042291226388 0.444042291226388 0.35030002974526164
3.0402509550868966 0.5066236901653117 0.5723211753584557 0.5032479300565731 0.3749690459245054
3.2429343520926897 0.5157122750734542 0.5525859624150606 0.48351271711317806 0.3009619973867741
3.4456177490984827 0.48870619420354516 0.42430707828299297 0.4884465203490268 0.36016763621695913
3.648301146104276 0.37548839363354214 0.3206972103301691 0.43910848799053925 0.24175635855658903
3.850984543110069 0.3173214502214305 0.3009619973867741 0.38483665239620296 0.2762929812075303
4.053667940115862 0.24435309710177258 0.14801409707546268 0.29109439091507655 0.21215353914149648
4.2563513371216555 0.17086539627307798 0.1578817035471602 0.222021145613194 0.2565577682641353
4.4590347341274486 0.14411898925768735 0.14308029383961393 0.1776169164905552 0.16281550678300893
4.661718131133242 0.11529519140614987 0.10854367118867261 0.1233450808962189 0.18255071972640394
4.864401528139035 0.11944997307844356 0.20721973590564774 0.10360986795282387 0.14308029383961393
5.067084925144828 0.13061594882273284 0.26149157149998403 0.049338032358487556 0.10360986795282387
5.269768322150621 0.13632877362213666 0.16281550678300893 0.03947042588679005 0.16281550678300893
5.472451719156414 0.12126769006007204 0.13814649060376516 0.049338032358487556 0.16281550678300893
5.675135116162207 0.09659867388082827 0.10360986795282387 0.03453662265094129 0.12827888413206764
5.877818513168 0.06128302966633191 0.019735212943395024 0.05427183559433631 0.09374226148112635
6.080501910173793 0.043884881413602084 0.0 0.014801409707546268 0.11347747442452137
