0.0 0.03817205661419827 0.06907324530188258 0.009867606471697512 0.03947042588679005
0.2026833970057931 0.06387976821151546 0.09867606471697511 0.049338032358487556 0.0789408517735801
0.4053667940115862 0.07063128842899272 0.07400704853773134 0.019735212943395024 0.08387465500942885
0.6080501910173793 0.07504574395580475 0.07400704853773134 0.05920563883018507 0.10854367118867261
0.8107335880231724 0.07063128842899272 0.05920563883018507 0.06907324530188258 0.11841127766037014
1.0134169850289656 0.07296835311965791 0.049338032358487556 0.0789408517735801 0.07400704853773134
1.2161003820347587 0.0963390000263099 0.06413944206603382 0.12827888413206764 0.1677493100188577
1.4187837790405518 0.1267208410049575 0.049338032358487556 0.14308029383961393 0.19735212943395022
1.6214671760463448 0.17086539627307798 0.14308029383961393 0.20721973590564774 0.222021145613194
1.824150573052138 0.21423092997764334 0.17268311325470645 0.28616058767922786 0.28616058767922786
2.026833970057931 0.26071254993642895 0.28616058767922786 0.29602819415092535 0.19241832619810148
2.2295173670637243 0.28330417527952595 0.3453662265094129 0.25162396502828654 0.24175635855658903
2.4322007640695174 0.3219955796027609 0.33056481680186667 0.25162396502828654 0.28616058767922786
2.6348841610753104 0.32926644752927486 0.37990284916035416 0.34043242327356416 0.23188875208489151
2.8375675580811035 0.3477032912000781 0.3651014394528079 0.34043242327356416 0.28122678444337906
3.0402509550868966 0.3458855742184496 0.3108296038584716 0.3108296038584716 0.3206972103301691
3.2429343520926897 0.36951589497961995 0.42430707828299297 0.39470425886790045 0.3009619973867741
3.4456177490984827 0.37678676290613394 0.33056481680186667 0.35030002974526164 0.39470425886790045
3.648301146104276 0.3536757898540003 0.34043242327356416 0.24175635855658903 0.3157634070943204
3.850984543110069 0.31524405938528366 0.33056481680186667 0.28616058767922786 0.2762929812075303
4.053667940115862 0.22591625343096933 0.24175635855658903 0.19735212943395022 0.21708734237734523
4.2563513371216555 0.15450594343842158 0.1874845229622527 0.1332126873679164 0.20721973590564774
4.4590347341274486 0.08699074126364911 0.06413944206603382 0.14801409707546268 0.10854367118867261
4.661718131133242 0.0420671644319736 0.03947042588679005 0.07400704853773134 0.07400704853773134
4.864401528139035 0.024669016179243778 0.014801409707546268 0.06907324530188258 0.03947042588679005
5.067084925144828 0.01765782210724818 0.009867606471697512 0.05920563883018507 0.019735212943395024
5.269768322150621 0.011425649598807645 0.009867606471697512 0.049338032358487556 0.019735212943395024
5.472451719156414 0.014541735853027912 0.014801409707546268 0.029602819415092536 0.0
5.675135116162207 0.015580431271101333 0.004933803235848756 0.029602819415092536 0.009867606471697512
5.877818513168 0.015061083562064622 0.019735212943395024 0.014801409707546268 0.004933803235848756
6.080501910173793 0.021812603779541865 0.029602819415092536 0.014801409707546268 0.014801409707546268
