0.0 0.034276948796422936 0.004933803235848756 0.08387465500942885 0.07400704853773134
0.2026833970057931 0.022331951488578576 0.0 0.019735212943395024 0.06907324530188258
0.4053667940115862 0.012204671162362712 0.0 0.05427183559433631 0.019735212943395024
0.6080501910173793 0.0070111940719956006 0.0 0.03453662265094129 0.024669016179243778
0.8107335880231724 0.007270867926513956 0.0 0.024669016179243778 0.004933803235848756
1.0134169850289656 0.0064918463629588885 0.0 0.024669016179243778 0.004933803235848756
1.2161003820347587 0.009607932617179156 0.0 0.0444042291226388 0.019735212943395024
1.4187837790405518 0.01817716981628489 0.004933803235848756 0.024669016179243778 0.029602819415092536
1.6214671760463448 0.03168021025123938 0.0 0.06907324530188258 0.07400704853773134
1.824150573052138 0.07400704853773134 0.029602819415092536 0.09374226148112635 0.1332126873679164
2.026833970057931 0.10828399733415427 0.11347747442452137 0.1233450808962189 0.1233450808962189
2.2295173670637243 0.2074794097601661 0.17268311325470645 0.2466901617924378 0.25162396502828654
2.4322007640695174 0.2742155903713835 0.29602819415092535 0.2664253747358328 0.20721973590564774
2.6348841610753104 0.34926133432718826 0.26149157149998403 0.34043242327356416 0.29109439091507655
2.8375675580811035 0.42015229661069925 0.47364511064148057 0.36016763621695913 0.3749690459245054
3.0402509550868966 0.4102846901390018 0.40950566857544674 0.36016763621695913 0.3700352426886567
3.2429343520926897 0.46949032896918685 0.6167254044810945 0.36016763621695913 0.38483665239620296
3.4456177490984827 0.4650758734423748 0.5821887818301531 0.3354986200377154 0.38483665239620296
3.648301146104276 0.4185942534835892 0.5032479300565731 0.34043242327356416 0.3996380621037492
3.850984543110069 0.35601285454466547 0.3354986200377154 0.39470425886790045 0.29602819415092535
4.053667940115862 0.2752542857894569 0.25162396502828654 0.3651014394528079 0.24175635855658903
4.2563513371216555 0.20020854183365214 0.13814649060376516 0.2713591779716816 0.28616058767922786
4.4590347341274486 0.14411898925768735 0.1233450808962189 0.19735212943395022 0.202285932669799
4.661718131133242 0.1010131294076403 0.09374226148112635 0.10854367118867261 0.1332126873679164
4.864401528139035 0.08387465500942885 0.05427183559433631 0.11347747442452137 0.0789408517735801
5.067084925144828 0.0864713935546124 0.09374226148112635 0.07400704853773134 0.09867606471697511
5.269768322150621 0.0859520458455757 0.09374226148112635 0.03947042588679005 0.06907324530188258
5.472451719156414 0.08049889490069022 0.0789408517735801 0.024669016179243778 0.06413944206603382
5.675135116162207 0.08075856875520857 0.09867606471697511 0.05920563883018507 0.10854367118867261
5.877818513168 0.05245411861270782 0.07400704853773134 0.009867606471697512 0.06413944206603382
6.080501910173793 0.04128814286841853 0.029602819415092536 0.06907324530188258 0.049338032358487556
