0.0 0.0015580431271101335 0.0 0.014801409707546268 0.0
0.2026833970057931 0.004154781672293689 0.0 0.024669016179243778 0.0
0.4053667940115862 0.009348258762660799 0.0 0.049338032358487556 0.0
0.6080501910173793 0.009088584908142445 0.0 0.029602819415092536 0.004933803235848756
0.8107335880231724 0.019735212943395024 0.0 0.09374226148112635 0.009867606471697512
1.0134169850289656 0.034796296505459644 0.004933803235848756 0.09867606471697511 0.019735212943395024
1.2161003820347587 0.05427183559433631 0.009867606471697512 0.14801409707546268 0.03947042588679005
1.4187837790405518 0.0958196523172732 0.08387465500942885 0.19241832619810148 0.1677493100188577
1.6214671760463448 0.1612574636558988 0.10360986795282387 0.20721973590564774 0.17268311325470645
1.824150573052138 0.2150099515411984 0.21215353914149648 0.21708734237734523 0.21708734237734523
2.026833970057931 0.30355873593195765 0.2664253747358328 0.29602819415092535 0.22695494884904274
2.2295173670637243 0.4271634906826949 0.4785789138773293 0.38483665239620296 0.3552338329811104
2.4322007640695174 0.48351271711317806 0.4588437009339343 0.46377750416978303 0.37990284916035416
2.6348841610753104 0.5066236901653117 0.6413944206603382 0.4292408815188417 0.38483665239620296
2.8375675580811035 0.47779989231377423 0.4933803235848756 0.49831412682072435 0.35030002974526164
3.0402509550868966 0.46663391656948494 0.48351271711317806 0.4539098976980855 0.3700352426886567
3.2429343520926897 0.42352805671943794 0.5180493397641194 0.32563101356601787 0.34043242327356416
3.4456177490984827 0.37704643676065225 0.3897704556320517 0.33056481680186667 0.3897704556320517
3.648301146104276 0.29135406476959497 0.3157634070943204 0.2466901617924378 0.34043242327356416
3.850984543110069 0.21916473321349209 0.25162396502828654 0.1776169164905552 0.3108296038584716
4.053667940115862 0.14619638009383418 0.0789408517735801 0.10360986795282387 0.21215353914149648
4.2563513371216555 0.0958196523172732 0.07400704853773134 0.0789408517735801 0.222021145613194
4.4590347341274486 0.05453150944885466 0.03453662265094129 0.03453662265094129 0.1776169164905552
4.661718131133242 0.030122167124129243 0.029602819415092536 0.009867606471697512 0.10854367118867261
4.864401528139035 0.015061083562064622 0.004933803235848756 0.009867606471697512 0.06907324530188258
5.067084925144828 0.005972498653922178 0.0 0.0 0.03947042588679005
5.269768322150621 0.0025967385451835553 0.0 0.0 0.0
5.472451719156414 0.0012983692725917777 0.0 0.0 0.024669016179243778
5.675135116162207 0.0 0.0 0.0 0.0
5.877818513168 0.0 0.0 0.0 0.0
6.080501910173793 0.0007790215635550667 0.0 0.014801409707546268 0.0
