0.0 0.07504574395580475 0.0789408517735801 0.029602819415092536 0.0888084582452776
0.2026833970057931 0.08049889490069022 0.06907324530188258 0.024669016179243778 0.09867606471697511
0.4053667940115862 0.0654378113386256 0.05920563883018507 0.029602819415092536 0.0789408517735801
0.6080501910173793 0.06206205122988698 0.07400704853773134 0.049338032358487556 0.05920563883018507
0.8107335880231724 0.0672555283202541 0.05427183559433631 0.08387465500942885 0.10360986795282387
1.0134169850289656 0.06387976821151546 0.03947042588679005 0.11347747442452137 0.05920563883018507
1.2161003820347587 0.0654378113386256 0.049338032358487556 0.0888084582452776 0.0444042291226388
1.4187837790405518 0.06673618061121739 0.05427183559433631 0.09867606471697511 0.06413944206603382
1.6214671760463448 0.07738280864646996 0.06907324530188258 0.10360986795282387 0.1233450808962189
1.824150573052138 0.10724530191608085 0.05427183559433631 0.1578817035471602 0.1332126873679164
2.026833970057931 0.15684300812908678 0.11347747442452137 0.2565577682641353 0.14801409707546268
2.2295173670637243 0.22357918874030414 0.222021145613194 0.30589580062262284 0.21708734237734523
2.4322007640695174 0.32303427502083426 0.3354986200377154 0.35030002974526164 0.29109439091507655
2.6348841610753104 0.41989262275618094 0.4884465203490268 0.44897609446223674 0.3700352426886567
2.8375675580811035 0.49234162816680216 0.46871130740563177 0.4292408815188417 0.44897609446223674
3.0402509550868966 0.48714815107643505 0.48351271711317806 0.43910848799053925 0.35030002974526164
3.2429343520926897 0.44871642060771844 0.43910848799053925 0.33056481680186667 0.3897704556320517
3.4456177490984827 0.37263198123384017 0.3700352426886567 0.37990284916035416 0.3206972103301691
3.648301146104276 0.29213308633315 0.3651014394528079 0.26149157149998403 0.3157634070943204
3.850984543110069 0.2098164744508313 0.1874845229622527 0.15294790031131142 0.2762929812075303
4.053667940115862 0.14801409707546268 0.14801409707546268 0.23682255532074029 0.1874845229622527
4.2563513371216555 0.1010131294076403 0.08387465500942885 0.1233450808962189 0.07400704853773134
4.4590347341274486 0.07374737468321298 0.03947042588679005 0.13814649060376516 0.08387465500942885
4.661718131133242 0.05738792184855658 0.019735212943395024 0.0789408517735801 0.0444042291226388
4.864401528139035 0.05219444475818947 0.0444042291226388 0.0789408517735801 0.049338032358487556
5.067084925144828 0.04518325068619386 0.07400704853773134 0.024669016179243778 0.049338032358487556
5.269768322150621 0.046741293813304004 0.08387465500942885 0.009867606471697512 0.0444042291226388
5.472451719156414 0.05634922643048316 0.12827888413206764 0.029602819415092536 0.08387465500942885
5.675135116162207 0.04803966308589578 0.06413944206603382 0.029602819415092536 0.07400704853773134
5.877818513168 0.06206205122988698 0.06907324530188258 0.024669016179243778 0.09374226148112635
6.080501910173793 0.0859520458455757 0.10360986795282387 0.024669016179243778 0.1677493100188577
