0.0 0.01817716981628489 0.004933803235848756 0.004933803235848756 0.029602819415092536
0.2026833970057931 0.017138474398211468 0.0 0.0 0.049338032358487556
0.4053667940115862 0.009607932617179156 0.0 0.004933803235848756 0.024669016179243778
0.6080501910173793 0.003635433963256978 0.0 0.0 0.019735212943395024
0.8107335880231724 0.003895107817775333 0.0 0.024669016179243778 0.009867606471697512
1.0134169850289656 0.003895107817775333 0.0 0.014801409707546268 0.009867606471697512
1.2161003820347587 0.006751520217477244 0.0 0.03453662265094129 0.019735212943395024
1.4187837790405518 0.0163594528346564 0.0 0.03453662265094129 0.049338032358487556
1.6214671760463448 0.035055970359978 0.009867606471697512 0.06907324530188258 0.07400704853773134
1.824150573052138 0.06439911592055217 0.03453662265094129 0.09867606471697511 0.12827888413206764
2.026833970057931 0.09971476013504854 0.06907324530188258 0.1233450808962189 0.1776169164905552
2.2295173670637243 0.1776169164905552 0.12827888413206764 0.222021145613194 0.222021145613194
2.4322007640695174 0.27083983026264485 0.2713591779716816 0.2466901617924378 0.3996380621037492
2.6348841610753104 0.35549350683562875 0.37990284916035416 0.3108296038584716 0.36016763621695913
2.8375675580811035 0.4713080459508153 0.5920563883018507 0.2664253747358328 0.43417468475469045
3.0402509550868966 0.5619342211777214 0.5772549785943044 0.5969901915376994 0.5723211753584557
3.2429343520926897 0.5525859624150606 0.6019239947735482 0.4193732750471443 0.49831412682072435
3.4456177490984827 0.5157122750734542 0.5575197656509094 0.43417468475469045 0.48351271711317806
3.648301146104276 0.4224893613013645 0.43910848799053925 0.37990284916035416 0.29602819415092535
3.850984543110069 0.32381329658438934 0.2713591779716816 0.2762929812075303 0.29602819415092535
4.053667940115862 0.25629809440961693 0.23188875208489151 0.222021145613194 0.23682255532074029
4.2563513371216555 0.17579919950892672 0.202285932669799 0.202285932669799 0.1578817035471602
4.4590347341274486 0.11737258224229671 0.10360986795282387 0.23188875208489151 0.05920563883018507
4.661718131133242 0.09607932617179156 0.06907324530188258 0.16281550678300893 0.06413944206603382
4.864401528139035 0.08049889490069022 0.09374226148112635 0.11347747442452137 0.06413944206603382
5.067084925144828 0.06751520217477244 0.07400704853773134 0.1332126873679164 0.03453662265094129
5.269768322150621 0.06621683290218067 0.0888084582452776 0.10854367118867261 0.03947042588679005
5.472451719156414 0.05115574934011605 0.03947042588679005 0.049338032358487556 0.0444042291226388
5.675135116162207 0.04024944745034511 0.0444042291226388 0.05920563883018507 0.019735212943395024
5.877818513168 0.02934314556057418 0.03947042588679005 0.049338032358487556 0.019735212943395024
6.080501910173793 0.02285129919761529 0.009867606471697512 0.03947042588679005 0.03947042588679005
