0.0 0.003375760108738622 0.004933803235848756 0.004933803235848756 0.004933803235848756
0.2026833970057931 0.003116086254220267 0.0 0.004933803235848756 0.0
0.4053667940115862 0.004154781672293689 0.0 0.019735212943395024 0.004933803235848756
0.6080501910173793 0.005972498653922178 0.0 0.029602819415092536 0.0
0.8107335880231724 0.0046741293813303995 0.0 0.03947042588679005 0.0
1.0134169850289656 0.009088584908142445 0.0 0.049338032358487556 0.014801409707546268
1.2161003820347587 0.021293256070505154 0.0 0.06907324530188258 0.049338032358487556
1.4187837790405518 0.04726064152234071 0.019735212943395024 0.1233450808962189 0.05427183559433631
1.6214671760463448 0.0771231347919516 0.03453662265094129 0.222021145613194 0.05427183559433631
1.824150573052138 0.12516279787784737 0.13814649060376516 0.20721973590564774 0.08387465500942885
2.026833970057931 0.1859264798351426 0.1677493100188577 0.21215353914149648 0.09374226148112635
2.2295173670637243 0.2513642911737682 0.2565577682641353 0.3897704556320517 0.10360986795282387
2.4322007640695174 0.32407297043890776 0.32563101356601787 0.404571865339598 0.18255071972640394
2.6348841610753104 0.39522360657693717 0.5032479300565731 0.42430707828299297 0.3354986200377154
2.8375675580811035 0.454948593116159 0.5377845527075144 0.444042291226388 0.3108296038584716
3.0402509550868966 0.4936399974393939 0.5131155365282706 0.4292408815188417 0.46377750416978303
3.2429343520926897 0.5232428168544865 0.4588437009339343 0.3157634070943204 0.43910848799053925
3.4456177490984827 0.5159719489279725 0.606857798009397 0.3453662265094129 0.404571865339598
3.648301146104276 0.43339566319113537 0.4884465203490268 0.222021145613194 0.4144394718112955
3.850984543110069 0.3357582938922337 0.28616058767922786 0.32563101356601787 0.38483665239620296
4.053667940115862 0.24876755262858463 0.2664253747358328 0.16281550678300893 0.3354986200377154
4.2563513371216555 0.18514745827158752 0.14308029383961393 0.17268311325470645 0.3651014394528079
4.4590347341274486 0.11893062536940685 0.08387465500942885 0.1332126873679164 0.23188875208489151
4.661718131133242 0.07322802697417627 0.019735212943395024 0.08387465500942885 0.1776169164905552
4.864401528139035 0.04258651214101031 0.004933803235848756 0.03453662265094129 0.17268311325470645
5.067084925144828 0.018436843670803244 0.019735212943395024 0.03453662265094129 0.09867606471697511
5.269768322150621 0.014282061998509557 0.024669016179243778 0.009867606471697512 0.07400704853773134
5.472451719156414 0.006751520217477244 0.0 0.004933803235848756 0.05427183559433631
5.675135116162207 0.004933803235848756 0.014801409707546268 0.009867606471697512 0.014801409707546268
5.877818513168 0.003116086254220267 0.009867606471697512 0.0 0.009867606471697512
6.080501910173793 0.0028564123997019113 0.004933803235848756 0.004933803235848756 0.0
