0.0 0.043884881413602084 0.03947042588679005 0.049338032358487556 0.05920563883018507
0.2026833970057931 0.043365533704565376 0.019735212943395024 0.09374226148112635 0.03947042588679005
0.4053667940115862 0.0444042291226388 0.009867606471697512 0.07400704853773134 0.05427183559433631
0.6080501910173793 0.039210752032271694 0.009867606471697512 0.05427183559433631 0.019735212943395024
0.8107335880231724 0.037393035050643196 0.014801409707546268 0.05427183559433631 0.03947042588679005
1.0134169850289656 0.03168021025123938 0.03947042588679005 0.03453662265094129 0.029602819415092536
1.2161003820347587 0.03713336119612484 0.03453662265094129 0.0444042291226388 0.08387465500942885
1.4187837790405518 0.039210752032271694 0.06413944206603382 0.024669016179243778 0.05920563883018507
1.6214671760463448 0.04985738006752427 0.03453662265094129 0.049338032358487556 0.13814649060376516
1.824150573052138 0.06829422373832751 0.03947042588679005 0.07400704853773134 0.0888084582452776
2.026833970057931 0.09711802158986499 0.06907324530188258 0.14308029383961393 0.11841127766037014
2.2295173670637243 0.13684812133117338 0.1233450808962189 0.17268311325470645 0.15294790031131142
2.4322007640695174 0.2074794097601661 0.19735212943395022 0.21708734237734523 0.29109439091507655
2.6348841610753104 0.31524405938528366 0.29602819415092535 0.37990284916035416 0.3552338329811104
2.8375675580811035 0.45468891926164057 0.404571865339598 0.3749690459245054 0.43417468475469045
3.0402509550868966 0.5372652049984776 0.5723211753584557 0.404571865339598 0.4193732750471443
3.2429343520926897 0.5460941160521018 0.6561958303678845 0.4588437009339343 0.4144394718112955
3.4456177490984827 0.5029882562020547 0.626593010952792 0.43910848799053925 0.3453662265094129
3.648301146104276 0.4053508869031531 0.4933803235848756 0.3996380621037492 0.3157634070943204
3.850984543110069 0.3014813450958108 0.29602819415092535 0.3009619973867741 0.23188875208489151
4.053667940115862 0.20176658496076227 0.13814649060376516 0.29109439091507655 0.20721973590564774
4.2563513371216555 0.15658333427456841 0.10854367118867261 0.21215353914149648 0.14308029383961393
4.4590347341274486 0.10698562806156249 0.10360986795282387 0.1578817035471602 0.10360986795282387
4.661718131133242 0.08101824260972694 0.09374226148112635 0.09867606471697511 0.10360986795282387
4.864401528139035 0.0607636819572952 0.05920563883018507 0.06907324530188258 0.09374226148112635
5.067084925144828 0.057907269557593295 0.07400704853773134 0.05920563883018507 0.1233450808962189
5.269768322150621 0.07322802697417627 0.05427183559433631 0.0444042291226388 0.12827888413206764
5.472451719156414 0.07218933155610284 0.0789408517735801 0.03947042588679005 0.07400704853773134
5.675135116162207 0.07296835311965791 0.07400704853773134 0.014801409707546268 0.11841127766037014
5.877818513168 0.06362009435699711 0.07400704853773134 0.05920563883018507 0.08387465500942885
6.080501910173793 0.047779989231377426 0.03453662265094129 0.0444042291226388 0.06413944206603382
