0.0 0.16734674163338994 0.16631691553103062 0.1978295942632259 0.15056057616493299
0.5711986642890533 0.2073039944049317 0.17331973302707404 0.15406198491295467 0.20308170738525846
1.1423973285781066 0.23418245567651003 0.22409015987338865 0.21358593362932354 0.23984649923948628
1.7135959928671598 0.2034936378262022 0.27836199546772494 0.15756339366097638 0.2258408642473995
2.284794657156213 0.19360730724355268 0.21358593362932354 0.208333820507291 0.1680676199050415
2.8559933214452666 0.1674497242436259 0.15056057616493299 0.12254930618075942 0.1978295942632259
3.4271919857343196 0.1315087932712855 0.09803944494460753 0.10329155806664007 0.16281550678300893
3.998390650023373 0.12141649746816416 0.16631691553103062 0.1260507149287811 0.11554648868471602
4.569589314312426 0.10504226244065092 0.11554648868471602 0.12430001055477025 0.11204507993669433
5.140787978601479 0.10473331460994313 0.0682774705864231 0.19082677676718252 0.07528028808246649
5.711986642890533 0.11461964519259261 0.09628874057059668 0.15231128053894383 0.09979014931861838
