0.0 0.17331973302707404 0.1680676199050415 0.18382395927113912 0.1400563499208679
0.5711986642890533 0.1304789671689262 0.1680676199050415 0.1400563499208679 0.09979014931861838
1.1423973285781066 0.09072767961785634 0.05602253996834716 0.1295521236768028 0.09453803619658584
1.7135959928671598 0.07425046198010717 0.04026620060224952 0.1260507149287811 0.12079860180674858
2.284794657156213 0.10792577552725702 0.07002817496043395 0.1435577586688896 0.10504226244065092
2.8559933214452666 0.18124939401524082 0.19257748114119336 0.1470591674169113 0.15581268928696554
3.4271919857343196 0.19443116812544015 0.23809579486547544 0.12254930618075942 0.18907607239317167
3.998390650023373 0.16662586336173843 0.17857184614910657 0.13830564554685706 0.23109297736943205
4.569589314312426 0.19175362025930592 0.17682114177509572 0.20308170738525846 0.20658311613328015
5.140787978601479 0.23819877747571136 0.2591042473536056 0.22233945549937778 0.2188380467513561
5.711986642890533 0.20174293345219133 0.20308170738525846 0.1943281855152042 0.18907607239317167
