0.0 0.18042553313335333 0.21358593362932354 0.1330535324248245 0.16981832427905233
0.5711986642890533 0.12965510628703872 0.11729719305872688 0.13830564554685706 0.1330535324248245
1.1423973285781066 0.09319926226351871 0.07002817496043395 0.10504226244065092 0.11029437556268347
1.7135959928671598 0.09999611453909024 0.08228310557850989 0.13480423679883535 0.12079860180674858
2.284794657156213 0.1419100369051147 0.14530846304290046 0.14180705429487875 0.15931409803498722
2.8559933214452666 0.18073448096406117 0.1873253680191608 0.21708734237734525 0.15931409803498722
3.4271919857343196 0.19649082033015877 0.16281550678300893 0.2118352292553127 0.17857184614910657
3.998390650023373 0.17465850696014112 0.14180705429487875 0.19082677676718252 0.19257748114119336
4.569589314312426 0.16631691553103062 0.17331973302707404 0.15231128053894383 0.15581268928696554
5.140787978601479 0.190105898495531 0.2363450904914646 0.1330535324248245 0.17507043740108488
5.711986642890533 0.19721169860181031 0.22058875112536694 0.19257748114119336 0.19607888988921507
