0.0 0.09402312314540617 0.0682774705864231 0.04551831372428206 0.14180705429487875
0.5711986642890533 0.06848343580689496 0.04901972247230377 0.04726901809829292 0.09278733182257498
1.1423973285781066 0.0807383664249709 0.08578451432653159 0.11379578431070517 0.10154085369262923
1.7135959928671598 0.14366074127912554 0.16631691553103062 0.15231128053894383 0.14530846304290046
2.284794657156213 0.23624210788122865 0.2048324117592693 0.2328436817434429 0.22058875112536694
2.8559933214452666 0.30513747412906733 0.30462256107788765 0.3203789004439853 0.2486000211095405
3.4271919857343196 0.2892781521527338 0.32563101356601787 0.2906169260858009 0.22759156862141033
3.998390650023373 0.20297872477502255 0.1978295942632259 0.22409015987338865 0.19082677676718252
4.569589314312426 0.13295054981458856 0.15231128053894383 0.13830564554685706 0.10154085369262923
5.140787978601479 0.09608277535012481 0.08928592307455328 0.08928592307455328 0.13830564554685706
5.711986642890533 0.1011289232516855 0.10679296681466177 0.09628874057059668 0.14180705429487875
