0.0 0.0494316529132475 0.036764791854227825 0.06302535746439054 0.11554648868471602
0.5711986642890533 0.07538327069270244 0.06302535746439054 0.0717788793344448 0.1260507149287811
1.1423973285781066 0.13573108029095876 0.11904789743273772 0.11379578431070517 0.15056057616493299
1.7135959928671598 0.17589429828297232 0.16981832427905233 0.1610648024089981 0.14530846304290046
2.284794657156213 0.2484970384993046 0.2836141085897575 0.26435636047563815 0.1978295942632259
2.8559933214452666 0.3283085614321521 0.3641465097942565 0.323880309192007 0.2486000211095405
3.4271919857343196 0.33551734414866735 0.38165355353436503 0.2836141085897575 0.266107064849649
3.998390650023373 0.22831244689306188 0.24509861236151884 0.18557466364514996 0.21708734237734525
4.569589314312426 0.10596910593277431 0.06652676621241226 0.14880987179092214 0.14180705429487875
5.140787978601479 0.04016321799201359 0.010504226244065093 0.09103662744856413 0.09278733182257498
5.711986642890533 0.027496356932993918 0.010504226244065093 0.04376760935027122 0.04901972247230377
