0.0 0.06086272264943598 0.06127465309037971 0.07528028808246649 0.05952394871636886
0.5711986642890533 0.0494316529132475 0.05777324434235801 0.0647760618384014 0.06652676621241226
1.1423973285781066 0.059215000885661055 0.03851549622823867 0.09103662744856413 0.09628874057059668
1.7135959928671598 0.14541144565313638 0.13830564554685706 0.18907607239317167 0.1260507149287811
2.284794657156213 0.27393374322757985 0.28536481296376837 0.3098746741999202 0.21008452488130183
2.8559933214452666 0.3702224837981765 0.44642961537276643 0.32563101356601787 0.24159720361349715
3.4271919857343196 0.35168561395570874 0.42016904976260366 0.2293422729954212 0.29937044795585516
3.998390650023373 0.23500631655839746 0.21008452488130183 0.20308170738525846 0.28536481296376837
4.569589314312426 0.1065870015941899 0.04726901809829292 0.11554648868471602 0.16281550678300893
5.140787978601479 0.050255513795134946 0.019257748114119334 0.07703099245647733 0.11379578431070517
5.711986642890533 0.04809287898018037 0.02626056561016273 0.07002817496043395 0.08928592307455328
