0.0 0.14788302829879876 0.1680676199050415 0.11554648868471602 0.1610648024089981
0.5711986642890533 0.1700242894995242 0.17682114177509572 0.14180705429487875 0.16981832427905233
1.1423973285781066 0.18083746357429709 0.18207325489712825 0.1610648024089981 0.1943281855152042
1.7135959928671598 0.13861459337756485 0.1330535324248245 0.17682114177509572 0.1400563499208679
2.284794657156213 0.15828427193262792 0.10854367118867263 0.16981832427905233 0.15406198491295467
2.8559933214452666 0.20781890745611134 0.17682114177509572 0.243347907987508 0.20658311613328015
3.4271919857343196 0.25065967331425915 0.3203789004439853 0.22759156862141033 0.20308170738525846
3.998390650023373 0.21039347271200964 0.2258408642473995 0.22058875112536694 0.16281550678300893
4.569589314312426 0.1251238714366577 0.14530846304290046 0.12780141930279196 0.12254930618075942
5.140787978601479 0.07085203584232141 0.054271835594336314 0.08228310557850989 0.09628874057059668
5.711986642890533 0.09021276656667666 0.05952394871636886 0.08403380995252074 0.1400563499208679
