0.0 0.062304479192739036 0.036764791854227825 0.10679296681466177 0.05602253996834716
0.5711986642890533 0.05046147901560682 0.015756339366097636 0.11204507993669433 0.036764791854227825
1.1423973285781066 0.05797920956282987 0.05777324434235801 0.07878169683048819 0.05777324434235801
1.7135959928671598 0.09165452310997972 0.10329155806664007 0.09278733182257498 0.10679296681466177
2.284794657156213 0.15529777623578586 0.17156902865306317 0.1365549411728462 0.1803225505231174
2.8559933214452666 0.256941612538651 0.2801126998417358 0.1978295942632259 0.266107064849649
3.4271919857343196 0.3216146917668165 0.3448887616801372 0.22759156862141033 0.35014087480216977
3.998390650023373 0.2988555349046755 0.2713591779716816 0.23459438611745376 0.266107064849649
4.569589314312426 0.21523365539309847 0.21708734237734525 0.21708734237734525 0.2188380467513561
5.140787978601479 0.14335179344841775 0.15231128053894383 0.20658311613328015 0.13130282805081364
5.711986642890533 0.09700961884224821 0.09979014931861838 0.1400563499208679 0.08053240120449905
