0.0 0.18753133323963267 0.23984649923948628 0.20133100301124762 0.09628874057059668
0.5711986642890533 0.14716215002714722 0.12780141930279196 0.23109297736943205 0.11904789743273772
1.1423973285781066 0.11472262780282855 0.09628874057059668 0.1260507149287811 0.11729719305872688
1.7135959928671598 0.10885261901938041 0.0717788793344448 0.12430001055477025 0.18382395927113912
2.284794657156213 0.1377907324956774 0.1470591674169113 0.10679296681466177 0.17507043740108488
2.8559933214452666 0.18722238540892489 0.17682114177509572 0.16631691553103062 0.2293422729954212
3.4271919857343196 0.19319537680260895 0.19958029863723675 0.1295521236768028 0.25385213423157305
3.998390650023373 0.17404061129872556 0.20308170738525846 0.1365549411728462 0.18207325489712825
4.569589314312426 0.15210531531847196 0.1470591674169113 0.15056057616493299 0.16456621115701978
5.140787978601479 0.16260954156253707 0.15406198491295467 0.15406198491295467 0.11204507993669433
5.711986642890533 0.18547168103491402 0.1873253680191608 0.22409015987338865 0.11729719305872688
