0.0 0.3221296048179962 0.336135239810083 0.26435636047563815 0.25735354297959473
0.5711986642890533 0.23778684703476763 0.24684931673552965 0.22409015987338865 0.208333820507291
1.1423973285781066 0.097318566672956 0.08053240120449905 0.16281550678300893 0.12254930618075942
1.7135959928671598 0.05396288776362851 0.04901972247230377 0.12254930618075942 0.07002817496043395
2.284794657156213 0.10699893203513364 0.09979014931861838 0.14880987179092214 0.10854367118867263
2.8559933214452666 0.2045234639285615 0.21008452488130183 0.16631691553103062 0.1295521236768028
3.4271919857343196 0.19515204639709166 0.17331973302707404 0.20308170738525846 0.1470591674169113
3.998390650023373 0.12131351485792823 0.14180705429487875 0.13130282805081364 0.1330535324248245
4.569589314312426 0.07373554892892752 0.07352958370845565 0.06302535746439054 0.15231128053894383
5.140787978601479 0.10493927983041498 0.10329155806664007 0.08753521870054244 0.16631691553103062
5.711986642890533 0.2328436817434429 0.2363450904914646 0.17682114177509572 0.2556028386055839
