0.0 0.42675993681770336 0.43242398038067964 0.35189157917618064 0.35014087480216977
0.5711986642890533 0.20555329003092082 0.20133100301124762 0.22759156862141033 0.23984649923948628
1.1423973285781066 0.05396288776362851 0.03151267873219527 0.1435577586688896 0.0647760618384014
1.7135959928671598 0.05385990515339258 0.02976197435818443 0.10679296681466177 0.05602253996834716
2.284794657156213 0.12831633235397163 0.15406198491295467 0.12780141930279196 0.08928592307455328
2.8559933214452666 0.19947731602700083 0.25385213423157305 0.1610648024089981 0.15231128053894383
3.4271919857343196 0.1538560196924828 0.15056057616493299 0.11379578431070517 0.1330535324248245
3.998390650023373 0.07507432286199463 0.04376760935027122 0.10154085369262923 0.10679296681466177
4.569589314312426 0.049534635523483424 0.04376760935027122 0.07703099245647733 0.07703099245647733
5.140787978601479 0.08907995785408142 0.09453803619658584 0.07002817496043395 0.15931409803498722
5.711986642890533 0.3152297699321887 0.31512678732195276 0.2696084735976707 0.3221296048179962
