0.0 0.720878271651526 0.8193296470370772 0.5864859652936344 0.49194792909704854
0.5711986642890533 0.3765044230225684 0.34138735293211553 0.4079141191445278 0.3448887616801372
1.1423973285781066 0.07167589672420888 0.04026620060224952 0.1435577586688896 0.1470591674169113
1.7135959928671598 0.010710191464536958 0.0 0.019257748114119334 0.04201690497626037
2.284794657156213 0.0012357913228311873 0.0 0.0 0.0052521131220325465
2.8559933214452666 0.000720878271651526 0.0 0.0 0.0017507043740108488
3.4271919857343196 0.0012357913228311873 0.0 0.0 0.012254930618075942
3.998390650023373 0.006693869665335598 0.0 0.007002817496043395 0.019257748114119334
4.569589314312426 0.027290391712522056 0.021008452488130186 0.04376760935027122 0.06127465309037971
5.140787978601479 0.12327018445241093 0.10329155806664007 0.17156902865306317 0.22409015987338865
5.711986642890533 0.4104886844004261 0.4254211628846362 0.3711493272902999 0.4009113016484844
