0.0 0.6156300439904032 0.7055338627263721 0.4936986334710593 0.44467891099875556
0.5711986642890533 0.3681628315934579 0.33963664855810466 0.37815214478634335 0.3746507360383216
1.1423973285781066 0.1103973581729194 0.10679296681466177 0.1330535324248245 0.1680676199050415
1.7135959928671598 0.02770232215346578 0.036764791854227825 0.04201690497626037 0.05952394871636886
2.284794657156213 0.005046147901560681 0.007002817496043395 0.015756339366097636 0.019257748114119334
2.8559933214452666 0.0010298261023593226 0.0 0.007002817496043395 0.0017507043740108488
3.4271919857343196 0.0019566695944827133 0.0 0.0052521131220325465 0.012254930618075942
3.998390650023373 0.0060759740039200046 0.0 0.021008452488130186 0.02801126998417358
4.569589314312426 0.037176722295171556 0.01400563499208679 0.05952394871636886 0.09628874057059668
5.140787978601479 0.14149810646417096 0.11029437556268347 0.2048324117592693 0.19257748114119336
5.711986642890533 0.43602837173893727 0.43067327600666877 0.39040707540441927 0.35364228355019145
