0.0 0.7507432286199464 0.7843155595568603 0.567228217179515 0.5357155384473197
0.5711986642890533 0.40657534521146066 0.4341746847546905 0.3466394660541481 0.3991605972744735
1.1423973285781066 0.08969785351549701 0.06652676621241226 0.1400563499208679 0.15231128053894383
1.7135959928671598 0.017815991570816283 0.0017507043740108488 0.04026620060224952 0.04551831372428206
2.284794657156213 0.004943165291324749 0.0 0.01750704374010849 0.008753521870054244
2.8559933214452666 0.002986495696842036 0.0 0.010504226244065093 0.007002817496043395
3.4271919857343196 0.000720878271651526 0.0 0.0017507043740108488 0.0
3.998390650023373 0.0009268434921233904 0.0 0.007002817496043395 0.0035014087480216977
4.569589314312426 0.00545807834250441 0.0 0.03151267873219527 0.03501408748021698
5.140787978601479 0.07301467065727599 0.04726901809829292 0.15581268928696554 0.1873253680191608
5.711986642890533 0.3978218233414064 0.416667641014582 0.43242398038067964 0.3764014404123325
