0.0 0.6260312876242323 0.7387972458325781 0.47794229410496175 0.4761915897309509
0.5711986642890533 0.39617410157763144 0.38340425790837585 0.4271718672586471 0.31687749169596363
1.1423973285781066 0.1432488108381818 0.1260507149287811 0.18907607239317167 0.18907607239317167
1.7135959928671598 0.08588749693676752 0.09803944494460753 0.10154085369262923 0.09278733182257498
2.284794657156213 0.05622850518881902 0.05252113122032546 0.0717788793344448 0.0717788793344448
2.8559933214452666 0.0293500439172407 0.02801126998417358 0.02801126998417358 0.05252113122032546
3.4271919857343196 0.016889148078692892 0.007002817496043395 0.008753521870054244 0.024509861236151884
3.998390650023373 0.00545807834250441 0.0 0.0017507043740108488 0.021008452488130186
4.569589314312426 0.008547556649582379 0.0035014087480216977 0.01750704374010849 0.0647760618384014
5.140787978601479 0.06086272264943598 0.04026620060224952 0.11379578431070517 0.13130282805081364
5.711986642890533 0.32202662220776024 0.2731098823456924 0.3133760829479419 0.3098746741999202
