0.0 0.506365494530079 0.5182084947072112 0.3956591885264518 0.3851549622823867
0.5711986642890533 0.32666083966837717 0.3343845354360721 0.2293422729954212 0.35889439667222395
1.1423973285781066 0.09464101880682176 0.08403380995252074 0.12079860180674858 0.17331973302707404
1.7135959928671598 0.023377052523556627 0.007002817496043395 0.04901972247230377 0.08053240120449905
2.284794657156213 0.013181774110199333 0.0035014087480216977 0.03326338310620613 0.03501408748021698
2.8559933214452666 0.04078111365342918 0.03326338310620613 0.04551831372428206 0.06652676621241226
3.4271919857343196 0.09608277535012481 0.10679296681466177 0.09628874057059668 0.10329155806664007
3.998390650023373 0.12100456702722043 0.1295521236768028 0.09453803619658584 0.09278733182257498
4.569589314312426 0.1068959494248977 0.08403380995252074 0.12079860180674858 0.08228310557850989
5.140787978601479 0.12234334096028754 0.10329155806664007 0.2363450904914646 0.10154085369262923
5.711986642890533 0.29937044795585516 0.3466394660541481 0.32913242231403955 0.2713591779716816
