0.0 0.7547595504191477 0.8298338732811422 0.5339648340733089 0.5689789215535258
0.5711986642890533 0.34725736171556365 0.3098746741999202 0.3623958054202457 0.3641465097942565
1.1423973285781066 0.06281939224391869 0.02275915686214103 0.12254930618075942 0.17507043740108488
1.7135959928671598 0.0130787914999634 0.01400563499208679 0.02801126998417358 0.024509861236151884
2.284794657156213 0.006384921834627801 0.007002817496043395 0.0 0.01400563499208679
2.8559933214452666 0.0060759740039200046 0.0035014087480216977 0.0052521131220325465 0.0052521131220325465
3.4271919857343196 0.006590887055099666 0.0 0.019257748114119334 0.0
3.998390650023373 0.00720878271651526 0.0 0.02626056561016273 0.0017507043740108488
4.569589314312426 0.011019139295244753 0.0017507043740108488 0.05252113122032546 0.02275915686214103
5.140787978601479 0.07548625330293836 0.05252113122032546 0.18382395927113912 0.12079860180674858
5.711986642890533 0.4600233199239095 0.5094549728371569 0.416667641014582 0.45343243286880985
