0.0 0.7611444722537755 0.833335282029164 0.5689789215535258 0.589987374041656
0.5711986642890533 0.44529680666017124 0.4499310241207881 0.4359253891287013 0.39215777977843014
1.1423973285781066 0.0874322360903065 0.054271835594336314 0.17331973302707404 0.1295521236768028
1.7135959928671598 0.00947440014170577 0.0035014087480216977 0.04726901809829292 0.03326338310620613
2.284794657156213 0.001132808712595255 0.0 0.010504226244065093 0.0
2.8559933214452666 0.00030894783070779683 0.0 0.0017507043740108488 0.0
3.4271919857343196 0.00020596522047186457 0.0 0.0 0.0017507043740108488
3.998390650023373 0.0012357913228311873 0.0017507043740108488 0.0035014087480216977 0.0017507043740108488
4.569589314312426 0.012048965397604076 0.008753521870054244 0.024509861236151884 0.02275915686214103
5.140787978601479 0.06436413139745768 0.050770426846314616 0.1330535324248245 0.15756339366097638
5.711986642890533 0.36805984898322197 0.3483901704281589 0.35189157917618064 0.42191975413661453
