0.0 0.42016904976260366 0.4604352503648532 0.3203789004439853 0.3553929879242023
0.5711986642890533 0.25663266470794327 0.26435636047563815 0.2188380467513561 0.2696084735976707
1.1423973285781066 0.08702030564936278 0.05952394871636886 0.10854367118867263 0.10854367118867263
1.7135959928671598 0.03800058317705901 0.05252113122032546 0.054271835594336314 0.06302535746439054
2.284794657156213 0.06941027929901836 0.07703099245647733 0.08053240120449905 0.08753521870054244
2.8559933214452666 0.2015369682317195 0.20308170738525846 0.15231128053894383 0.15231128053894383
3.4271919857343196 0.24025842968043 0.2836141085897575 0.21708734237734525 0.17857184614910657
3.998390650023373 0.11029437556268347 0.08228310557850989 0.16456621115701978 0.09278733182257498
4.569589314312426 0.037176722295171556 0.015756339366097636 0.11029437556268347 0.08578451432653159
5.140787978601479 0.06302535746439054 0.03501408748021698 0.10329155806664007 0.1260507149287811
5.711986642890533 0.22717963818046663 0.21708734237734525 0.22058875112536694 0.23109297736943205
