0.0 0.6618589377253131 0.7106109054110035 0.49807539440608645 0.47969299847897257
0.5711986642890533 0.41443291837246227 0.4094897530811375 0.38130341265956286 0.38795608928080405
1.1423973285781066 0.1146711364977106 0.08193296470370773 0.189776354142776 0.18609987495735322
1.7135959928671598 0.02058622378616286 0.009803944494460752 0.05637268084314933 0.06127465309037971
2.284794657156213 0.0033160400495970193 0.0008753521870054244 0.01365549411728462 0.014880987179092215
2.8559933214452666 0.0006796852275571531 0.0 0.0019257748114119336 0.0057773244342358004
3.4271919857343196 0.0009062469700762039 0.0 0.002450986123615188 0.005602253996834716
3.998390650023373 0.0030585835240071885 0.00035014087480216976 0.011379578431070516 0.013830564554685707
4.569589314312426 0.017465850696014116 0.006302535746439055 0.05497211734394065 0.05304634253252872
5.140787978601479 0.10654580855009553 0.09348761357217933 0.16666705640583282 0.16841776077984363
5.711986642890533 0.4071829426118526 0.43785116394011325 0.3741255247261184 0.3741255247261184
