0.0 0.6529921349839993 0.7184890750940522 0.4781173645423628 0.5143569450843873
0.5711986642890533 0.42244496544881777 0.4276970785708503 0.3989855268370724 0.36712270723007495
1.1423973285781066 0.11575245390518789 0.08981113438675653 0.1978295942632259 0.17086874690345885
1.7135959928671598 0.019628485510968692 0.006652676621241225 0.06530127315060466 0.05199591990812221
2.284794657156213 0.0029041096086532903 0.0 0.01330535324248245 0.012780141930279196
2.8559933214452666 0.0003295443527549833 0.0 0.0017507043740108488 0.0021008452488130184
3.4271919857343196 0.0004634217460616952 0.0 0.0031512678732195276 0.002801126998417358
3.998390650023373 0.0034293209208565447 0.0017507043740108488 0.014880987179092215 0.015231128053894384
4.569589314312426 0.019216555070024965 0.00892859230745533 0.04901972247230377 0.05794831477975909
5.140787978601479 0.11047974426110815 0.08018226032969687 0.1621152250334046 0.17839677571170548
5.711986642890533 0.4030636382024153 0.41719285232678527 0.36624735504306954 0.3771017221619368
