0.0 0.5030700510025292 0.5437687785677696 0.39408355458984207 0.39390848415244095
0.5711986642890533 0.38128281613751563 0.4140415844535657 0.3384111554962971 0.32598115444082004
1.1423973285781066 0.1773051600432046 0.16736733815543714 0.2095593135690986 0.19765452382582482
1.7135959928671598 0.05838084174275 0.032738171794002874 0.11957310874494097 0.09103662744856413
2.284794657156213 0.020503837697974116 0.0077030992456477345 0.047619158973095085 0.03623958054202457
2.8559933214452666 0.012368211489335467 0.006127465309037971 0.01785718461491066 0.017682114177509572
3.4271919857343196 0.009103662744856413 0.009103662744856413 0.014530846304290045 0.01785718461491066
3.998390650023373 0.014633828914525976 0.01400563499208679 0.028361410858975748 0.03378859441840938
4.569589314312426 0.04742349201364681 0.034313805730612636 0.07370465414585672 0.09208705007297065
5.140787978601479 0.15802681540703808 0.13620480029804402 0.19205226982899012 0.2132357927545214
5.711986642890533 0.3686056568174724 0.3853300327197878 0.3149517168845517 0.3312332675628526
