0.0 0.6459687209659088 0.7011571017913449 0.4810935619781812 0.4835445481017964
0.5711986642890533 0.3990370181421904 0.410540175705544 0.3711493272902999 0.3883062301556062
1.1423973285781066 0.10537180679340591 0.07860662639308712 0.1619401545960035 0.16614184509362953
1.7135959928671598 0.017115709821211945 0.0057773244342358004 0.05304634253252872 0.05217099034552329
2.284794657156213 0.0029658991747948497 0.0 0.010854367118867262 0.015056057616493299
2.8559933214452666 0.0011534052346424417 0.00017507043740108488 0.002450986123615188 0.004201690497626037
3.4271919857343196 0.0010710191464536956 0.0005252113122032546 0.0022759156862141032 0.005427183559433631
3.998390650023373 0.0035631983141632567 0.001400563499208679 0.014180705429487874 0.014180705429487874
4.569589314312426 0.021039347271200964 0.011729719305872686 0.06250014615218731 0.05532225821874283
5.140787978601479 0.12457806360240727 0.1064428259398596 0.18662508626955648 0.18347381839633695
5.711986642890533 0.42884018554446923 0.43434975519209157 0.4045877808339071 0.3828790465961726
