0.0 0.6462776687966166 0.7067593557881796 0.4646369408624793 0.47969299847897257
0.5711986642890533 0.4121261079031774 0.426996796821246 0.36869834116668476 0.3769266517245357
1.1423973285781066 0.11162285123472701 0.08228310557850989 0.17559564871328812 0.18539959320774888
1.7135959928671598 0.018619255930656557 0.0064776061838401405 0.05409676515693523 0.05532225821874283
2.284794657156213 0.0033263383106206124 0.00035014087480216976 0.013830564554685707 0.012430001055477027
2.8559933214452666 0.0006590887055099666 0.0 0.002976197435818443 0.0031512678732195276
3.4271919857343196 0.0005355095732268478 0.0 0.0033263383106206124 0.0026260565610162732
3.998390650023373 0.0036249878803048157 0.0007002817496043395 0.020658311613328015 0.015931409803498723
4.569589314312426 0.02115262814246049 0.007002817496043395 0.07107859758484045 0.05637268084314933
5.140787978601479 0.12124142703076307 0.08981113438675653 0.20080579169904433 0.18347381839633695
5.711986642890533 0.4115185105027854 0.4303231351318666 0.3750008769131238 0.37937763784815093
