0.0 0.6686763865229319 0.7328448509609413 0.5071790571509429 0.4900221542856365
0.5711986642890533 0.4079759087106693 0.41474186620317005 0.3723748203521075 0.3783272152237444
1.1423973285781066 0.10744175725914815 0.08333352820291641 0.1677174790302393 0.17629593046289246
1.7135959928671598 0.01699213068892883 0.0077030992456477345 0.04972000422190811 0.052696201657726545
2.284794657156213 0.00229651220826129 0.00017507043740108488 0.009979014931861837 0.010329155806664008
2.8559933214452666 0.0008959487090526108 0.001225493061807594 0.0015756339366097638 0.003676479185422782
3.4271919857343196 0.0015550374145625774 0.0010504226244065092 0.0015756339366097638 0.005952394871636886
3.998390650023373 0.004191392236602444 0.0015756339366097638 0.01260507149287811 0.01645662111570198
4.569589314312426 0.018825221151128422 0.0064776061838401405 0.05497211734394065 0.05584746953094607
5.140787978601479 0.10784338943906828 0.0808825420793012 0.1747202965262827 0.1769962122124968
5.711986642890533 0.414010689670495 0.42069426107480695 0.3982852450874681 0.38410453965798025
