0.0 0.6321381564112231 0.6899525937976755 0.48091849154078015 0.4705893357341161
0.5711986642890533 0.42160050804488314 0.4325990508180807 0.38813115971820517 0.37937763784815093
1.1423973285781066 0.12780141930279196 0.10364169894144225 0.18890100195577056 0.1885508610809684
1.7135959928671598 0.026847566488507543 0.012955212367680281 0.06880268189862636 0.06547634358800575
2.284794657156213 0.004768094853923664 0.0008753521870054244 0.01943281855152042 0.017682114177509572
2.8559933214452666 0.001256387844878374 0.0 0.0071778879334444805 0.00682774705864231
3.4271919857343196 0.0011122121905480687 0.0 0.0035014087480216977 0.005952394871636886
3.998390650023373 0.004809287898018037 0.0 0.013830564554685707 0.01785718461491066
4.569589314312426 0.023583017744028493 0.007878169683048818 0.051820849470721124 0.06144972352778079
5.140787978601479 0.11242611559456728 0.09401282488438258 0.17069367646605776 0.17209423996526643
5.711986642890533 0.3943616076374791 0.4087894713315332 0.3574938331730153 0.3648467915438609
