0.0 0.5299691087961547 0.5808837112967996 0.40493792170870935 0.39408355458984207
0.5711986642890533 0.38356903008475335 0.41841834538859285 0.33158340843765477 0.3308831266880504
1.1423973285781066 0.15839755280388745 0.13690508204764837 0.19187719939158904 0.20693325700808232
1.7135959928671598 0.046867385918372785 0.02976197435818443 0.08893578219975111 0.09278733182257498
2.284794657156213 0.01100884103422116 0.0015756339366097638 0.03378859441840938 0.030112115232986597
2.8559933214452666 0.003120373090148748 0.0 0.011904789743273771 0.01365549411728462
3.4271919857343196 0.0027599339543229852 0.00035014087480216976 0.010679296681466178 0.010154085369262923
3.998390650023373 0.011204507993669432 0.0038515496228238673 0.02958690392078334 0.02556028386055839
4.569589314312426 0.04988477639828559 0.03518915791761806 0.09541338838359126 0.09611367013319559
5.140787978601479 0.1677277772912629 0.14408296998109285 0.21060973619350512 0.20430720044706605
5.711986642890533 0.3861950866457696 0.3996858085866768 0.34138735293211553 0.3461142547419448
