0.0 0.6666888221453784 0.7191893568436567 0.5049031414647288 0.4802182097911758
0.5711986642890533 0.40564850171933725 0.42419566982282864 0.3883062301556062 0.3637963689194544
1.1423973285781066 0.10479510417608469 0.0821080351411088 0.17507043740108488 0.17559564871328812
1.7135959928671598 0.01837209766609032 0.005602253996834716 0.05287127209512763 0.05199591990812221
2.284794657156213 0.0034499174429037313 0.0008753521870054244 0.008753521870054244 0.013480423679883535
2.8559933214452666 0.001493247848421018 0.001400563499208679 0.0026260565610162732 0.004026620060224952
3.4271919857343196 0.001441756543303052 0.0010504226244065092 0.0017507043740108488 0.0052521131220325465
3.998390650023373 0.003398426137785765 0.0007002817496043395 0.012430001055477027 0.015406198491295469
4.569589314312426 0.01785718461491066 0.005952394871636886 0.04884465203490268 0.053396483407330886
5.140787978601479 0.11231283472330775 0.08473409170212508 0.17682114177509572 0.18697522714435866
5.711986642890533 0.4152464809933261 0.424895951572433 0.3783272152237444 0.4005611607736822
