0.0 0.6191932423045664 0.7067593557881796 0.45885961642824347 0.46376158867547385
0.5711986642890533 0.40671952086579094 0.40808918958192886 0.3723748203521075 0.38357932834577696
1.1423973285781066 0.1271011375531876 0.1018909945674314 0.1771712826498979 0.18469931145814453
1.7135959928671598 0.027949480418032017 0.016806761990504147 0.06967803408563178 0.06004916002857211
2.284794657156213 0.007188186194468073 0.006127465309037971 0.020658311613328015 0.015231128053894384
2.8559933214452666 0.0027496356932993917 0.0015756339366097638 0.005952394871636886 0.006652676621241225
3.4271919857343196 0.0015447391535389843 0.00035014087480216976 0.0064776061838401405 0.005427183559433631
3.998390650023373 0.0056434470409290885 0.0005252113122032546 0.019607888988921504 0.018032255052311742
4.569589314312426 0.02564266994874714 0.01400563499208679 0.058998737404165606 0.06197493483998405
5.140787978601479 0.12345555315083562 0.09331254313477824 0.1817231140223261 0.17664607133769464
5.711986642890533 0.4035167616874535 0.4012614425232865 0.3792025674107498 0.3746507360383216
