0.0 0.14710036046100566 0.13795550467205486 0.15581268928696554 0.1435577586688896
0.5711986642890533 0.13329039242836715 0.1262257853661822 0.15318663272594926 0.13690508204764837
1.1423973285781066 0.12934615845633093 0.11642184087172144 0.15686311191137203 0.13007733498900606
1.7135959928671598 0.1604263102255353 0.16001437978459157 0.17261945127746967 0.152661421413746
2.284794657156213 0.18633673496089587 0.1978295942632259 0.1619401545960035 0.18224832533452934
2.8559933214452666 0.19442086986441656 0.21708734237734525 0.15126085791453733 0.1967791716388194
3.4271919857343196 0.17446284000069287 0.15913902759758614 0.16141494328380027 0.1896012837053749
3.998390650023373 0.15712056843696187 0.14303254735668633 0.16474128159442086 0.17507043740108488
4.569589314312426 0.15338229968539752 0.15791353453577855 0.15651297103656986 0.14758437872911453
5.140787978601479 0.15637909364326316 0.1689429720920469 0.15231128053894383 0.14618381522990587
5.711986642890533 0.15843874584798182 0.16614184509362953 0.16404099984481654 0.15003536485272972
