0.0 0.14683260567439224 0.14688409697951021 0.140231420358269 0.1631656476578111
0.5711986642890533 0.14692529002360458 0.14653395610470804 0.13918099773386247 0.15826367541058073
1.1423973285781066 0.14517458564959373 0.13760536379725272 0.14880987179092214 0.15231128053894383
1.7135959928671598 0.14335179344841775 0.13515437767363753 0.14670902654210913 0.14775944916651565
2.284794657156213 0.15924201020782208 0.1619401545960035 0.17997240964831526 0.15686311191137203
2.8559933214452666 0.17308287302353137 0.1878505793313641 0.17542057827588703 0.15406198491295467
3.4271919857343196 0.17569863132352406 0.17997240964831526 0.17226931040266752 0.16123987284639918
3.998390650023373 0.17952958442430073 0.1841741001459413 0.17209423996526643 0.17857184614910657
4.569589314312426 0.17283571475896514 0.18014748008571635 0.16281550678300893 0.1748953669636838
5.140787978601479 0.16244476938615957 0.15808860497317964 0.1677174790302393 0.15336170316335035
5.711986642890533 0.14558651609053747 0.13235325067522016 0.14548353348030152 0.1502104352901308
