0.0 0.1409522986299205 0.14268240648188418 0.13392888461182992 0.14303254735668633
0.5711986642890533 0.1309320906539643 0.12675099667838546 0.13988127948346682 0.13953113860866465
1.1423973285781066 0.12049995223706438 0.11029437556268347 0.14198212473227984 0.13060254630120932
1.7135959928671598 0.12904750888664673 0.1295521236768028 0.15546254841216336 0.12114874268155072
2.284794657156213 0.1543400379605917 0.15528747797476228 0.16946818340425016 0.1388308568590603
2.8559933214452666 0.17888079397981438 0.1878505793313641 0.17226931040266752 0.17016846515385448
3.4271919857343196 0.1935764124604819 0.20290663694785738 0.16824269034244257 0.18680015670695757
3.998390650023373 0.19776780469708435 0.20553269350887365 0.18522452277034782 0.2034318482600606
4.569589314312426 0.18294860708413369 0.17296959215227184 0.18207325489712825 0.1887259315183695
5.140787978601479 0.16743942598260228 0.16474128159442086 0.16579170421882738 0.17647100090029355
5.711986642890533 0.1543194414385445 0.15213621010154277 0.1363798707354451 0.15196113966414168
