0.0 0.14168347516259563 0.13235325067522016 0.1425073360444831 0.15353677360075144
0.5711986642890533 0.13022151064333637 0.123774799242567 0.1297271941142039 0.14443311085589502
1.1423973285781066 0.12721441842444714 0.12535043317917677 0.13217818023781908 0.14723423785431236
1.7135959928671598 0.1444434091169186 0.1365549411728462 0.15353677360075144 0.1481095900413178
2.284794657156213 0.16905625296330642 0.1748953669636838 0.16526649290662412 0.16071466153419592
2.8559933214452666 0.18097134096760378 0.18084776183532067 0.1875004384565619 0.1654415633440252
3.4271919857343196 0.18484348711247486 0.18434917058334238 0.18364888883373803 0.17174409909046426
3.998390650023373 0.17883960093572 0.18137297314752393 0.16474128159442086 0.17174409909046426
4.569589314312426 0.17543087653691064 0.17979733921091418 0.17016846515385448 0.17226931040266752
5.140787978601479 0.16502963290308148 0.17437015565148054 0.16141494328380027 0.15668804147397095
5.711986642890533 0.1529703692444538 0.15703818234877315 0.16001437978459157 0.158788886722784
