0.0 0.14602934131455197 0.14740930829171345 0.16579170421882738 0.1425073360444831
0.5711986642890533 0.15000447006965897 0.14618381522990587 0.16509142246922304 0.12867677148979736
1.1423973285781066 0.15643058494838114 0.15703818234877315 0.17314466258967295 0.14040649079567005
1.7135959928671598 0.16857223469519755 0.16649198596843173 0.1850494523329467 0.15458719622515796
2.284794657156213 0.17165141474125192 0.17997240964831526 0.17279452171487075 0.16229029547080567
2.8559933214452666 0.16967414862472202 0.18119790271012284 0.1528364918511471 0.17051860602865668
3.4271919857343196 0.16790284772866398 0.1780466348369033 0.1493350831031254 0.17647100090029355
3.998390650023373 0.16418517549914682 0.16123987284639918 0.14863480135352106 0.17769649396210116
4.569589314312426 0.15795472757987292 0.15546254841216336 0.14163198385747766 0.1748953669636838
5.140787978601479 0.15482405622870057 0.14058156123307114 0.1517860692267406 0.17261945127746967
5.711986642890533 0.14347537258070087 0.13708015248504946 0.1446081812932961 0.15003536485272972
