0.0 0.15371184403815252 0.1437328291062907 0.1617650841586024 0.15651297103656986
0.5711986642890533 0.15924201020782208 0.16001437978459157 0.16859283121724472 0.16123987284639918
1.1423973285781066 0.1625477519963955 0.15773846409837747 0.16684212684323388 0.15353677360075144
1.7135959928671598 0.171826485178653 0.17261945127746967 0.16929311296684907 0.1703435355912556
2.284794657156213 0.17136306343259133 0.1896012837053749 0.15686311191137203 0.17437015565148054
2.8559933214452666 0.16831477816960771 0.17191916952786535 0.15756339366097638 0.16649198596843173
3.4271919857343196 0.16946818340425016 0.1677174790302393 0.16001437978459157 0.17016846515385448
3.998390650023373 0.15774876235940105 0.1621152250334046 0.15371184403815252 0.16509142246922304
4.569589314312426 0.14575128826691494 0.14163198385747766 0.15371184403815252 0.13848071598425815
5.140787978601479 0.14251763430550668 0.13865578642165924 0.14880987179092214 0.14320761779408742
5.711986642890533 0.14821257265155371 0.14495832216809829 0.15353677360075144 0.15126085791453733
