0.0 0.15350587881768066 0.15213621010154277 0.1502104352901308 0.14986029441532864
0.5711986642890533 0.1797355496447726 0.1932777628907977 0.16526649290662412 0.16404099984481654
1.1423973285781066 0.17995181312626807 0.18697522714435866 0.15931409803498722 0.1771712826498979
1.7135959928671598 0.167243759023154 0.16141494328380027 0.15528747797476228 0.17612086002549138
2.284794657156213 0.15547284667318698 0.1551124075373612 0.15563761884956445 0.17261945127746967
2.8559933214452666 0.1621255232944282 0.1724443808400686 0.15476226666255904 0.17261945127746967
3.4271919857343196 0.16903565644125926 0.1703435355912556 0.158788886722784 0.16666705640583282
3.998390650023373 0.16506052768615226 0.1687679016546458 0.17069367646605776 0.1643911407196187
4.569589314312426 0.15153891096217437 0.1342790254866321 0.16281550678300893 0.14845973091611997
5.140787978601479 0.13348605938781544 0.1264008558035833 0.16474128159442086 0.12587564449138003
5.711986642890533 0.13354784895395697 0.1295521236768028 0.15318663272594926 0.13287846198742342
