0.0 0.1404888768838588 0.14863480135352106 0.14408296998109285 0.1458336743551037
0.5711986642890533 0.1412818429826755 0.13340367329962668 0.13760536379725272 0.16229029547080567
1.1423973285781066 0.14618381522990587 0.14320761779408742 0.13848071598425815 0.15353677360075144
1.7135959928671598 0.1542164588283086 0.1528364918511471 0.15721325278617423 0.15563761884956445
2.284794657156213 0.15959215108262426 0.14793451960391674 0.1710438173408599 0.158788886722784
2.8559933214452666 0.16715107467394166 0.1563379005991688 0.17507043740108488 0.16964325384165124
3.4271919857343196 0.1833811340471246 0.1911769176419847 0.18557466364514996 0.16649198596843173
3.998390650023373 0.1852039262483006 0.20203128476085194 0.1769962122124968 0.1654415633440252
4.569589314312426 0.1735051017254987 0.18102283227272176 0.16229029547080567 0.15038550572753193
5.140787978601479 0.15685281365034845 0.15563761884956445 0.15563761884956445 0.17016846515385448
5.711986642890533 0.14284717865826166 0.13848071598425815 0.14670902654210913 0.15248635097634491
