0.0 0.14303254735668633 0.14110677254527443 0.14478325173069717 0.15808860497317964
0.5711986642890533 0.16064257370703078 0.14916001266572432 0.15581268928696554 0.16719226771803605
1.1423973285781066 0.18068298965894317 0.18347381839633695 0.1656166337814263 0.18574973408255105
1.7135959928671598 0.19988924646794456 0.2118352292553127 0.17647100090029355 0.20518255263407148
2.284794657156213 0.20539881611556693 0.21498649712853224 0.1780466348369033 0.20518255263407148
2.8559933214452666 0.19050753067545112 0.18662508626955648 0.18942621326797385 0.1748953669636838
3.4271919857343196 0.16478247463851523 0.17191916952786535 0.1736698739018762 0.14898494222832323
3.998390650023373 0.13817176815355034 0.12867677148979736 0.16053959109679483 0.12219916530595724
4.569589314312426 0.12173574355989554 0.12114874268155072 0.14898494222832323 0.11992324961974314
5.140787978601479 0.11919207308706802 0.11659691130912253 0.13357874373702777 0.12570057405397894
5.711986642890533 0.1266686105901967 0.12517536274177568 0.123774799242567 0.13760536379725272
