0.0 0.14068454384330709 0.13795550467205486 0.13900592729646138 0.15073564660233407
0.5711986642890533 0.15120936660941936 0.1598393093471905 0.1400563499208679 0.15686311191137203
1.1423973285781066 0.15897425542120866 0.15808860497317964 0.15108578747713625 0.1458336743551037
1.7135959928671598 0.16342310418340092 0.16053959109679483 0.16736733815543714 0.15703818234877315
2.284794657156213 0.17113650169007225 0.17787156439950222 0.17331973302707404 0.16369085897001437
2.8559933214452666 0.18176430706642047 0.17226931040266752 0.19152705851678684 0.16946818340425016
3.4271919857343196 0.18389604709830426 0.1885508610809684 0.17507043740108488 0.16334071809521217
3.998390650023373 0.16569901986961505 0.16456621115701978 0.16701719728063497 0.17419508521407945
4.569589314312426 0.1473578169865955 0.1437328291062907 0.1493350831031254 0.16614184509362953
5.140787978601479 0.14275449430904932 0.1409317021078733 0.15091071703973516 0.15441212578775687
5.711986642890533 0.14380491693345582 0.14635888566730695 0.14600874479250478 0.14898494222832323
