0.0 0.1821832467949719 0.1330535324248245 0.1295521236768028 0.1295521236768028
0.5711986642890533 0.1692225348323994 0.11904789743273772 0.15056057616493299 0.11904789743273772
1.1423973285781066 0.1512205275519947 0.11204507993669433 0.15756339366097638 0.15056057616493299
1.7135959928671598 0.14419937807297734 0.1260507149287811 0.17857184614910657 0.15056057616493299
2.284794657156213 0.145720932659814 0.09803944494460753 0.17507043740108488 0.17156902865306317
2.8559933214452666 0.15292540196857068 0.19257748114119336 0.16456621115701978 0.20308170738525846
3.4271919857343196 0.15404365292998076 0.17507043740108488 0.17156902865306317 0.17507043740108488
3.998390650023373 0.15424530474269404 0.18557466364514996 0.18907607239317167 0.18557466364514996
4.569589314312426 0.157105094086628 0.24509861236151884 0.17507043740108488 0.19257748114119336
5.140787978601479 0.1640162516678017 0.20658311613328015 0.1365549411728462 0.1400563499208679
5.711986642890533 0.17582204870301624 0.15756339366097638 0.12254930618075942 0.1330535324248245
