0.0 0.17644533612413005 0.18907607239317167 0.17857184614910657 0.21008452488130183
0.5711986642890533 0.16361294804237514 0.1680676199050415 0.19257748114119336 0.17156902865306317
1.1423973285781066 0.1490756855440442 0.1295521236768028 0.15756339366097638 0.1330535324248245
1.7135959928671598 0.14368608254970716 0.1295521236768028 0.1400563499208679 0.1400563499208679
2.284794657156213 0.15573019536358282 0.17156902865306317 0.1470591674169113 0.1400563499208679
2.8559933214452666 0.16276967682557408 0.23459438611745376 0.1470591674169113 0.1295521236768028
3.4271919857343196 0.16264135294475654 0.1610648024089981 0.15756339366097638 0.17156902865306317
3.998390650023373 0.1560235070911658 0.15406198491295467 0.17857184614910657 0.11904789743273772
4.569589314312426 0.15021226848842822 0.15406198491295467 0.10854367118867263 0.20308170738525846
5.140787978601479 0.1593232640264742 0.1260507149287811 0.17857184614910657 0.23459438611745376
5.711986642890533 0.17118405701061054 0.1330535324248245 0.16456621115701978 0.09803944494460753
