0.0 0.17285226746123866 0.1470591674169113 0.15756339366097638 0.12254930618075942
0.5711986642890533 0.1701391339810962 0.1435577586688896 0.1470591674169113 0.12254930618075942
1.1423973285781066 0.15560187148276527 0.15056057616493299 0.1365549411728462 0.1435577586688896
1.7135959928671598 0.15019393650545426 0.20658311613328015 0.18907607239317167 0.17507043740108488
2.284794657156213 0.15877330453725613 0.16456621115701978 0.17507043740108488 0.16456621115701978
2.8559933214452666 0.1665827292841527 0.22409015987338865 0.15406198491295467 0.15056057616493299
3.4271919857343196 0.16260468897880867 0.1330535324248245 0.15756339366097638 0.19607888988921507
3.998390650023373 0.149992284692741 0.16456621115701978 0.1610648024089981 0.19257748114119336
4.569589314312426 0.14742580707639 0.1435577586688896 0.1435577586688896 0.15756339366097638
5.140787978601479 0.1506155721138548 0.15406198491295467 0.16456621115701978 0.18907607239317167
5.711986642890533 0.165922777897091 0.11904789743273772 0.16456621115701978 0.1365549411728462
