0.0 0.17310891522287375 0.1400563499208679 0.15406198491295467 0.09103662744856413
0.5711986642890533 0.1672060167052665 0.1470591674169113 0.17156902865306317 0.18207325489712825
1.1423973285781066 0.15651847063146207 0.15056057616493299 0.1680676199050415 0.18907607239317167
1.7135959928671598 0.15299872990046642 0.16456621115701978 0.19607888988921507 0.20658311613328015
2.284794657156213 0.15990988748164014 0.15756339366097638 0.21708734237734525 0.1470591674169113
2.8559933214452666 0.16188974164282519 0.1680676199050415 0.1435577586688896 0.1435577586688896
3.4271919857343196 0.16038651903896245 0.1680676199050415 0.1435577586688896 0.10504226244065092
3.998390650023373 0.15224711859853507 0.15056057616493299 0.1610648024089981 0.1435577586688896
4.569589314312426 0.14733414716152035 0.12254930618075942 0.10504226244065092 0.15056057616493299
5.140787978601479 0.1550885759594951 0.18557466364514996 0.1435577586688896 0.20308170738525846
5.711986642890533 0.1640162516678017 0.19607888988921507 0.1470591674169113 0.18907607239317167
