0.0 0.16804928792206755 0.24509861236151884 0.19257748114119336 0.1470591674169113
0.5711986642890533 0.16253136104691293 0.18207325489712825 0.10854367118867263 0.19607888988921507
1.1423973285781066 0.1549419200957036 0.17156902865306317 0.1610648024089981 0.15406198491295467
1.7135959928671598 0.14762745888910328 0.1470591674169113 0.1365549411728462 0.1400563499208679
2.284794657156213 0.15155050324552552 0.09803944494460753 0.09103662744856413 0.1680676199050415
2.8559933214452666 0.15934159600944814 0.15756339366097638 0.15056057616493299 0.20308170738525846
3.4271919857343196 0.16287966872341772 0.1470591674169113 0.1330535324248245 0.1400563499208679
3.998390650023373 0.1567934503760711 0.1470591674169113 0.15056057616493299 0.1400563499208679
4.569589314312426 0.15774671349071576 0.1260507149287811 0.19257748114119336 0.12254930618075942
5.140787978601479 0.16033152309004067 0.1680676199050415 0.22409015987338865 0.15756339366097638
5.711986642890533 0.16891089112184252 0.1610648024089981 0.21008452488130183 0.18207325489712825
