0.0 0.1680676199050415 0.15756339366097638 0.16456621115701978 0.1400563499208679
0.5711986642890533 0.17098240519789723 0.15056057616493299 0.10504226244065092 0.1470591674169113
1.1423973285781066 0.1640529156337496 0.1400563499208679 0.19607888988921507 0.1610648024089981
1.7135959928671598 0.15846166082669924 0.18557466364514996 0.1470591674169113 0.16456621115701978
2.284794657156213 0.16526282651002933 0.18207325489712825 0.1680676199050415 0.16456621115701978
2.8559933214452666 0.16727934463716226 0.18907607239317167 0.22409015987338865 0.1680676199050415
3.4271919857343196 0.16053317490275396 0.19257748114119336 0.1680676199050415 0.16456621115701978
3.998390650023373 0.148562390020774 0.17857184614910657 0.18207325489712825 0.19607888988921507
4.569589314312426 0.14163290045662635 0.1435577586688896 0.12254930618075942 0.1400563499208679
5.140787978601479 0.14507931325572623 0.11554648868471602 0.1680676199050415 0.1610648024089981
5.711986642890533 0.16078982266438904 0.11554648868471602 0.10504226244065092 0.1435577586688896
