0.0 0.16645440540333514 0.1470591674169113 0.17507043740108488 0.16456621115701978
0.5711986642890533 0.1612297902557635 0.16456621115701978 0.1330535324248245 0.18907607239317167
1.1423973285781066 0.15419030879377224 0.1260507149287811 0.1365549411728462 0.1680676199050415
1.7135959928671598 0.15387866508321535 0.16456621115701978 0.15056057616493299 0.17857184614910657
2.284794657156213 0.1609181465452066 0.18207325489712825 0.15056057616493299 0.1365549411728462
2.8559933214452666 0.17316391117179558 0.17857184614910657 0.18907607239317167 0.15406198491295467
3.4271919857343196 0.1709640732149233 0.17857184614910657 0.1680676199050415 0.15756339366097638
3.998390650023373 0.1543736286235116 0.15756339366097638 0.16456621115701978 0.17156902865306317
4.569589314312426 0.14946065718649687 0.15056057616493299 0.17507043740108488 0.15406198491295467
5.140787978601479 0.15153217126255158 0.1610648024089981 0.15056057616493299 0.11204507993669433
5.711986642890533 0.15453861647027703 0.1400563499208679 0.15756339366097638 0.16456621115701978
