0.0 0.16755432438177129 0.18557466364514996 0.1260507149287811 0.19958029863723675
0.5711986642890533 0.1619997335406688 0.17156902865306317 0.1435577586688896 0.20308170738525846
1.1423973285781066 0.15382366913429352 0.1435577586688896 0.17507043740108488 0.16456621115701978
1.7135959928671598 0.15100054375630745 0.1400563499208679 0.1365549411728462 0.1470591674169113
2.284794657156213 0.15167882712634306 0.1295521236768028 0.1610648024089981 0.18207325489712825
2.8559933214452666 0.1645845431399937 0.17507043740108488 0.17507043740108488 0.17156902865306317
3.4271919857343196 0.16727934463716226 0.1330535324248245 0.19257748114119336 0.12254930618075942
3.998390650023373 0.1640529156337496 0.17156902865306317 0.17857184614910657 0.1470591674169113
4.569589314312426 0.15327370964507545 0.17857184614910657 0.1400563499208679 0.1435577586688896
5.140787978601479 0.1541719768107983 0.17156902865306317 0.15756339366097638 0.11204507993669433
5.711986642890533 0.1612847862046853 0.15056057616493299 0.16456621115701978 0.15756339366097638
