0.0 0.17862684209802837 0.11554648868471602 0.16456621115701978 0.17507043740108488
0.5711986642890533 0.17043244570867916 0.1470591674169113 0.1295521236768028 0.18907607239317167
1.1423973285781066 0.15765505357584608 0.18907607239317167 0.17156902865306317 0.18557466364514996
1.7135959928671598 0.14517097317059593 0.1680676199050415 0.17507043740108488 0.18907607239317167
2.284794657156213 0.15272375015585737 0.17507043740108488 0.20658311613328015 0.10504226244065092
2.8559933214452666 0.15985489153271834 0.1610648024089981 0.1435577586688896 0.17857184614910657
3.4271919857343196 0.15840666487777744 0.1680676199050415 0.1400563499208679 0.11904789743273772
3.998390650023373 0.1534386974918409 0.1610648024089981 0.15406198491295467 0.1330535324248245
4.569589314312426 0.14883736976538303 0.1400563499208679 0.1470591674169113 0.15056057616493299
5.140787978601479 0.15829667297993383 0.1680676199050415 0.15406198491295467 0.18557466364514996
5.711986642890533 0.16726101265418833 0.15756339366097638 0.16456621115701978 0.1400563499208679
