0.0 0.159378259975396 0.1330535324248245 0.1365549411728462 0.11904789743273772
0.5711986642890533 0.15648180666551417 0.1260507149287811 0.1470591674169113 0.1680676199050415
1.1423973285781066 0.15281541007072708 0.15056057616493299 0.1330535324248245 0.11554648868471602
1.7135959928671598 0.15435529664053765 0.19607888988921507 0.1295521236768028 0.16456621115701978
2.284794657156213 0.15382366913429352 0.1470591674169113 0.1680676199050415 0.1680676199050415
2.8559933214452666 0.1661244297098043 0.17857184614910657 0.1470591674169113 0.19607888988921507
3.4271919857343196 0.16610609772683035 0.18207325489712825 0.15406198491295467 0.15056057616493299
3.998390650023373 0.1649328508164985 0.1610648024089981 0.19607888988921507 0.1470591674169113
4.569589314312426 0.1596899036859529 0.16456621115701978 0.21008452488130183 0.18907607239317167
5.140787978601479 0.15743506978015884 0.16456621115701978 0.15056057616493299 0.17156902865306317
5.711986642890533 0.15956157980513536 0.1470591674169113 0.17857184614910657 0.1610648024089981
