0.0 0.1836797836168088 0.18662508626955648 0.18434917058334238 0.15896395716018508
0.5711986642890533 0.17312406606762576 0.17857184614910657 0.17979733921091418 0.1596642389097894
1.1423973285781066 0.1473578169865955 0.13935606817126356 0.17209423996526643 0.12500029230437462
1.7135959928671598 0.13164267066459223 0.12044846093194639 0.16053959109679483 0.13988127948346682
2.284794657156213 0.1374508898818988 0.12202409486855616 0.14478325173069717 0.15581268928696554
2.8559933214452666 0.16246536590820676 0.16018945022199266 0.1433826882314885 0.1817231140223261
3.4271919857343196 0.1753484904487219 0.19047663589238034 0.1481095900413178 0.18995142458017708
3.998390650023373 0.16958146427550969 0.17069367646605776 0.14828466047871888 0.1703435355912556
4.569589314312426 0.15486524927279496 0.15703818234877315 0.1502104352901308 0.1538869144755536
5.140787978601479 0.15134324400272609 0.152661421413746 0.1573883232235753 0.15528747797476228
5.711986642890533 0.16384533288536826 0.17261945127746967 0.1617650841586024 0.16018945022199266
