0.0 0.26631303007012086 0.29009171477359763 0.220763821562768 0.2456238236737221
0.5711986642890533 0.21208238751987893 0.218662976313955 0.19502846726480855 0.19187719939158904
1.1423973285781066 0.1288209471441277 0.11414592518550733 0.1610648024089981 0.140231420358269
1.7135959928671598 0.09069678483478555 0.07317944283365348 0.1377804342346538 0.09646381100799777
2.284794657156213 0.10223083718120998 0.0971640927576021 0.12762634886539087 0.1066178963772607
2.8559933214452666 0.12820305148271208 0.12289944705556158 0.13252832111262125 0.12202409486855616
3.4271919857343196 0.13833654032992782 0.1400563499208679 0.13252832111262125 0.12797648974019304
3.998390650023373 0.1325798124177392 0.13270339155002234 0.13252832111262125 0.13970620904606573
4.569589314312426 0.13692567856969556 0.13760536379725272 0.1493350831031254 0.16036452065939374
5.140787978601479 0.1767284574258834 0.17769649396210116 0.171218887778261 0.18680015670695757
5.711986642890533 0.23778684703476763 0.2464991758607275 0.19030156545497925 0.23301875218084395
