0.0 0.24528398105994348 0.25892917691620454 0.22636607555960273 0.2002805803868411
0.5711986642890533 0.21720062324860476 0.22566579380999838 0.21253551100491702 0.1934528333281988
1.1423973285781066 0.1587785884617604 0.15231128053894383 0.17524550783848594 0.15843874584798182
1.7135959928671598 0.13890294468622547 0.13760536379725272 0.15073564660233407 0.15231128053894383
2.284794657156213 0.14532905956494763 0.14845973091611997 0.13375381417442883 0.15931409803498722
2.8559933214452666 0.15532867101885664 0.16946818340425016 0.12430001055477025 0.14916001266572432
3.4271919857343196 0.13866608468268282 0.13462916636143427 0.12500029230437462 0.14443311085589502
3.998390650023373 0.09882211278240062 0.09138676832336631 0.11204507993669433 0.11729719305872688
4.569589314312426 0.0994297101827926 0.08525930301432834 0.1272762079905887 0.12657592624098438
5.140787978601479 0.14228077430196404 0.1307776167386104 0.15931409803498722 0.158788886722784
5.711986642890533 0.21068182402067023 0.21621199019033982 0.20413213000966496 0.19065170632978143
