0.0 0.2060579048210769 0.21603691975293873 0.18715029758175972 0.18592480451995214
0.5711986642890533 0.17784066961643144 0.18890100195577056 0.16649198596843173 0.16018945022199266
1.1423973285781066 0.14222928299684606 0.14495832216809829 0.15791353453577855 0.1400563499208679
1.7135959928671598 0.12543281926736552 0.12184902443115507 0.14268240648188418 0.13147789848821473
2.284794657156213 0.139901876005514 0.1412818429826755 0.15808860497317964 0.1437328291062907
2.8559933214452666 0.1698904121062175 0.17174409909046426 0.15056057616493299 0.1594891684723883
3.4271919857343196 0.17614145654753857 0.17874691658650765 0.152661421413746 0.1621152250334046
3.998390650023373 0.15414437100114342 0.15896395716018508 0.142332265607082 0.17226931040266752
4.569589314312426 0.132332654153173 0.1239498696799681 0.14688409697951021 0.15668804147397095
5.140787978601479 0.14175556298976077 0.12867677148979736 0.1642160702822176 0.16369085897001437
5.711986642890533 0.18497736450578156 0.17559564871328812 0.1817231140223261 0.17507043740108488
