0.0 0.24128825578278934 0.2559529794803861 0.220763821562768 0.20798367963248884
0.5711986642890533 0.2363450904914646 0.25035072548355136 0.21008452488130183 0.21341086319192246
1.1423973285781066 0.18382395927113912 0.18802564976876515 0.18329874795893586 0.1780466348369033
1.7135959928671598 0.1456894987007734 0.14618381522990587 0.16596677465622844 0.15108578747713625
2.284794657156213 0.13980919165630165 0.1202733904945453 0.16141494328380027 0.15353677360075144
2.8559933214452666 0.14853181874328514 0.13725522292245054 0.14898494222832323 0.15668804147397095
3.4271919857343196 0.14900553875037043 0.1517860692267406 0.13252832111262125 0.14548353348030152
3.998390650023373 0.11938774004651628 0.1332286028622256 0.1099442346878813 0.12237423574335833
4.569589314312426 0.0942908779320196 0.09156183876076739 0.11187000949929324 0.10504226244065092
5.140787978601479 0.1132705729985019 0.09873972669421187 0.12465015142957243 0.13970620904606573
5.711986642890533 0.17926182963768733 0.17734635308729899 0.18119790271012284 0.17734635308729899
