0.0 0.2208256111289096 0.22303973724898216 0.18329874795893586 0.20465734132186822
0.5711986642890533 0.17601787741525543 0.17612086002549138 0.17314466258967295 0.18557466364514996
1.1423973285781066 0.12488701143311506 0.11239522081149647 0.14530846304290046 0.14793451960391674
1.7135959928671598 0.11900670438864333 0.11659691130912253 0.13497930723623644 0.13252832111262125
2.284794657156213 0.14850092396021433 0.13760536379725272 0.1435577586688896 0.1493350831031254
2.8559933214452666 0.17961197051248948 0.1934528333281988 0.1675424085928382 0.16841776077984363
3.4271919857343196 0.16981832427905233 0.18294860708413369 0.158788886722784 0.1538869144755536
3.998390650023373 0.1368432924815068 0.12885184192719845 0.15196113966414168 0.13725522292245054
4.569589314312426 0.12044846093194639 0.11834761568313336 0.14653395610470804 0.13112775761341255
5.140787978601479 0.15149771791807998 0.14513339260549937 0.16666705640583282 0.1495101535405265
5.711986642890533 0.20324647956163594 0.21621199019033982 0.17892198702390874 0.19047663589238034
