0.0 0.2480233184922193 0.26925833272286853 0.2197133989383615 0.20308170738525846
0.5711986642890533 0.21276207274743608 0.2211139624375702 0.20763353875768664 0.17997240964831526
1.1423973285781066 0.15092101530075874 0.14163198385747766 0.15651297103656986 0.15703818234877315
1.7135959928671598 0.10791547726623343 0.10504226244065092 0.1262257853661822 0.13830564554685706
2.284794657156213 0.10848188162253107 0.09348761357217933 0.12745127842798978 0.12920198280200065
2.8559933214452666 0.13009793151105326 0.11747226349612797 0.13743029335985163 0.13673001161024728
3.4271919857343196 0.14789332655982235 0.15336170316335035 0.1295521236768028 0.15091071703973516
3.998390650023373 0.1398915777444904 0.13480423679883535 0.13357874373702777 0.1516109987893395
4.569589314312426 0.1368535907425304 0.1421571951696809 0.13550451854843967 0.152661421413746
5.140787978601479 0.1597054319538838 0.16509142246922304 0.17156902865306317 0.1654415633440252
5.711986642890533 0.20815875006988993 0.2072833978828845 0.20553269350887365 0.18574973408255105
