0.0 0.22453298509740316 0.2417722740508982 0.20553269350887365 0.20518255263407148
0.5711986642890533 0.20068221256676122 0.18469931145814453 0.18802564976876515 0.1943281855152042
1.1423973285781066 0.16189896155190914 0.1493350831031254 0.16929311296684907 0.17997240964831526
1.7135959928671598 0.1360812211657609 0.12114874268155072 0.14145691342007657 0.1538869144755536
2.284794657156213 0.12589624101342722 0.132003109800418 0.11799747480833121 0.13865578642165924
2.8559933214452666 0.13057165151813854 0.14180705429487875 0.11764733393352902 0.13935606817126356
3.4271919857343196 0.13420693765946695 0.1330535324248245 0.1260507149287811 0.13848071598425815
3.998390650023373 0.1336508315641929 0.1264008558035833 0.14320761779408742 0.13550451854843967
4.569589314312426 0.13584436116221826 0.12412494011736919 0.16526649290662412 0.14898494222832323
5.140787978601479 0.1593655893401052 0.16491635203182195 0.17647100090029355 0.14268240648188418
5.711986642890533 0.20797338137146523 0.23144311824423422 0.19975536907463784 0.1736698739018762
