0.0 0.2528120098681902 0.28974157389879546 0.21691227193994414 0.22338987812378427
0.5711986642890533 0.22043427721001305 0.23196832955643748 0.20063072126164325 0.18154804358492502
1.1423973285781066 0.16137375023970588 0.1586138162853829 0.17209423996526643 0.15896395716018508
1.7135959928671598 0.1205720400642295 0.10136578325522815 0.14268240648188418 0.13900592729646138
2.284794657156213 0.11198329037055275 0.11046944600008456 0.12062353136934749 0.13182803936301693
2.8559933214452666 0.12204469139060334 0.11694705218392469 0.11974817918234205 0.13060254630120932
3.4271919857343196 0.12824424452680647 0.12780141930279196 0.11572155912211711 0.12815156017759413
3.998390650023373 0.11756494784534027 0.10749324856426612 0.12762634886539087 0.13743029335985163
4.569589314312426 0.12172544529887196 0.11011930512528238 0.15038550572753193 0.1481095900413178
5.140787978601479 0.16692451293142263 0.15318663272594926 0.17051860602865668 0.17331973302707404
5.711986642890533 0.22702516426511268 0.24299776711270582 0.21376100406672463 0.19835480557542914
