0.0 0.26636452137523886 0.28518974252636725 0.23144311824423422 0.22321480768638322
0.5711986642890533 0.24166929144066226 0.2673325579114566 0.2048324117592693 0.216562131065142
1.1423973285781066 0.16826328686448974 0.15563761884956445 0.17454522608888162 0.1817231140223261
1.7135959928671598 0.12016010962328579 0.10679296681466177 0.13270339155002234 0.1516109987893395
2.284794657156213 0.11468143475873419 0.10626775550245851 0.12920198280200065 0.13673001161024728
2.8559933214452666 0.13768774988544147 0.13287846198742342 0.13252832111262125 0.1239498696799681
3.4271919857343196 0.13930457686614559 0.15213621010154277 0.1264008558035833 0.12990226455160497
3.998390650023373 0.11082988513591031 0.11624677043432036 0.12062353136934749 0.11362071387330408
4.569589314312426 0.10225143370325716 0.09208705007297065 0.12692606711578652 0.12324958793036375
5.140787978601479 0.14247644126141232 0.12237423574335833 0.1643911407196187 0.1573883232235753
5.711986642890533 0.20701564309627107 0.21376100406672463 0.2071083274454834 0.19275255157859444
