0.0 0.7038892616477558 0.7943423209716497 0.6413944206603382 0.5525859624150606
0.2026833970057931 0.670449039715892 0.9028859921603223 0.49831412682072435 0.4933803235848756
0.4053667940115862 0.5279169462358169 0.5279169462358169 0.4884465203490268 0.4193732750471443
0.6080501910173793 0.39580065958697797 0.3552338329811104 0.35030002974526164 0.32563101356601787
0.8107335880231724 0.25491316718551904 0.2565577682641353 0.3157634070943204 0.3354986200377154
1.0134169850289656 0.15952630462577644 0.14308029383961393 0.20721973590564774 0.25162396502828654
1.2161003820347587 0.0811336532117351 0.06413944206603382 0.1578817035471602 0.10360986795282387
1.4187837790405518 0.03289202157232504 0.009867606471697512 0.0444042291226388 0.03947042588679005
1.6214671760463448 0.019187012583856272 0.004933803235848756 0.03947042588679005 0.029602819415092536
1.824150573052138 0.010964007190775012 0.0 0.014801409707546268 0.03453662265094129
2.026833970057931 0.007674805033542508 0.0 0.014801409707546268 0.019735212943395024
2.2295173670637243 0.005482003595387506 0.0 0.004933803235848756 0.024669016179243778
2.4322007640695174 0.0010964007190775013 0.0 0.0 0.009867606471697512
2.6348841610753104 0.0021928014381550026 0.0 0.0 0.014801409707546268
2.8375675580811035 0.0010964007190775013 0.0 0.0 0.004933803235848756
3.0402509550868966 0.0010964007190775013 0.0 0.0 0.0
3.2429343520926897 0.0005482003595387506 0.0 0.0 0.004933803235848756
3.4456177490984827 0.0 0.0 0.0 0.0
3.648301146104276 0.0 0.0 0.0 0.0
3.850984543110069 0.0 0.0 0.0 0.0
4.053667940115862 0.0016446010786162518 0.0 0.0 0.0
4.2563513371216555 0.0016446010786162518 0.0 0.0 0.004933803235848756
4.4590347341274486 0.004933803235848756 0.0 0.019735212943395024 0.009867606471697512
4.661718131133242 0.014253209348007516 0.0 0.03947042588679005 0.0444042291226388
4.864401528139035 0.03344022193186379 0.009867606471697512 0.06907324530188258 0.07400704853773134
5.067084925144828 0.08332645464989008 0.03453662265094129 0.1332126873679164 0.12827888413206764
5.269768322150621 0.11676667658175388 0.06907324530188258 0.1776169164905552 0.18255071972640394
5.472451719156414 0.2412081581970503 0.1677493100188577 0.30589580062262284 0.35030002974526164
5.675135116162207 0.3755172462840442 0.3700352426886567 0.3700352426886567 0.3897704556320517
5.877818513168 0.5229831429999681 0.5032479300565731 0.4144394718112955 0.5229831429999681
6.080501910173793 0.6622260343228107 0.7203352724339183 0.626593010952792 0.5624535688867581
