0.0 0.5394291537861307 0.6512620271320357 0.404571865339598 0.48351271711317806
0.2026833970057931 0.5202421412022743 0.6019239947735482 0.404571865339598 0.3700352426886567
0.4053667940115862 0.4429458905073105 0.3996380621037492 0.37990284916035416 0.43910848799053925
0.6080501910173793 0.35633023370018785 0.30589580062262284 0.4144394718112955 0.3552338329811104
0.8107335880231724 0.2790339830052241 0.25162396502828654 0.34043242327356416 0.2565577682641353
1.0134169850289656 0.18145431900732645 0.13814649060376516 0.2713591779716816 0.21215353914149648
1.2161003820347587 0.13376088772745515 0.10360986795282387 0.14801409707546268 0.16281550678300893
1.4187837790405518 0.07619984997588634 0.07400704853773134 0.05920563883018507 0.1677493100188577
1.6214671760463448 0.0455006298417163 0.014801409707546268 0.09867606471697511 0.0888084582452776
1.824150573052138 0.028506418696015032 0.009867606471697512 0.03453662265094129 0.05427183559433631
2.026833970057931 0.01699421114570127 0.009867606471697512 0.03453662265094129 0.03947042588679005
2.2295173670637243 0.007674805033542508 0.0 0.004933803235848756 0.019735212943395024
2.4322007640695174 0.003837402516771254 0.0 0.014801409707546268 0.004933803235848756
2.6348841610753104 0.004933803235848756 0.0 0.014801409707546268 0.009867606471697512
2.8375675580811035 0.003837402516771254 0.0 0.004933803235848756 0.004933803235848756
3.0402509550868966 0.0010964007190775013 0.0 0.0 0.009867606471697512
3.2429343520926897 0.0005482003595387506 0.0 0.0 0.0
3.4456177490984827 0.004385602876310005 0.0 0.004933803235848756 0.014801409707546268
3.648301146104276 0.0032892021572325037 0.004933803235848756 0.014801409707546268 0.009867606471697512
3.850984543110069 0.0016446010786162518 0.0 0.0 0.0
4.053667940115862 0.007674805033542508 0.0 0.019735212943395024 0.024669016179243778
4.2563513371216555 0.015349610067085016 0.004933803235848756 0.019735212943395024 0.049338032358487556
4.4590347341274486 0.024669016179243778 0.0 0.03947042588679005 0.0444042291226388
4.661718131133242 0.04166322732494504 0.024669016179243778 0.0789408517735801 0.05920563883018507
4.864401528139035 0.08223005393081259 0.0789408517735801 0.10360986795282387 0.10360986795282387
5.067084925144828 0.12498968197483513 0.1677493100188577 0.16281550678300893 0.15294790031131142
5.269768322150621 0.20283413302933773 0.23682255532074029 0.202285932669799 0.22695494884904274
5.472451719156414 0.3206972103301691 0.2762929812075303 0.33056481680186667 0.3206972103301691
5.675135116162207 0.4166322732494505 0.4144394718112955 0.4292408815188417 0.3651014394528079
5.877818513168 0.48680191927041055 0.5427183559433632 0.3897704556320517 0.46871130740563177
6.080501910173793 0.5586161663699869 0.6216592077169432 0.5081817332924218 0.4144394718112955
