0.0 0.7455524889727009 0.7647395015565571 0.6019239947735482 0.626593010952792
0.2026833970057931 0.6677080379181982 0.7795409112641034 0.5328507494716656 0.4933803235848756
0.4053667940115862 0.5175011394045806 0.5525859624150606 0.4193732750471443 0.46871130740563177
0.6080501910173793 0.3672942408909629 0.4539098976980855 0.3354986200377154 0.48351271711317806
0.8107335880231724 0.2231175463322715 0.19241832619810148 0.28616058767922786 0.24175635855658903
1.0134169850289656 0.11841127766037014 0.11347747442452137 0.14801409707546268 0.1578817035471602
1.2161003820347587 0.06304304134695632 0.03453662265094129 0.12827888413206764 0.1233450808962189
1.4187837790405518 0.02686181761739878 0.004933803235848756 0.049338032358487556 0.09374226148112635
1.6214671760463448 0.01699421114570127 0.0 0.0444042291226388 0.05427183559433631
1.824150573052138 0.003837402516771254 0.0 0.004933803235848756 0.024669016179243778
2.026833970057931 0.0021928014381550026 0.0 0.009867606471697512 0.0
2.2295173670637243 0.0010964007190775013 0.0 0.0 0.009867606471697512
2.4322007640695174 0.0016446010786162518 0.0 0.0 0.009867606471697512
2.6348841610753104 0.0021928014381550026 0.0 0.0 0.009867606471697512
2.8375675580811035 0.0016446010786162518 0.0 0.0 0.014801409707546268
3.0402509550868966 0.0010964007190775013 0.0 0.0 0.0
3.2429343520926897 0.0005482003595387506 0.0 0.0 0.0
3.4456177490984827 0.0016446010786162518 0.0 0.0 0.004933803235848756
3.648301146104276 0.002741001797693753 0.0 0.004933803235848756 0.004933803235848756
3.850984543110069 0.0016446010786162518 0.0 0.0 0.004933803235848756
4.053667940115862 0.002741001797693753 0.0 0.004933803235848756 0.009867606471697512
4.2563513371216555 0.00931940611215876 0.014801409707546268 0.009867606471697512 0.014801409707546268
4.4590347341274486 0.012060407909852513 0.004933803235848756 0.014801409707546268 0.03453662265094129
4.661718131133242 0.020283413302933775 0.009867606471697512 0.03453662265094129 0.06413944206603382
4.864401528139035 0.03344022193186379 0.004933803235848756 0.05427183559433631 0.07400704853773134
5.067084925144828 0.0899048589643551 0.0789408517735801 0.14801409707546268 0.15294790031131142
5.269768322150621 0.14198389312053641 0.09374226148112635 0.2466901617924378 0.19735212943395022
5.472451719156414 0.2384671563993565 0.18255071972640394 0.3354986200377154 0.24175635855658903
5.675135116162207 0.39580065958697797 0.3651014394528079 0.404571865339598 0.32563101356601787
5.877818513168 0.5427183559433632 0.5624535688867581 0.46871130740563177 0.4193732750471443
6.080501910173793 0.6803166461875896 0.7203352724339183 0.646328223896187 0.5723211753584557
