0.0 0.5164047386855031 0.646328223896187 0.5032479300565731 0.42430707828299297
0.2026833970057931 0.5399773541456694 0.5279169462358169 0.44897609446223674 0.5131155365282706
0.4053667940115862 0.46377750416978303 0.5723211753584557 0.43417468475469045 0.34043242327356416
0.6080501910173793 0.3557820333406492 0.3651014394528079 0.3206972103301691 0.38483665239620296
0.8107335880231724 0.2521721653878253 0.21215353914149648 0.24175635855658903 0.2565577682641353
1.0134169850289656 0.1885809236813302 0.14801409707546268 0.21708734237734523 0.25162396502828654
1.2161003820347587 0.1211522794580639 0.08387465500942885 0.14801409707546268 0.1874845229622527
1.4187837790405518 0.07510344925680884 0.03947042588679005 0.10854367118867261 0.11841127766037014
1.6214671760463448 0.04824163163941005 0.03947042588679005 0.08387465500942885 0.06413944206603382
1.824150573052138 0.02083161366247252 0.014801409707546268 0.029602819415092536 0.03453662265094129
2.026833970057931 0.009867606471697512 0.004933803235848756 0.024669016179243778 0.009867606471697512
2.2295173670637243 0.00931940611215876 0.004933803235848756 0.03453662265094129 0.014801409707546268
2.4322007640695174 0.002741001797693753 0.0 0.004933803235848756 0.009867606471697512
2.6348841610753104 0.0021928014381550026 0.004933803235848756 0.009867606471697512 0.0
2.8375675580811035 0.0005482003595387506 0.0 0.0 0.0
3.0402509550868966 0.0005482003595387506 0.0 0.0 0.004933803235848756
3.2429343520926897 0.0016446010786162518 0.0 0.004933803235848756 0.004933803235848756
3.4456177490984827 0.0021928014381550026 0.0 0.004933803235848756 0.009867606471697512
3.648301146104276 0.003837402516771254 0.0 0.019735212943395024 0.014801409707546268
3.850984543110069 0.006578404314465007 0.004933803235848756 0.019735212943395024 0.009867606471697512
4.053667940115862 0.009867606471697512 0.014801409707546268 0.024669016179243778 0.009867606471697512
4.2563513371216555 0.01863881222431752 0.009867606471697512 0.019735212943395024 0.03947042588679005
4.4590347341274486 0.04385602876310005 0.019735212943395024 0.06413944206603382 0.0444042291226388
4.661718131133242 0.05372363523479756 0.06413944206603382 0.07400704853773134 0.06907324530188258
4.864401528139035 0.10251346723374637 0.08387465500942885 0.13814649060376516 0.13814649060376516
5.067084925144828 0.16665290929978016 0.15294790031131142 0.202285932669799 0.1874845229622527
5.269768322150621 0.22914775028719775 0.25162396502828654 0.21215353914149648 0.222021145613194
5.472451719156414 0.31631160745385906 0.2762929812075303 0.37990284916035416 0.3108296038584716
5.675135116162207 0.39086685635112917 0.44897609446223674 0.3354986200377154 0.3749690459245054
5.877818513168 0.46487390488886055 0.42430707828299297 0.40950566857544674 0.44897609446223674
6.080501910173793 0.5158565383259643 0.5180493397641194 0.4144394718112955 0.43417468475469045
