0.0 0.7066302634454495 0.828878943622591 0.5427183559433632 0.5427183559433632
0.2026833970057931 0.6386534188626445 0.7006000594905233 0.5871225850660019 0.5624535688867581
0.4053667940115862 0.5323025491121269 0.626593010952792 0.48351271711317806 0.4884465203490268
0.6080501910173793 0.38045104951989295 0.3206972103301691 0.3897704556320517 0.3108296038584716
0.8107335880231724 0.24888296323059278 0.22695494884904274 0.26149157149998403 0.28122678444337906
1.0134169850289656 0.14911049779454016 0.14801409707546268 0.1776169164905552 0.1776169164905552
1.2161003820347587 0.08935665860481636 0.05427183559433631 0.1332126873679164 0.14308029383961393
1.4187837790405518 0.05427183559433631 0.014801409707546268 0.09374226148112635 0.11347747442452137
1.6214671760463448 0.022476214741088775 0.004933803235848756 0.0444042291226388 0.0444042291226388
1.824150573052138 0.01809061186477877 0.014801409707546268 0.03453662265094129 0.03453662265094129
2.026833970057931 0.010964007190775012 0.009867606471697512 0.019735212943395024 0.024669016179243778
2.2295173670637243 0.006578404314465007 0.004933803235848756 0.009867606471697512 0.009867606471697512
2.4322007640695174 0.004385602876310005 0.009867606471697512 0.0 0.0
2.6348841610753104 0.004933803235848756 0.004933803235848756 0.0 0.004933803235848756
2.8375675580811035 0.0010964007190775013 0.0 0.0 0.0
3.0402509550868966 0.004933803235848756 0.009867606471697512 0.004933803235848756 0.0
3.2429343520926897 0.004933803235848756 0.0 0.014801409707546268 0.0
3.4456177490984827 0.003837402516771254 0.0 0.009867606471697512 0.0
3.648301146104276 0.0016446010786162518 0.0 0.004933803235848756 0.0
3.850984543110069 0.002741001797693753 0.0 0.009867606471697512 0.0
4.053667940115862 0.0021928014381550026 0.0 0.004933803235848756 0.009867606471697512
4.2563513371216555 0.0010964007190775013 0.0 0.004933803235848756 0.0
4.4590347341274486 0.006578404314465007 0.0 0.029602819415092536 0.014801409707546268
4.661718131133242 0.014801409707546268 0.0 0.06413944206603382 0.024669016179243778
4.864401528139035 0.029054619055553784 0.009867606471697512 0.09374226148112635 0.029602819415092536
5.067084925144828 0.059753839189723816 0.024669016179243778 0.09374226148112635 0.0888084582452776
5.269768322150621 0.11621847622221514 0.0789408517735801 0.17268311325470645 0.16281550678300893
5.472451719156414 0.21160533878195772 0.19241832619810148 0.2713591779716816 0.23188875208489151
5.675135116162207 0.3651014394528079 0.43417468475469045 0.35030002974526164 0.404571865339598
5.877818513168 0.5482003595387506 0.5081817332924218 0.44897609446223674 0.5131155365282706
6.080501910173793 0.6929252544569808 0.705533862726372 0.5772549785943044 0.7154014691980695
