0.0 0.7236244745911509 0.8042099274433472 0.5969901915376994 0.6709972400754308
0.2026833970057931 0.7143050684789921 0.7203352724339183 0.5920563883018507 0.646328223896187
0.4053667940115862 0.5405255545052081 0.5180493397641194 0.444042291226388 0.47364511064148057
0.6080501910173793 0.39415605850836166 0.3996380621037492 0.3897704556320517 0.4193732750471443
0.8107335880231724 0.24559376107336026 0.21708734237734523 0.2713591779716816 0.3354986200377154
1.0134169850289656 0.1332126873679164 0.1233450808962189 0.23188875208489151 0.1677493100188577
1.2161003820347587 0.06962144566142132 0.024669016179243778 0.11347747442452137 0.12827888413206764
1.4187837790405518 0.03782582480817379 0.009867606471697512 0.06413944206603382 0.07400704853773134
1.6214671760463448 0.023572615460166275 0.004933803235848756 0.03947042588679005 0.08387465500942885
1.824150573052138 0.011512207550313763 0.0 0.03453662265094129 0.03947042588679005
2.026833970057931 0.002741001797693753 0.0 0.024669016179243778 0.0
2.2295173670637243 0.0005482003595387506 0.0 0.004933803235848756 0.0
2.4322007640695174 0.0016446010786162518 0.0 0.009867606471697512 0.004933803235848756
2.6348841610753104 0.0 0.0 0.0 0.0
2.8375675580811035 0.0 0.0 0.0 0.0
3.0402509550868966 0.0 0.0 0.0 0.0
3.2429343520926897 0.0 0.0 0.0 0.0
3.4456177490984827 0.0005482003595387506 0.0 0.004933803235848756 0.0
3.648301146104276 0.0 0.0 0.0 0.0
3.850984543110069 0.0005482003595387506 0.0 0.004933803235848756 0.0
4.053667940115862 0.0016446010786162518 0.0 0.004933803235848756 0.004933803235848756
4.2563513371216555 0.0032892021572325037 0.0 0.019735212943395024 0.004933803235848756
4.4590347341274486 0.007674805033542508 0.0 0.029602819415092536 0.004933803235848756
4.661718131133242 0.014801409707546268 0.004933803235848756 0.03947042588679005 0.019735212943395024
4.864401528139035 0.03289202157232504 0.0 0.07400704853773134 0.05920563883018507
5.067084925144828 0.04769343127987131 0.049338032358487556 0.06413944206603382 0.08387465500942885
5.269768322150621 0.11950767837944763 0.12827888413206764 0.1874845229622527 0.13814649060376516
5.472451719156414 0.22585854812996525 0.21215353914149648 0.2565577682641353 0.30589580062262284
5.675135116162207 0.3886740549129742 0.4193732750471443 0.4539098976980855 0.26149157149998403
5.877818513168 0.5207903415618131 0.5821887818301531 0.37990284916035416 0.3996380621037492
6.080501910173793 0.6709972400754308 0.7154014691980695 0.5969901915376994 0.606857798009397
