0.0 0.727461877107922 0.8486141565659859 0.5575197656509094 0.5673873721226069
0.2026833970057931 0.6627742346823495 0.7795409112641034 0.5081817332924218 0.5279169462358169
0.4053667940115862 0.5037961304161118 0.5131155365282706 0.4193732750471443 0.4292408815188417
0.6080501910173793 0.3645532390932692 0.37990284916035416 0.32563101356601787 0.404571865339598
0.8107335880231724 0.24559376107336026 0.2664253747358328 0.23682255532074029 0.34043242327356416
1.0134169850289656 0.14746589671592392 0.09374226148112635 0.12827888413206764 0.23682255532074029
1.2161003820347587 0.08223005393081259 0.049338032358487556 0.14801409707546268 0.1332126873679164
1.4187837790405518 0.04056682660586755 0.024669016179243778 0.07400704853773134 0.09374226148112635
1.6214671760463448 0.020283413302933775 0.0 0.05427183559433631 0.0444042291226388
1.824150573052138 0.014253209348007516 0.0 0.03947042588679005 0.03947042588679005
2.026833970057931 0.007674805033542508 0.0 0.024669016179243778 0.019735212943395024
2.2295173670637243 0.003837402516771254 0.0 0.009867606471697512 0.009867606471697512
2.4322007640695174 0.0 0.0 0.0 0.0
2.6348841610753104 0.0005482003595387506 0.0 0.0 0.004933803235848756
2.8375675580811035 0.0010964007190775013 0.0 0.004933803235848756 0.0
3.0402509550868966 0.0005482003595387506 0.0 0.0 0.0
3.2429343520926897 0.0010964007190775013 0.0 0.004933803235848756 0.0
3.4456177490984827 0.0010964007190775013 0.0 0.0 0.0
3.648301146104276 0.0010964007190775013 0.0 0.0 0.004933803235848756
3.850984543110069 0.002741001797693753 0.0 0.0 0.009867606471697512
4.053667940115862 0.004385602876310005 0.0 0.019735212943395024 0.004933803235848756
4.2563513371216555 0.006030203954926257 0.0 0.004933803235848756 0.029602819415092536
4.4590347341274486 0.014801409707546268 0.0 0.03947042588679005 0.0444042291226388
4.661718131133242 0.01809061186477877 0.0 0.05920563883018507 0.029602819415092536
4.864401528139035 0.04604883020125505 0.009867606471697512 0.11841127766037014 0.09867606471697511
5.067084925144828 0.07565164961634759 0.029602819415092536 0.15294790031131142 0.09374226148112635
5.269768322150621 0.14856229743500143 0.10854367118867261 0.1874845229622527 0.18255071972640394
5.472451719156414 0.24997936394967027 0.1874845229622527 0.40950566857544674 0.23682255532074029
5.675135116162207 0.36893884196957916 0.3157634070943204 0.4588437009339343 0.3651014394528079
5.877818513168 0.5328507494716656 0.5920563883018507 0.4539098976980855 0.4292408815188417
6.080501910173793 0.6397498195817221 0.7351366821414645 0.4933803235848756 0.5525859624150606
