0.0 0.694569855535597 0.809143730679196 0.47364511064148057 0.5673873721226069
0.2026833970057931 0.6435872220984933 0.7252690756697671 0.5821887818301531 0.5180493397641194
0.4053667940115862 0.5761585778752268 0.5525859624150606 0.5821887818301531 0.5279169462358169
0.6080501910173793 0.42375887792345424 0.43910848799053925 0.39470425886790045 0.33056481680186667
0.8107335880231724 0.2938353927127703 0.29602819415092535 0.3108296038584716 0.2664253747358328
1.0134169850289656 0.17103851217609017 0.1332126873679164 0.3009619973867741 0.1874845229622527
1.2161003820347587 0.09812786435743637 0.07400704853773134 0.19241832619810148 0.11347747442452137
1.4187837790405518 0.059753839189723816 0.049338032358487556 0.1578817035471602 0.0789408517735801
1.6214671760463448 0.027958218336476284 0.004933803235848756 0.06413944206603382 0.019735212943395024
1.824150573052138 0.012608608269391265 0.0 0.024669016179243778 0.03453662265094129
2.026833970057931 0.009867606471697512 0.0 0.019735212943395024 0.03947042588679005
2.2295173670637243 0.002741001797693753 0.0 0.0 0.014801409707546268
2.4322007640695174 0.002741001797693753 0.0 0.004933803235848756 0.009867606471697512
2.6348841610753104 0.0 0.0 0.0 0.0
2.8375675580811035 0.0 0.0 0.0 0.0
3.0402509550868966 0.0 0.0 0.0 0.0
3.2429343520926897 0.0005482003595387506 0.0 0.0 0.004933803235848756
3.4456177490984827 0.0 0.0 0.0 0.0
3.648301146104276 0.0 0.0 0.0 0.0
3.850984543110069 0.0005482003595387506 0.0 0.0 0.004933803235848756
4.053667940115862 0.0021928014381550026 0.0 0.009867606471697512 0.004933803235848756
4.2563513371216555 0.0032892021572325037 0.0 0.0 0.029602819415092536
4.4590347341274486 0.011512207550313763 0.0 0.024669016179243778 0.029602819415092536
4.661718131133242 0.02083161366247252 0.004933803235848756 0.029602819415092536 0.06907324530188258
4.864401528139035 0.030151019774631287 0.004933803235848756 0.0444042291226388 0.07400704853773134
5.067084925144828 0.06085023990880132 0.03947042588679005 0.1233450808962189 0.14801409707546268
5.269768322150621 0.12827888413206764 0.06907324530188258 0.1776169164905552 0.1578817035471602
5.472451719156414 0.21708734237734523 0.1874845229622527 0.2466901617924378 0.26149157149998403
5.675135116162207 0.33275761824002165 0.3108296038584716 0.3108296038584716 0.3552338329811104
5.877818513168 0.48515731819179425 0.5229831429999681 0.43910848799053925 0.46377750416978303
6.080501910173793 0.6238520091550982 0.7104676659622208 0.4193732750471443 0.6216592077169432
