0.0 0.6841540487043607 0.828878943622591 0.4884465203490268 0.5279169462358169
0.2026833970057931 0.6715454404349694 0.7746071080282546 0.5427183559433632 0.6857986497829771
0.4053667940115862 0.5471039588196731 0.5723211753584557 0.5525859624150606 0.43910848799053925
0.6080501910173793 0.3645532390932692 0.28122678444337906 0.38483665239620296 0.36016763621695913
0.8107335880231724 0.2423045589161278 0.22695494884904274 0.28616058767922786 0.2565577682641353
1.0134169850289656 0.1375982902442264 0.10360986795282387 0.21708734237734523 0.15294790031131142
1.2161003820347587 0.08223005393081259 0.07400704853773134 0.13814649060376516 0.12827888413206764
1.4187837790405518 0.04714523092033255 0.03453662265094129 0.09374226148112635 0.0789408517735801
1.6214671760463448 0.027958218336476284 0.014801409707546268 0.0888084582452776 0.03947042588679005
1.824150573052138 0.02137981402201127 0.0 0.07400704853773134 0.009867606471697512
2.026833970057931 0.010964007190775012 0.004933803235848756 0.029602819415092536 0.0
2.2295173670637243 0.006030203954926257 0.009867606471697512 0.019735212943395024 0.004933803235848756
2.4322007640695174 0.005482003595387506 0.0 0.014801409707546268 0.014801409707546268
2.6348841610753104 0.005482003595387506 0.004933803235848756 0.019735212943395024 0.004933803235848756
2.8375675580811035 0.0016446010786162518 0.0 0.0 0.0
3.0402509550868966 0.002741001797693753 0.004933803235848756 0.004933803235848756 0.0
3.2429343520926897 0.0021928014381550026 0.004933803235848756 0.004933803235848756 0.0
3.4456177490984827 0.004385602876310005 0.004933803235848756 0.0 0.009867606471697512
3.648301146104276 0.005482003595387506 0.004933803235848756 0.019735212943395024 0.0
3.850984543110069 0.0032892021572325037 0.004933803235848756 0.004933803235848756 0.004933803235848756
4.053667940115862 0.004385602876310005 0.004933803235848756 0.0 0.004933803235848756
4.2563513371216555 0.012060407909852513 0.0 0.009867606471697512 0.029602819415092536
4.4590347341274486 0.012608608269391265 0.009867606471697512 0.03453662265094129 0.029602819415092536
4.661718131133242 0.023572615460166275 0.009867606471697512 0.049338032358487556 0.03453662265094129
4.864401528139035 0.0422114276844838 0.014801409707546268 0.10854367118867261 0.05920563883018507
5.067084925144828 0.08058545285219633 0.03947042588679005 0.1332126873679164 0.1677493100188577
5.269768322150621 0.13705008988468764 0.11347747442452137 0.12827888413206764 0.21215353914149648
5.472451719156414 0.26258797221906155 0.21708734237734523 0.2762929812075303 0.32563101356601787
5.675135116162207 0.3623604376551142 0.32563101356601787 0.33056481680186667 0.4193732750471443
5.877818513168 0.49009112142764305 0.4884465203490268 0.37990284916035416 0.404571865339598
6.080501910173793 0.6326232149077181 0.7548718950848596 0.49831412682072435 0.5279169462358169
