0.0 0.6918288537379033 0.8683493695093809 0.5772549785943044 0.49831412682072435
0.2026833970057931 0.6298822131100246 0.6857986497829771 0.5279169462358169 0.5032479300565731
0.4053667940115862 0.4928321232253368 0.48351271711317806 0.40950566857544674 0.5131155365282706
0.6080501910173793 0.33988422291402537 0.3108296038584716 0.30589580062262284 0.40950566857544674
0.8107335880231724 0.22531034777042652 0.16281550678300893 0.24175635855658903 0.2466901617924378
1.0134169850289656 0.12005587873898638 0.05427183559433631 0.12827888413206764 0.26149157149998403
1.2161003820347587 0.05646463703249131 0.03947042588679005 0.1332126873679164 0.1332126873679164
1.4187837790405518 0.027958218336476284 0.019735212943395024 0.049338032358487556 0.05920563883018507
1.6214671760463448 0.00822300539308126 0.0 0.014801409707546268 0.019735212943395024
1.824150573052138 0.002741001797693753 0.0 0.004933803235848756 0.004933803235848756
2.026833970057931 0.0010964007190775013 0.0 0.004933803235848756 0.004933803235848756
2.2295173670637243 0.0005482003595387506 0.0 0.004933803235848756 0.0
2.4322007640695174 0.0010964007190775013 0.0 0.004933803235848756 0.004933803235848756
2.6348841610753104 0.0 0.0 0.0 0.0
2.8375675580811035 0.0 0.0 0.0 0.0
3.0402509550868966 0.0 0.0 0.0 0.0
3.2429343520926897 0.0 0.0 0.0 0.0
3.4456177490984827 0.0005482003595387506 0.0 0.0 0.0
3.648301146104276 0.0010964007190775013 0.0 0.004933803235848756 0.0
3.850984543110069 0.0021928014381550026 0.0 0.0 0.0
4.053667940115862 0.004933803235848756 0.009867606471697512 0.019735212943395024 0.004933803235848756
4.2563513371216555 0.00877120575262001 0.009867606471697512 0.014801409707546268 0.014801409707546268
4.4590347341274486 0.013156808628930015 0.009867606471697512 0.019735212943395024 0.029602819415092536
4.661718131133242 0.028506418696015032 0.0 0.05920563883018507 0.06413944206603382
4.864401528139035 0.04385602876310005 0.019735212943395024 0.0789408517735801 0.08387465500942885
5.067084925144828 0.10689907011005638 0.10854367118867261 0.13814649060376516 0.17268311325470645
5.269768322150621 0.16062270534485393 0.09867606471697511 0.26149157149998403 0.1874845229622527
5.472451719156414 0.27684118156706905 0.29109439091507655 0.34043242327356416 0.28122678444337906
5.675135116162207 0.433078284035613 0.3651014394528079 0.4292408815188417 0.404571865339598
5.877818513168 0.5646463703249132 0.5920563883018507 0.606857798009397 0.4785789138773293
6.080501910173793 0.6907324530188258 0.8042099274433472 0.5525859624150606 0.5525859624150606
