0.0 0.11667929739731127 0.1260507149287811 0.1680676199050415 0.07878169683048819
0.5711986642890533 0.1385116107673289 0.13830564554685706 0.15756339366097638 0.1470591674169113
1.1423973285781066 0.20277275955455065 0.243347907987508 0.20308170738525846 0.1943281855152042
1.7135959928671598 0.25869231691266187 0.30112115232986597 0.18207325489712825 0.23459438611745376
2.284794657156213 0.2510716037552029 0.2293422729954212 0.20133100301124762 0.25385213423157305
2.8559933214452666 0.19927135080652897 0.15931409803498722 0.22058875112536694 0.2486000211095405
3.4271919857343196 0.15251724575941572 0.11379578431070517 0.15931409803498722 0.15406198491295467
3.998390650023373 0.11029437556268347 0.09103662744856413 0.11029437556268347 0.1435577586688896
4.569589314312426 0.0979364623343716 0.1400563499208679 0.08053240120449905 0.12780141930279196
5.140787978601479 0.10586612332253838 0.11554648868471602 0.10329155806664007 0.08928592307455328
5.711986642890533 0.11709122783825501 0.09278733182257498 0.16456621115701978 0.07878169683048819
