0.0 0.22820946428282593 0.16631691553103062 0.2328436817434429 0.25035072548355136
0.5711986642890533 0.24561352541269849 0.243347907987508 0.24509861236151884 0.26085495172761647
1.1423973285781066 0.2168813771568734 0.22058875112536694 0.18907607239317167 0.2328436817434429
1.7135959928671598 0.15200233270823604 0.1400563499208679 0.18207325489712825 0.15931409803498722
2.284794657156213 0.12924317584609502 0.12079860180674858 0.1400563499208679 0.09979014931861838
2.8559933214452666 0.10020207975956211 0.10504226244065092 0.1295521236768028 0.11904789743273772
3.4271919857343196 0.09556786229894515 0.07528028808246649 0.12079860180674858 0.10679296681466177
3.998390650023373 0.11276595820834584 0.12079860180674858 0.10679296681466177 0.10154085369262923
4.569589314312426 0.12780141930279196 0.19082677676718252 0.12254930618075942 0.09278733182257498
5.140787978601479 0.15591567189720146 0.17857184614910657 0.10679296681466177 0.12430001055477025
5.711986642890533 0.18650150713727337 0.18907607239317167 0.17507043740108488 0.20308170738525846
