0.0 0.06364325312580615 0.03501408748021698 0.0717788793344448 0.11554648868471602
0.5711986642890533 0.0877411839210143 0.06127465309037971 0.07528028808246649 0.1680676199050415
1.1423973285781066 0.12368211489335466 0.15406198491295467 0.08578451432653159 0.14530846304290046
1.7135959928671598 0.1943281855152042 0.2293422729954212 0.11729719305872688 0.2048324117592693
2.284794657156213 0.25889828213313376 0.27486058671970326 0.15931409803498722 0.28886622171179005
2.8559933214452666 0.2754784823811188 0.2818634042157466 0.24684931673552965 0.25035072548355136
3.4271919857343196 0.26209074305044766 0.25035072548355136 0.2836141085897575 0.1680676199050415
3.998390650023373 0.1866044897475093 0.1873253680191608 0.2626056561016273 0.12780141930279196
4.569589314312426 0.130787914999634 0.15056057616493299 0.19958029863723675 0.09803944494460753
5.140787978601479 0.09680365362177634 0.09803944494460753 0.15056057616493299 0.07352958370845565
5.711986642890533 0.07064607062184955 0.02801126998417358 0.09803944494460753 0.11029437556268347
