0.0 0.22388419465291678 0.2363450904914646 0.26085495172761647 0.14880987179092214
0.5711986642890533 0.14685320219643944 0.1470591674169113 0.22058875112536694 0.15931409803498722
1.1423973285781066 0.10504226244065092 0.08228310557850989 0.12430001055477025 0.13130282805081364
1.7135959928671598 0.09721558406272007 0.07528028808246649 0.11379578431070517 0.08753521870054244
2.284794657156213 0.09361119270446244 0.08578451432653159 0.08928592307455328 0.11379578431070517
2.8559933214452666 0.11153016688551466 0.10154085369262923 0.10154085369262923 0.1435577586688896
3.4271919857343196 0.1339803759169479 0.12079860180674858 0.12254930618075942 0.2188380467513561
3.998390650023373 0.16518410681843537 0.16456621115701978 0.11729719305872688 0.18382395927113912
4.569589314312426 0.20009521168841643 0.208333820507291 0.1435577586688896 0.22058875112536694
5.140787978601479 0.2267677077395229 0.2871155173377792 0.21008452488130183 0.17507043740108488
5.711986642890533 0.24654036890482187 0.24159720361349715 0.24684931673552965 0.1680676199050415
