0.0 0.2034936378262022 0.2556028386055839 0.17156902865306317 0.16281550678300893
0.5711986642890533 0.16168269807041366 0.13480423679883535 0.19958029863723675 0.1365549411728462
1.1423973285781066 0.1515904022672923 0.16281550678300893 0.1803225505231174 0.12254930618075942
1.7135959928671598 0.149015837011394 0.1803225505231174 0.1435577586688896 0.10154085369262923
2.284794657156213 0.12841931496420755 0.13130282805081364 0.16281550678300893 0.08403380995252074
2.8559933214452666 0.11564947129495196 0.10329155806664007 0.1260507149287811 0.14530846304290046
3.4271919857343196 0.132332654153173 0.07878169683048819 0.11379578431070517 0.15756339366097638
3.998390650023373 0.14046828036181164 0.1365549411728462 0.11029437556268347 0.19257748114119336
4.569589314312426 0.15354707186177502 0.15756339366097638 0.15406198491295467 0.21533663800333439
5.140787978601479 0.18588361147585775 0.16631691553103062 0.17682114177509572 0.243347907987508
5.711986642890533 0.22862139472376966 0.243347907987508 0.2118352292553127 0.18907607239317167
