0.0 0.2583833690819541 0.26085495172761647 0.24159720361349715 0.20308170738525846
0.5711986642890533 0.24303896015680018 0.22409015987338865 0.25385213423157305 0.25385213423157305
1.1423973285781066 0.21389488146003133 0.16456621115701978 0.22409015987338865 0.2118352292553127
1.7135959928671598 0.17053920255070384 0.18207325489712825 0.18557466364514996 0.18382395927113912
2.284794657156213 0.12100456702722043 0.12780141930279196 0.1330535324248245 0.13480423679883535
2.8559933214452666 0.06879238363760276 0.050770426846314616 0.11379578431070517 0.07878169683048819
3.4271919857343196 0.044591470232158675 0.024509861236151884 0.07703099245647733 0.054271835594336314
3.998390650023373 0.06333430529509836 0.03326338310620613 0.09803944494460753 0.10854367118867263
4.569589314312426 0.12141649746816416 0.15756339366097638 0.08753521870054244 0.12430001055477025
5.140787978601479 0.19947731602700083 0.22409015987338865 0.15406198491295467 0.19607888988921507
5.711986642890533 0.24623142107411405 0.30112115232986597 0.18207325489712825 0.20133100301124762
