0.0 0.142939863007474 0.12254930618075942 0.18557466364514996 0.15406198491295467
0.5711986642890533 0.13377441069647605 0.11379578431070517 0.16981832427905233 0.1400563499208679
1.1423973285781066 0.1419100369051147 0.13830564554685706 0.14180705429487875 0.1365549411728462
1.7135959928671598 0.1560186545074374 0.19257748114119336 0.14530846304290046 0.1610648024089981
2.284794657156213 0.17167201126329912 0.1873253680191608 0.12780141930279196 0.20308170738525846
2.8559933214452666 0.20009521168841643 0.16981832427905233 0.15931409803498722 0.18557466364514996
3.4271919857343196 0.1805285157435893 0.20658311613328015 0.1943281855152042 0.16981832427905233
3.998390650023373 0.1866044897475093 0.17331973302707404 0.18382395927113912 0.18907607239317167
4.569589314312426 0.1770271069955676 0.16281550678300893 0.16281550678300893 0.15406198491295467
5.140787978601479 0.14026231514133977 0.14530846304290046 0.1295521236768028 0.1330535324248245
5.711986642890533 0.11987175831462517 0.13830564554685706 0.15056057616493299 0.12430001055477025
