0.0 0.1859865940860937 0.22233945549937778 0.19257748114119336 0.16281550678300893
0.5711986642890533 0.1634334024444245 0.2118352292553127 0.1295521236768028 0.15231128053894383
1.1423973285781066 0.16405129810584013 0.15581268928696554 0.13130282805081364 0.1943281855152042
1.7135959928671598 0.1489128544011581 0.1365549411728462 0.09278733182257498 0.1943281855152042
2.284794657156213 0.12625668014925298 0.13480423679883535 0.11204507993669433 0.13480423679883535
2.8559933214452666 0.11915088004297365 0.09453803619658584 0.15056057616493299 0.14180705429487875
3.4271919857343196 0.1345982715783635 0.10854367118867263 0.1435577586688896 0.15581268928696554
3.998390650023373 0.156636550168853 0.15581268928696554 0.1943281855152042 0.15931409803498722
4.569589314312426 0.17095113299164758 0.1470591674169113 0.2188380467513561 0.11729719305872688
5.140787978601479 0.18567764625538588 0.18557466364514996 0.20133100301124762 0.14880987179092214
5.711986642890533 0.19504906378685574 0.1978295942632259 0.18382395927113912 0.18907607239317167
