0.0 0.12635966275948893 0.10504226244065092 0.11729719305872688 0.16456621115701978
0.5711986642890533 0.10586612332253838 0.10854367118867263 0.09103662744856413 0.11554648868471602
1.1423973285781066 0.0848576708344082 0.12079860180674858 0.08053240120449905 0.11729719305872688
1.7135959928671598 0.08413679256275668 0.09453803619658584 0.06652676621241226 0.08928592307455328
2.284794657156213 0.0749713402517587 0.06302535746439054 0.08228310557850989 0.11379578431070517
2.8559933214452666 0.09927523626743871 0.07002817496043395 0.10504226244065092 0.1470591674169113
3.4271919857343196 0.17342271563730996 0.1680676199050415 0.15231128053894383 0.16456621115701978
3.998390650023373 0.2505566907040232 0.3028718567038768 0.23109297736943205 0.19257748114119336
4.569589314312426 0.29689886531019277 0.29937044795585516 0.3063732654518985 0.19257748114119336
5.140787978601479 0.26209074305044766 0.266107064849649 0.3116253785739311 0.23809579486547544
5.711986642890533 0.19226853331048557 0.15231128053894383 0.20658311613328015 0.21533663800333439
