0.0 0.18227922011760012 0.21358593362932354 0.16631691553103062 0.15406198491295467
0.5711986642890533 0.14747109785785503 0.15231128053894383 0.11029437556268347 0.1365549411728462
1.1423973285781066 0.13264160198388078 0.13480423679883535 0.1400563499208679 0.13130282805081364
1.7135959928671598 0.13295054981458856 0.13480423679883535 0.14880987179092214 0.13130282805081364
2.284794657156213 0.12141649746816416 0.12079860180674858 0.16281550678300893 0.09628874057059668
2.8559933214452666 0.1199747409248611 0.09803944494460753 0.16456621115701978 0.14530846304290046
3.4271919857343196 0.14880987179092214 0.10329155806664007 0.1610648024089981 0.15581268928696554
3.998390650023373 0.18361799405066725 0.1470591674169113 0.16281550678300893 0.22759156862141033
4.569589314312426 0.20081608996006794 0.23459438611745376 0.15581268928696554 0.208333820507291
5.140787978601479 0.20019819429865235 0.23809579486547544 0.17857184614910657 0.19607888988921507
5.711986642890533 0.1805285157435893 0.17331973302707404 0.19958029863723675 0.1680676199050415
